0.000000	0.103715	570000.000000
0.104167	0.103605	570200.000000
0.208333	0.104135	570400.000000
0.312500	0.103172	570600.000000
0.416667	0.103379	570800.000000
0.520833	0.103221	571000.000000
0.625000	0.104070	571200.000000
0.729167	0.103616	571400.000000
0.833333	0.104141	571600.000000
0.937500	0.103695	571800.000000
1.041667	0.103167	572000.000000
1.145833	0.103311	572200.000000
1.250000	0.104088	572400.000000
1.354167	0.104067	572600.000000
1.458333	0.104085	572800.000000
1.562500	0.103877	573000.000000
1.666667	0.104110	573200.000000
1.770833	0.104977	573400.000000
1.875000	0.104728	573600.000000
1.979167	0.104462	573800.000000
2.083333	0.105139	574000.000000
2.187500	0.103628	574200.000000
2.291667	0.103495	574400.000000
2.395833	0.104252	574600.000000
2.500000	0.104706	574800.000000
2.604167	0.103136	575000.000000
2.708333	0.103787	575200.000000
2.812500	0.104029	575400.000000
2.916667	0.104403	575600.000000
3.020833	0.103747	575800.000000
3.125000	0.103382	576000.000000
3.229167	0.104096	576200.000000
3.333333	0.104229	576400.000000
3.437500	0.104373	576600.000000
3.541667	0.103163	576800.000000
3.645833	0.103451	577000.000000
3.750000	0.103854	577200.000000
3.854167	0.103755	577400.000000
3.958333	0.103345	577600.000000
4.062500	0.104384	577800.000000
4.166667	0.104460	578000.000000
4.270833	0.104559	578200.000000
4.375000	0.103713	578400.000000
4.479167	0.104025	578600.000000
4.583333	0.104366	578800.000000
4.687500	0.104438	579000.000000
4.791667	0.104734	579200.000000
4.895833	0.103888	579400.000000
5.000000	0.104185	579600.000000
5.104167	0.103759	579800.000000
5.208333	0.103838	580000.000000
5.312500	0.103332	580200.000000
5.416667	0.103556	580400.000000
5.520833	0.103882	580600.000000
5.625000	0.103543	580800.000000
5.729167	0.103861	581000.000000
5.833333	0.103905	581200.000000
5.937500	0.104412	581400.000000
6.041667	0.104914	581600.000000
6.145833	0.104499	581800.000000
6.250000	0.104547	582000.000000
6.354167	0.104380	582200.000000
6.458333	0.104421	582400.000000
6.562500	0.104474	582600.000000
6.666667	0.103867	582800.000000
6.770833	0.103724	583000.000000
6.875000	0.103912	583200.000000
6.979167	0.104873	583400.000000
7.083333	0.103806	583600.000000
7.187500	0.103626	583800.000000
7.291667	0.104929	584000.000000
7.395833	0.104368	584200.000000
7.500000	0.104344	584400.000000
7.604167	0.104910	584600.000000
7.708333	0.104277	584800.000000
7.812500	0.103459	585000.000000
7.916667	0.103612	585200.000000
8.020833	0.103999	585400.000000
8.125000	0.104297	585600.000000
8.229167	0.103979	585800.000000
8.333333	0.104716	586000.000000
8.437500	0.103261	586200.000000
8.541667	0.104544	586400.000000
8.645833	0.103880	586600.000000
8.750000	0.104538	586800.000000
8.854167	0.104086	587000.000000
8.958333	0.104773	587200.000000
9.062500	0.104573	587400.000000
9.166667	0.104634	587600.000000
9.270833	0.104067	587800.000000
9.375000	0.103944	588000.000000
9.479167	0.103793	588200.000000
9.583333	0.104397	588400.000000
9.687500	0.103949	588600.000000
9.791667	0.104184	588800.000000
9.895833	0.104868	589000.000000
10.000000	0.105059	589200.000000
10.104167	0.105105	589400.000000
10.208333	0.104613	589600.000000
10.312500	0.104644	589800.000000
10.416667	0.103787	590000.000000
10.520833	0.104437	590200.000000
10.625000	0.104127	590400.000000
10.729167	0.103167	590600.000000
10.833333	0.103095	590800.000000
10.937500	0.104263	591000.000000
11.041667	0.104433	591200.000000
11.145833	0.104321	591400.000000
11.250000	0.103615	591600.000000
11.354167	0.103658	591800.000000
11.458333	0.103641	592000.000000
11.562500	0.103809	592200.000000
11.666667	0.103647	592400.000000
11.770833	0.104142	592600.000000
11.875000	0.103956	592800.000000
11.979167	0.103755	593000.000000
12.083333	0.103253	593200.000000
12.187500	0.104035	593400.000000
12.291667	0.103635	593600.000000
12.395833	0.103329	593800.000000
12.500000	0.102620	594000.000000
12.604167	0.101956	594200.000000
12.708333	0.101921	594400.000000
12.812500	0.102248	594600.000000
12.916667	0.102027	594800.000000
13.020833	0.102758	595000.000000
13.125000	0.102056	595200.000000
13.229167	0.102795	595400.000000
13.333333	0.102209	595600.000000
13.437500	0.103710	595800.000000
13.541667	0.106634	596000.000000
13.645833	0.112077	596200.000000
13.750000	0.123402	596400.000000
13.854167	0.137055	596600.000000
13.958333	0.147784	596800.000000
14.062500	0.144936	597000.000000
14.166667	0.125222	597200.000000
14.270833	0.095654	597400.000000
14.375000	0.072437	597600.000000
14.479167	0.065129	597800.000000
14.583333	0.071075	598000.000000
14.687500	0.081480	598200.000000
14.791667	0.094403	598400.000000
14.895833	0.102442	598600.000000
15.000000	0.106523	598800.000000
15.104167	0.107069	599000.000000
15.208333	0.105942	599200.000000
15.312500	0.104473	599400.000000
15.416667	0.102794	599600.000000
15.520833	0.102123	599800.000000
15.625000	0.101243	600000.000000
15.729167	0.099834	600200.000000
15.833333	0.100792	600400.000000
15.937500	0.103320	600600.000000
16.041667	0.107364	600800.000000
16.145833	0.109865	601000.000000
16.250000	0.108777	601200.000000
16.354167	0.106129	601400.000000
16.458333	0.103886	601600.000000
16.562500	0.103148	601800.000000
16.666667	0.103610	602000.000000
16.770833	0.105139	602200.000000
16.875000	0.105225	602400.000000
16.979167	0.105562	602600.000000
17.083333	0.106298	602800.000000
17.187500	0.107381	603000.000000
17.291667	0.106259	603200.000000
17.395833	0.104676	603400.000000
17.500000	0.102630	603600.000000
17.604167	0.102427	603800.000000
17.708333	0.102499	604000.000000
17.812500	0.104893	604200.000000
17.916667	0.106502	604400.000000
18.020833	0.107987	604600.000000
18.125000	0.105120	604800.000000
18.229167	0.102923	605000.000000
18.333333	0.103267	605200.000000
18.437500	0.104367	605400.000000
18.541667	0.105107	605600.000000
18.645833	0.105587	605800.000000
18.750000	0.104403	606000.000000
18.854167	0.103999	606200.000000
18.958333	0.102775	606400.000000
19.062500	0.102742	606600.000000
19.166667	0.102847	606800.000000
19.270833	0.103188	607000.000000
19.375000	0.102279	607200.000000
19.479167	0.102395	607400.000000
19.583333	0.103637	607600.000000
19.687500	0.105564	607800.000000
19.791667	0.105522	608000.000000
19.895833	0.104810	608200.000000
20.000000	0.104859	608400.000000
20.104167	0.104753	608600.000000
20.208333	0.104235	608800.000000
20.312500	0.104452	609000.000000
20.416667	0.103373	609200.000000
20.520833	0.103233	609400.000000
20.625000	0.103724	609600.000000
20.729167	0.103886	609800.000000
20.833333	0.104400	610000.000000
20.937500	0.104991	610200.000000
21.041667	0.103535	610400.000000
21.145833	0.103365	610600.000000
21.250000	0.103352	610800.000000
21.354167	0.103853	611000.000000
21.458333	0.104529	611200.000000
21.562500	0.105270	611400.000000
21.666667	0.104749	611600.000000
21.770833	0.103368	611800.000000
21.875000	0.104328	612000.000000
21.979167	0.104147	612200.000000
22.083333	0.103476	612400.000000
22.187500	0.104111	612600.000000
22.291667	0.103574	612800.000000
22.395833	0.103526	613000.000000
22.500000	0.103281	613200.000000
22.604167	0.103730	613400.000000
22.708333	0.104363	613600.000000
22.812500	0.104040	613800.000000
22.916667	0.103007	614000.000000
23.020833	0.102590	614200.000000
23.125000	0.102711	614400.000000
23.229167	0.103130	614600.000000
23.333333	0.102906	614800.000000
23.437500	0.104760	615000.000000
23.541667	0.105491	615200.000000
23.645833	0.104762	615400.000000
23.750000	0.103902	615600.000000
23.854167	0.103672	615800.000000
23.958333	0.104077	616000.000000
24.062500	0.102671	616200.000000
24.166667	0.102544	616400.000000
24.270833	0.103029	616600.000000
24.375000	0.103873	616800.000000
24.479167	0.104328	617000.000000
24.583333	0.103801	617200.000000
24.687500	0.103520	617400.000000
24.791667	0.104274	617600.000000
24.895833	0.103761	617800.000000
25.000000	0.103370	618000.000000
25.104167	0.104629	618200.000000
25.208333	0.105316	618400.000000
25.312500	0.105063	618600.000000
25.416667	0.105095	618800.000000
25.520833	0.106441	619000.000000
25.625000	0.105920	619200.000000
25.729167	0.105449	619400.000000
25.833333	0.104751	619600.000000
25.937500	0.103177	619800.000000
26.041667	0.103011	620000.000000
26.145833	0.102737	620200.000000
26.250000	0.103327	620400.000000
26.354167	0.105014	620600.000000
26.458333	0.105944	620800.000000
26.562500	0.105571	621000.000000
26.666667	0.103410	621200.000000
26.770833	0.102437	621400.000000
26.875000	0.102285	621600.000000
26.979167	0.103120	621800.000000
27.083333	0.104722	622000.000000
27.187500	0.105230	622200.000000
27.291667	0.105169	622400.000000
27.395833	0.105267	622600.000000
27.500000	0.105011	622800.000000
27.604167	0.104233	623000.000000
27.708333	0.104207	623200.000000
27.812500	0.103338	623400.000000
27.916667	0.103202	623600.000000
28.020833	0.104424	623800.000000
28.125000	0.105303	624000.000000
28.229167	0.105540	624200.000000
28.333333	0.104694	624400.000000
28.437500	0.103217	624600.000000
28.541667	0.102568	624800.000000
28.645833	0.103364	625000.000000
28.750000	0.105135	625200.000000
28.854167	0.105213	625400.000000
28.958333	0.105650	625600.000000
29.062500	0.105412	625800.000000
29.166667	0.106172	626000.000000
29.270833	0.105402	626200.000000
29.375000	0.104410	626400.000000
29.479167	0.103331	626600.000000
29.583333	0.102339	626800.000000
29.687500	0.101981	627000.000000
29.791667	0.104042	627200.000000
29.895833	0.105399	627400.000000
30.000000	0.106070	627600.000000
30.104167	0.104838	627800.000000
30.208333	0.103219	628000.000000
30.312500	0.102539	628200.000000
30.416667	0.102677	628400.000000
30.520833	0.104659	628600.000000
30.625000	0.106512	628800.000000
30.729167	0.105975	629000.000000
30.833333	0.105322	629200.000000
30.937500	0.105001	629400.000000
31.041667	0.105064	629600.000000
31.145833	0.103572	629800.000000
31.250000	0.102209	630000.000000
31.354167	0.103531	630200.000000
31.458333	0.104682	630400.000000
31.562500	0.105241	630600.000000
31.666667	0.105508	630800.000000
31.770833	0.105552	631000.000000
31.875000	0.105288	631200.000000
31.979167	0.103698	631400.000000
32.083333	0.102817	631600.000000
32.187500	0.102782	631800.000000
32.291667	0.103260	632000.000000
32.395833	0.104233	632200.000000
32.500000	0.105005	632400.000000
32.604167	0.105367	632600.000000
32.708333	0.105381	632800.000000
32.812500	0.103809	633000.000000
32.916667	0.104277	633200.000000
33.020833	0.103988	633400.000000
33.125000	0.103704	633600.000000
33.229167	0.104070	633800.000000
33.333333	0.104350	634000.000000
33.437500	0.104961	634200.000000
33.541667	0.104961	634400.000000
33.645833	0.104264	634600.000000
33.750000	0.102226	634800.000000
33.854167	0.101819	635000.000000
33.958333	0.103101	635200.000000
34.062500	0.104275	635400.000000
34.166667	0.105240	635600.000000
34.270833	0.105373	635800.000000
34.375000	0.104945	636000.000000
34.479167	0.104832	636200.000000
34.583333	0.104041	636400.000000
34.687500	0.103675	636600.000000
34.791667	0.103426	636800.000000
34.895833	0.103549	637000.000000
35.000000	0.103674	637200.000000
35.104167	0.104310	637400.000000
35.208333	0.104147	637600.000000
35.312500	0.104757	637800.000000
35.416667	0.105028	638000.000000
35.520833	0.105150	638200.000000
35.625000	0.104958	638400.000000
35.729167	0.104736	638600.000000
35.833333	0.105988	638800.000000
35.937500	0.105483	639000.000000
36.041667	0.103617	639200.000000
36.145833	0.104881	639400.000000
36.250000	0.104254	639600.000000
36.354167	0.104335	639800.000000
36.458333	0.105138	640000.000000
36.562500	0.104892	640200.000000
36.666667	0.104825	640400.000000
36.770833	0.104769	640600.000000
36.875000	0.105028	640800.000000
36.979167	0.104181	641000.000000
37.083333	0.104117	641200.000000
37.187500	0.103870	641400.000000
37.291667	0.104192	641600.000000
37.395833	0.104372	641800.000000
37.500000	0.103403	642000.000000
37.604167	0.103710	642200.000000
37.708333	0.105377	642400.000000
37.812500	0.105249	642600.000000
37.916667	0.104173	642800.000000
38.020833	0.103918	643000.000000
38.125000	0.103982	643200.000000
38.229167	0.104387	643400.000000
38.333333	0.105388	643600.000000
38.437500	0.104828	643800.000000
38.541667	0.105089	644000.000000
38.645833	0.104160	644200.000000
38.750000	0.104053	644400.000000
38.854167	0.104002	644600.000000
38.958333	0.103953	644800.000000
39.062500	0.104027	645000.000000
39.166667	0.104132	645200.000000
39.270833	0.104654	645400.000000
39.375000	0.105414	645600.000000
39.479167	0.105148	645800.000000
39.583333	0.103809	646000.000000
39.687500	0.104822	646200.000000
39.791667	0.105208	646400.000000
39.895833	0.106078	646600.000000
40.000000	0.105585	646800.000000
40.104167	0.104761	647000.000000
40.208333	0.105014	647200.000000
40.312500	0.104210	647400.000000
40.416667	0.104790	647600.000000
40.520833	0.104814	647800.000000
40.625000	0.105024	648000.000000
40.729167	0.105739	648200.000000
40.833333	0.104374	648400.000000
40.937500	0.105158	648600.000000
41.041667	0.106450	648800.000000
41.145833	0.106596	649000.000000
41.250000	0.104879	649200.000000
41.354167	0.103968	649400.000000
41.458333	0.103488	649600.000000
41.562500	0.103576	649800.000000
41.666667	0.104748	650000.000000
41.770833	0.105131	650200.000000
41.875000	0.105137	650400.000000
41.979167	0.104700	650600.000000
42.083333	0.105053	650800.000000
42.187500	0.104243	651000.000000
42.291667	0.103482	651200.000000
42.395833	0.104166	651400.000000
42.500000	0.104132	651600.000000
42.604167	0.105466	651800.000000
42.708333	0.105002	652000.000000
42.812500	0.105202	652200.000000
42.916667	0.105921	652400.000000
43.020833	0.103652	652600.000000
43.125000	0.104279	652800.000000
43.229167	0.104625	653000.000000
43.333333	0.105171	653200.000000
43.437500	0.105795	653400.000000
43.541667	0.105970	653600.000000
43.645833	0.105953	653800.000000
43.750000	0.105759	654000.000000
43.854167	0.105020	654200.000000
43.958333	0.106090	654400.000000
44.062500	0.103934	654600.000000
44.166667	0.104520	654800.000000
44.270833	0.104715	655000.000000
44.375000	0.104775	655200.000000
44.479167	0.104767	655400.000000
44.583333	0.104426	655600.000000
44.687500	0.104766	655800.000000
44.791667	0.104192	656000.000000
44.895833	0.104392	656200.000000
45.000000	0.104317	656400.000000
45.104167	0.104987	656600.000000
45.208333	0.105299	656800.000000
45.312500	0.105178	657000.000000
45.416667	0.105011	657200.000000
45.520833	0.104976	657400.000000
45.625000	0.104112	657600.000000
45.729167	0.103059	657800.000000
45.833333	0.103446	658000.000000
45.937500	0.104429	658200.000000
46.041667	0.104178	658400.000000
46.145833	0.105326	658600.000000
46.250000	0.105390	658800.000000
46.354167	0.105051	659000.000000
46.458333	0.104846	659200.000000
46.562500	0.104912	659400.000000
46.666667	0.104229	659600.000000
46.770833	0.104914	659800.000000
46.875000	0.105379	660000.000000
46.979167	0.104841	660200.000000
47.083333	0.104562	660400.000000
47.187500	0.105195	660600.000000
47.291667	0.103768	660800.000000
47.395833	0.104841	661000.000000
47.500000	0.104948	661200.000000
47.604167	0.104921	661400.000000
47.708333	0.104407	661600.000000
47.812500	0.104028	661800.000000
47.916667	0.103768	662000.000000
48.020833	0.104092	662200.000000
48.125000	0.104347	662400.000000
48.229167	0.104909	662600.000000
48.333333	0.104878	662800.000000
48.437500	0.104682	663000.000000
48.541667	0.105018	663200.000000
48.645833	0.104773	663400.000000
48.750000	0.103980	663600.000000
48.854167	0.104393	663800.000000
48.958333	0.104945	664000.000000
49.062500	0.105297	664200.000000
49.166667	0.106065	664400.000000
49.270833	0.104996	664600.000000
49.375000	0.104720	664800.000000
49.479167	0.104223	665000.000000
49.583333	0.103780	665200.000000
49.687500	0.103786	665400.000000
49.791667	0.104153	665600.000000
49.895833	0.104357	665800.000000
50.000000	0.105104	666000.000000
50.104167	0.105255	666200.000000
50.208333	0.104795	666400.000000
50.312500	0.104475	666600.000000
50.416667	0.105177	666800.000000
50.520833	0.104737	667000.000000
50.625000	0.105252	667200.000000
50.729167	0.105187	667400.000000
50.833333	0.104627	667600.000000
50.937500	0.104666	667800.000000
51.041667	0.104268	668000.000000
51.145833	0.104752	668200.000000
51.250000	0.104869	668400.000000
51.354167	0.103788	668600.000000
51.458333	0.104380	668800.000000
51.562500	0.104047	669000.000000
51.666667	0.104693	669200.000000
51.770833	0.105313	669400.000000
51.875000	0.105704	669600.000000
51.979167	0.105152	669800.000000
52.083333	0.105071	670000.000000
52.187500	0.104882	670200.000000
52.291667	0.105019	670400.000000
52.395833	0.104824	670600.000000
52.500000	0.104964	670800.000000
52.604167	0.104748	671000.000000
52.708333	0.105350	671200.000000
52.812500	0.104750	671400.000000
52.916667	0.104418	671600.000000
53.020833	0.103730	671800.000000
53.125000	0.104368	672000.000000
53.229167	0.104308	672200.000000
53.333333	0.104801	672400.000000
53.437500	0.104372	672600.000000
53.541667	0.103682	672800.000000
53.645833	0.104493	673000.000000
53.750000	0.105065	673200.000000
53.854167	0.105374	673400.000000
53.958333	0.105833	673600.000000
54.062500	0.105085	673800.000000
54.166667	0.104865	674000.000000
54.270833	0.105123	674200.000000
54.375000	0.104684	674400.000000
54.479167	0.104161	674600.000000
54.583333	0.104932	674800.000000
54.687500	0.105165	675000.000000
54.791667	0.104664	675200.000000
54.895833	0.105025	675400.000000
55.000000	0.104516	675600.000000
55.104167	0.103866	675800.000000
55.208333	0.103431	676000.000000
55.312500	0.104024	676200.000000
55.416667	0.103743	676400.000000
55.520833	0.104499	676600.000000
55.625000	0.105313	676800.000000
55.729167	0.104595	677000.000000
55.833333	0.103972	677200.000000
55.937500	0.104351	677400.000000
56.041667	0.104240	677600.000000
56.145833	0.104205	677800.000000
56.250000	0.104272	678000.000000
56.354167	0.103862	678200.000000
56.458333	0.104514	678400.000000
56.562500	0.104408	678600.000000
56.666667	0.104588	678800.000000
56.770833	0.104170	679000.000000
56.875000	0.103191	679200.000000
56.979167	0.104335	679400.000000
57.083333	0.103702	679600.000000
57.187500	0.104621	679800.000000
57.291667	0.105740	680000.000000
57.395833	0.104945	680200.000000
57.500000	0.105123	680400.000000
57.604167	0.104762	680600.000000
57.708333	0.103581	680800.000000
57.812500	0.104328	681000.000000
57.916667	0.104252	681200.000000
58.020833	0.104423	681400.000000
58.125000	0.105424	681600.000000
58.229167	0.105250	681800.000000
58.333333	0.105196	682000.000000
58.437500	0.104979	682200.000000
58.541667	0.104278	682400.000000
58.645833	0.103490	682600.000000
58.750000	0.102926	682800.000000
58.854167	0.104582	683000.000000
58.958333	0.105744	683200.000000
59.062500	0.105704	683400.000000
59.166667	0.105234	683600.000000
59.270833	0.104976	683800.000000
59.375000	0.104179	684000.000000
59.479167	0.104247	684200.000000
59.583333	0.103872	684400.000000
59.687500	0.105117	684600.000000
59.791667	0.105400	684800.000000
59.895833	0.105049	685000.000000
60.000000	0.104635	685200.000000
60.104167	0.104768	685400.000000
60.208333	0.104646	685600.000000
60.312500	0.104129	685800.000000
60.416667	0.103740	686000.000000
60.520833	0.104008	686200.000000
60.625000	0.103885	686400.000000
60.729167	0.104961	686600.000000
60.833333	0.105093	686800.000000
60.937500	0.105074	687000.000000
61.041667	0.105234	687200.000000
61.145833	0.104499	687400.000000
61.250000	0.104624	687600.000000
61.354167	0.104372	687800.000000
61.458333	0.105042	688000.000000
61.562500	0.104092	688200.000000
61.666667	0.104365	688400.000000
61.770833	0.104237	688600.000000
61.875000	0.104481	688800.000000
61.979167	0.104503	689000.000000
62.083333	0.104163	689200.000000
62.187500	0.104362	689400.000000
62.291667	0.104427	689600.000000
62.395833	0.104745	689800.000000
62.500000	0.104171	690000.000000
62.604167	0.104540	690200.000000
62.708333	0.105278	690400.000000
62.812500	0.105117	690600.000000
62.916667	0.105014	690800.000000
63.020833	0.105770	691000.000000
63.125000	0.105239	691200.000000
63.229167	0.105481	691400.000000
63.333333	0.105444	691600.000000
63.437500	0.104849	691800.000000
63.541667	0.105187	692000.000000
63.645833	0.104605	692200.000000
63.750000	0.104973	692400.000000
63.854167	0.105240	692600.000000
63.958333	0.105753	692800.000000
64.062500	0.105294	693000.000000
64.166667	0.103961	693200.000000
64.270833	0.103243	693400.000000
64.375000	0.103334	693600.000000
64.479167	0.103941	693800.000000
64.583333	0.102930	694000.000000
64.687500	0.103729	694200.000000
64.791667	0.104013	694400.000000
64.895833	0.103162	694600.000000
65.000000	0.104149	694800.000000
65.104167	0.102813	695000.000000
65.208333	0.102395	695200.000000
65.312500	0.102992	695400.000000
65.416667	0.102760	695600.000000
65.520833	0.102940	695800.000000
65.625000	0.103591	696000.000000
65.729167	0.103298	696200.000000
65.833333	0.102790	696400.000000
65.937500	0.103135	696600.000000
66.041667	0.103498	696800.000000
66.145833	0.102790	697000.000000
66.250000	0.104083	697200.000000
66.354167	0.104680	697400.000000
66.458333	0.104299	697600.000000
66.562500	0.104415	697800.000000
66.666667	0.104290	698000.000000
66.770833	0.104268	698200.000000
66.875000	0.103458	698400.000000
66.979167	0.103895	698600.000000
67.083333	0.103405	698800.000000
67.187500	0.104470	699000.000000
67.291667	0.104781	699200.000000
67.395833	0.104205	699400.000000
67.500000	0.104400	699600.000000
67.604167	0.104752	699800.000000
67.708333	0.104416	700000.000000
