0.000000	0.103987	570000.000000
0.104167	0.104294	570200.000000
0.208333	0.103668	570400.000000
0.312500	0.104364	570600.000000
0.416667	0.104209	570800.000000
0.520833	0.103909	571000.000000
0.625000	0.104287	571200.000000
0.729167	0.104315	571400.000000
0.833333	0.104331	571600.000000
0.937500	0.104326	571800.000000
1.041667	0.103528	572000.000000
1.145833	0.104146	572200.000000
1.250000	0.104364	572400.000000
1.354167	0.104360	572600.000000
1.458333	0.104547	572800.000000
1.562500	0.104182	573000.000000
1.666667	0.104205	573200.000000
1.770833	0.104200	573400.000000
1.875000	0.104167	573600.000000
1.979167	0.104868	573800.000000
2.083333	0.104527	574000.000000
2.187500	0.104284	574200.000000
2.291667	0.103908	574400.000000
2.395833	0.103948	574600.000000
2.500000	0.104359	574800.000000
2.604167	0.104365	575000.000000
2.708333	0.104455	575200.000000
2.812500	0.103517	575400.000000
2.916667	0.104416	575600.000000
3.020833	0.104968	575800.000000
3.125000	0.104267	576000.000000
3.229167	0.104799	576200.000000
3.333333	0.104273	576400.000000
3.437500	0.103744	576600.000000
3.541667	0.104633	576800.000000
3.645833	0.105057	577000.000000
3.750000	0.104856	577200.000000
3.854167	0.104931	577400.000000
3.958333	0.105062	577600.000000
4.062500	0.104312	577800.000000
4.166667	0.105537	578000.000000
4.270833	0.105344	578200.000000
4.375000	0.104973	578400.000000
4.479167	0.105894	578600.000000
4.583333	0.105752	578800.000000
4.687500	0.105863	579000.000000
4.791667	0.104979	579200.000000
4.895833	0.105173	579400.000000
5.000000	0.105656	579600.000000
5.104167	0.104697	579800.000000
5.208333	0.105046	580000.000000
5.312500	0.104720	580200.000000
5.416667	0.105263	580400.000000
5.520833	0.105070	580600.000000
5.625000	0.105074	580800.000000
5.729167	0.104257	581000.000000
5.833333	0.104990	581200.000000
5.937500	0.105313	581400.000000
6.041667	0.104309	581600.000000
6.145833	0.104528	581800.000000
6.250000	0.104615	582000.000000
6.354167	0.104069	582200.000000
6.458333	0.105259	582400.000000
6.562500	0.104016	582600.000000
6.666667	0.104165	582800.000000
6.770833	0.104587	583000.000000
6.875000	0.104392	583200.000000
6.979167	0.104559	583400.000000
7.083333	0.103654	583600.000000
7.187500	0.104049	583800.000000
7.291667	0.104302	584000.000000
7.395833	0.103891	584200.000000
7.500000	0.104012	584400.000000
7.604167	0.102980	584600.000000
7.708333	0.102687	584800.000000
7.812500	0.103484	585000.000000
7.916667	0.102798	585200.000000
8.020833	0.102879	585400.000000
8.125000	0.102596	585600.000000
8.229167	0.101491	585800.000000
8.333333	0.101496	586000.000000
8.437500	0.101885	586200.000000
8.541667	0.101328	586400.000000
8.645833	0.100650	586600.000000
8.750000	0.100292	586800.000000
8.854167	0.099691	587000.000000
8.958333	0.099580	587200.000000
9.062500	0.099580	587400.000000
9.166667	0.099195	587600.000000
9.270833	0.098784	587800.000000
9.375000	0.098740	588000.000000
9.479167	0.098324	588200.000000
9.583333	0.097422	588400.000000
9.687500	0.097189	588600.000000
9.791667	0.095934	588800.000000
9.895833	0.095096	589000.000000
10.000000	0.094350	589200.000000
10.104167	0.093163	589400.000000
10.208333	0.091882	589600.000000
10.312500	0.090462	589800.000000
10.416667	0.089177	590000.000000
10.520833	0.087072	590200.000000
10.625000	0.085457	590400.000000
10.729167	0.084227	590600.000000
10.833333	0.081129	590800.000000
10.937500	0.078799	591000.000000
11.041667	0.076532	591200.000000
11.145833	0.072752	591400.000000
11.250000	0.068751	591600.000000
11.354167	0.064675	591800.000000
11.458333	0.060150	592000.000000
11.562500	0.054865	592200.000000
11.666667	0.048968	592400.000000
11.770833	0.042042	592600.000000
11.875000	0.033578	592800.000000
11.979167	0.024714	593000.000000
12.083333	0.014554	593200.000000
12.187500	0.002230	593400.000000
12.291667	-0.010686	593600.000000
12.395833	-0.024739	593800.000000
12.500000	-0.040747	594000.000000
12.604167	-0.058950	594200.000000
12.708333	-0.075970	594400.000000
12.812500	-0.095294	594600.000000
12.916667	-0.113043	594800.000000
13.020833	-0.130409	595000.000000
13.125000	-0.145826	595200.000000
13.229167	-0.156139	595400.000000
13.333333	-0.159370	595600.000000
13.437500	-0.146530	595800.000000
13.541667	-0.100382	596000.000000
13.645833	0.012493	596200.000000
13.750000	0.245106	596400.000000
13.854167	0.653958	596600.000000
13.958333	1.238128	596800.000000
14.062500	1.872082	597000.000000
14.166667	2.317761	597200.000000
14.270833	2.344192	597400.000000
14.375000	1.924190	597600.000000
14.479167	1.232459	597800.000000
14.583333	0.541873	598000.000000
14.687500	0.004999	598200.000000
14.791667	-0.304792	598400.000000
14.895833	-0.425886	598600.000000
15.000000	-0.426098	598800.000000
15.104167	-0.380942	599000.000000
15.208333	-0.334072	599200.000000
15.312500	-0.304281	599400.000000
15.416667	-0.286810	599600.000000
15.520833	-0.277568	599800.000000
15.625000	-0.282031	600000.000000
15.729167	-0.310513	600200.000000
15.833333	-0.349238	600400.000000
15.937500	-0.364290	600600.000000
16.041667	-0.325715	600800.000000
16.145833	-0.239974	601000.000000
16.250000	-0.145608	601200.000000
16.354167	-0.087380	601400.000000
16.458333	-0.073039	601600.000000
16.562500	-0.083986	601800.000000
16.666667	-0.098178	602000.000000
16.770833	-0.105651	602200.000000
16.875000	-0.099398	602400.000000
16.979167	-0.080442	602600.000000
17.083333	-0.049135	602800.000000
17.187500	-0.008487	603000.000000
17.291667	0.033892	603200.000000
17.395833	0.058907	603400.000000
17.500000	0.052944	603600.000000
17.604167	0.021958	603800.000000
17.708333	-0.009134	604000.000000
17.812500	-0.012846	604200.000000
17.916667	0.024253	604400.000000
18.020833	0.078367	604600.000000
18.125000	0.115542	604800.000000
18.229167	0.115821	605000.000000
18.333333	0.095239	605200.000000
18.437500	0.083856	605400.000000
18.541667	0.094871	605600.000000
18.645833	0.119306	605800.000000
18.750000	0.139637	606000.000000
18.854167	0.147900	606200.000000
18.958333	0.142150	606400.000000
19.062500	0.127346	606600.000000
19.166667	0.108649	606800.000000
19.270833	0.089319	607000.000000
19.375000	0.069406	607200.000000
19.479167	0.050751	607400.000000
19.583333	0.045681	607600.000000
19.687500	0.058540	607800.000000
19.791667	0.080693	608000.000000
19.895833	0.097706	608200.000000
20.000000	0.109319	608400.000000
20.104167	0.118784	608600.000000
20.208333	0.124518	608800.000000
20.312500	0.122910	609000.000000
20.416667	0.113435	609200.000000
20.520833	0.098539	609400.000000
20.625000	0.087369	609600.000000
20.729167	0.090225	609800.000000
20.833333	0.102047	610000.000000
20.937500	0.110004	610200.000000
21.041667	0.109471	610400.000000
21.145833	0.103381	610600.000000
21.250000	0.092203	610800.000000
21.354167	0.087592	611000.000000
21.458333	0.091492	611200.000000
21.562500	0.109470	611400.000000
21.666667	0.130092	611600.000000
21.770833	0.144247	611800.000000
21.875000	0.150836	612000.000000
21.979167	0.153071	612200.000000
22.083333	0.154763	612400.000000
22.187500	0.158657	612600.000000
22.291667	0.162076	612800.000000
22.395833	0.159762	613000.000000
22.500000	0.151953	613200.000000
22.604167	0.149960	613400.000000
22.708333	0.155152	613600.000000
22.812500	0.159507	613800.000000
22.916667	0.155388	614000.000000
23.020833	0.140538	614200.000000
23.125000	0.117883	614400.000000
23.229167	0.093259	614600.000000
23.333333	0.078833	614800.000000
23.437500	0.080320	615000.000000
23.541667	0.099847	615200.000000
23.645833	0.128988	615400.000000
23.750000	0.154039	615600.000000
23.854167	0.163774	615800.000000
23.958333	0.160019	616000.000000
24.062500	0.149306	616200.000000
24.166667	0.132732	616400.000000
24.270833	0.115694	616600.000000
24.375000	0.107995	616800.000000
24.479167	0.108143	617000.000000
24.583333	0.108806	617200.000000
24.687500	0.106171	617400.000000
24.791667	0.100723	617600.000000
24.895833	0.091387	617800.000000
25.000000	0.083981	618000.000000
25.104167	0.079108	618200.000000
25.208333	0.080791	618400.000000
25.312500	0.088205	618600.000000
25.416667	0.099800	618800.000000
25.520833	0.115422	619000.000000
25.625000	0.131758	619200.000000
25.729167	0.146789	619400.000000
25.833333	0.151974	619600.000000
25.937500	0.141575	619800.000000
26.041667	0.117316	620000.000000
26.145833	0.091905	620200.000000
26.250000	0.080440	620400.000000
26.354167	0.090634	620600.000000
26.458333	0.118371	620800.000000
26.562500	0.147103	621000.000000
26.666667	0.154647	621200.000000
26.770833	0.138372	621400.000000
26.875000	0.112507	621600.000000
26.979167	0.095133	621800.000000
27.083333	0.096095	622000.000000
27.187500	0.116162	622200.000000
27.291667	0.138952	622400.000000
27.395833	0.153565	622600.000000
27.500000	0.157706	622800.000000
27.604167	0.156645	623000.000000
27.708333	0.151723	623200.000000
27.812500	0.140143	623400.000000
27.916667	0.125955	623600.000000
28.020833	0.117020	623800.000000
28.125000	0.124001	624000.000000
28.229167	0.142934	624200.000000
28.333333	0.156512	624400.000000
28.437500	0.151227	624600.000000
28.541667	0.124617	624800.000000
28.645833	0.095117	625000.000000
28.750000	0.082351	625200.000000
28.854167	0.093283	625400.000000
28.958333	0.113981	625600.000000
29.062500	0.133942	625800.000000
29.166667	0.151387	626000.000000
29.270833	0.166695	626200.000000
29.375000	0.173373	626400.000000
29.479167	0.163803	626600.000000
29.583333	0.134403	626800.000000
29.687500	0.098438	627000.000000
29.791667	0.080142	627200.000000
29.895833	0.087812	627400.000000
30.000000	0.114431	627600.000000
30.104167	0.134280	627800.000000
30.208333	0.127125	628000.000000
30.312500	0.095912	628200.000000
30.416667	0.062407	628400.000000
30.520833	0.052952	628600.000000
30.625000	0.072320	628800.000000
30.729167	0.106240	629000.000000
30.833333	0.135913	629200.000000
30.937500	0.153341	629400.000000
31.041667	0.155410	629600.000000
31.145833	0.140277	629800.000000
31.250000	0.114181	630000.000000
31.354167	0.090618	630200.000000
31.458333	0.078376	630400.000000
31.562500	0.079797	630600.000000
31.666667	0.091508	630800.000000
31.770833	0.110302	631000.000000
31.875000	0.123695	631200.000000
31.979167	0.122731	631400.000000
32.083333	0.103679	631600.000000
32.187500	0.076981	631800.000000
32.291667	0.057667	632000.000000
32.395833	0.058629	632200.000000
32.500000	0.074056	632400.000000
32.604167	0.095382	632600.000000
32.708333	0.110317	632800.000000
32.812500	0.114980	633000.000000
32.916667	0.114381	633200.000000
33.020833	0.107697	633400.000000
33.125000	0.097272	633600.000000
33.229167	0.084769	633800.000000
33.333333	0.078167	634000.000000
33.437500	0.084955	634200.000000
33.541667	0.099235	634400.000000
33.645833	0.109955	634600.000000
33.750000	0.104551	634800.000000
33.854167	0.079893	635000.000000
33.958333	0.052572	635200.000000
34.062500	0.040544	635400.000000
34.166667	0.052472	635600.000000
34.270833	0.076159	635800.000000
34.375000	0.098503	636000.000000
34.479167	0.107481	636200.000000
34.583333	0.109888	636400.000000
34.687500	0.109487	636600.000000
34.791667	0.106629	636800.000000
34.895833	0.101855	637000.000000
35.000000	0.099277	637200.000000
35.104167	0.098922	637400.000000
35.208333	0.097290	637600.000000
35.312500	0.092902	637800.000000
35.416667	0.085989	638000.000000
35.520833	0.077480	638200.000000
35.625000	0.073831	638400.000000
35.729167	0.076615	638600.000000
35.833333	0.083943	638800.000000
35.937500	0.092596	639000.000000
36.041667	0.097907	639200.000000
36.145833	0.100518	639400.000000
36.250000	0.101837	639600.000000
36.354167	0.104834	639800.000000
36.458333	0.106833	640000.000000
36.562500	0.105248	640200.000000
36.666667	0.099594	640400.000000
36.770833	0.092390	640600.000000
36.875000	0.091307	640800.000000
36.979167	0.094554	641000.000000
37.083333	0.098971	641200.000000
37.187500	0.098557	641400.000000
37.291667	0.093431	641600.000000
37.395833	0.084222	641800.000000
37.500000	0.077629	642000.000000
37.604167	0.079096	642200.000000
37.708333	0.087966	642400.000000
37.812500	0.095689	642600.000000
37.916667	0.098538	642800.000000
38.020833	0.094647	643000.000000
38.125000	0.090405	643200.000000
38.229167	0.090821	643400.000000
38.333333	0.096374	643600.000000
38.437500	0.105463	643800.000000
38.541667	0.111052	644000.000000
38.645833	0.113246	644200.000000
38.750000	0.111289	644400.000000
38.854167	0.105839	644600.000000
38.958333	0.095251	644800.000000
39.062500	0.082185	645000.000000
39.166667	0.074667	645200.000000
39.270833	0.076760	645400.000000
39.375000	0.087310	645600.000000
39.479167	0.096230	645800.000000
39.583333	0.095488	646000.000000
39.687500	0.089066	646200.000000
39.791667	0.090697	646400.000000
39.895833	0.105529	646600.000000
40.000000	0.124136	646800.000000
40.104167	0.136348	647000.000000
40.208333	0.139348	647200.000000
40.312500	0.133838	647400.000000
40.416667	0.124565	647600.000000
40.520833	0.115350	647800.000000
40.625000	0.105568	648000.000000
40.729167	0.098581	648200.000000
40.833333	0.093859	648400.000000
40.937500	0.095064	648600.000000
41.041667	0.102976	648800.000000
41.145833	0.116681	649000.000000
41.250000	0.126236	649200.000000
41.354167	0.125075	649400.000000
41.458333	0.116877	649600.000000
41.562500	0.109742	649800.000000
41.666667	0.107594	650000.000000
41.770833	0.113407	650200.000000
41.875000	0.124799	650400.000000
41.979167	0.134255	650600.000000
42.083333	0.141452	650800.000000
42.187500	0.141243	651000.000000
42.291667	0.128013	651200.000000
42.395833	0.109223	651400.000000
42.500000	0.096027	651600.000000
42.604167	0.096414	651800.000000
42.708333	0.107728	652000.000000
42.812500	0.123367	652200.000000
42.916667	0.132815	652400.000000
43.020833	0.131935	652600.000000
43.125000	0.120148	652800.000000
43.229167	0.104657	653000.000000
43.333333	0.095661	653200.000000
43.437500	0.097681	653400.000000
43.541667	0.110552	653600.000000
43.645833	0.125427	653800.000000
43.750000	0.137930	654000.000000
43.854167	0.143960	654200.000000
43.958333	0.141274	654400.000000
44.062500	0.129718	654600.000000
44.166667	0.114192	654800.000000
44.270833	0.102485	655000.000000
44.375000	0.097497	655200.000000
44.479167	0.094651	655400.000000
44.583333	0.093341	655600.000000
44.687500	0.093039	655800.000000
44.791667	0.097067	656000.000000
44.895833	0.099251	656200.000000
45.000000	0.099177	656400.000000
45.104167	0.099426	656600.000000
45.208333	0.102359	656800.000000
45.312500	0.108364	657000.000000
45.416667	0.117439	657200.000000
45.520833	0.124927	657400.000000
45.625000	0.129217	657600.000000
45.729167	0.125721	657800.000000
45.833333	0.113284	658000.000000
45.937500	0.098356	658200.000000
46.041667	0.087989	658400.000000
46.145833	0.085387	658600.000000
46.250000	0.089811	658800.000000
46.354167	0.096881	659000.000000
46.458333	0.100522	659200.000000
46.562500	0.099863	659400.000000
46.666667	0.097814	659600.000000
46.770833	0.094630	659800.000000
46.875000	0.093019	660000.000000
46.979167	0.097938	660200.000000
47.083333	0.106281	660400.000000
47.187500	0.111266	660600.000000
47.291667	0.108325	660800.000000
47.395833	0.101174	661000.000000
47.500000	0.096482	661200.000000
47.604167	0.098737	661400.000000
47.708333	0.100781	661600.000000
47.812500	0.098969	661800.000000
47.916667	0.094549	662000.000000
48.020833	0.091627	662200.000000
48.125000	0.091461	662400.000000
48.229167	0.091819	662600.000000
48.333333	0.092722	662800.000000
48.437500	0.091422	663000.000000
48.541667	0.090484	663200.000000
48.645833	0.090344	663400.000000
48.750000	0.090930	663600.000000
48.854167	0.092627	663800.000000
48.958333	0.099889	664000.000000
49.062500	0.107908	664200.000000
49.166667	0.115329	664400.000000
49.270833	0.120923	664600.000000
49.375000	0.120755	664800.000000
49.479167	0.112811	665000.000000
49.583333	0.101511	665200.000000
49.687500	0.089559	665400.000000
49.791667	0.083723	665600.000000
49.895833	0.084039	665800.000000
50.000000	0.088970	666000.000000
50.104167	0.093585	666200.000000
50.208333	0.095821	666400.000000
50.312500	0.095369	666600.000000
50.416667	0.095740	666800.000000
50.520833	0.098381	667000.000000
50.625000	0.104868	667200.000000
50.729167	0.111550	667400.000000
50.833333	0.114335	667600.000000
50.937500	0.114618	667800.000000
51.041667	0.113658	668000.000000
51.145833	0.112587	668200.000000
51.250000	0.112597	668400.000000
51.354167	0.108610	668600.000000
51.458333	0.098648	668800.000000
51.562500	0.089747	669000.000000
51.666667	0.086876	669200.000000
51.770833	0.092778	669400.000000
51.875000	0.103887	669600.000000
51.979167	0.112814	669800.000000
52.083333	0.115885	670000.000000
52.187500	0.116237	670200.000000
52.291667	0.112568	670400.000000
52.395833	0.108938	670600.000000
52.500000	0.107836	670800.000000
52.604167	0.108886	671000.000000
52.708333	0.111440	671200.000000
52.812500	0.115324	671400.000000
52.916667	0.118435	671600.000000
53.020833	0.120011	671800.000000
53.125000	0.120099	672000.000000
53.229167	0.118331	672200.000000
53.333333	0.115845	672400.000000
53.437500	0.112946	672600.000000
53.541667	0.109650	672800.000000
53.645833	0.104657	673000.000000
53.750000	0.100690	673200.000000
53.854167	0.102408	673400.000000
53.958333	0.108013	673600.000000
54.062500	0.114333	673800.000000
54.166667	0.117917	674000.000000
54.270833	0.118915	674200.000000
54.375000	0.119226	674400.000000
54.479167	0.118804	674600.000000
54.583333	0.116121	674800.000000
54.687500	0.113921	675000.000000
54.791667	0.117139	675200.000000
54.895833	0.124880	675400.000000
55.000000	0.128132	675600.000000
55.104167	0.122565	675800.000000
55.208333	0.111919	676000.000000
55.312500	0.101904	676200.000000
55.416667	0.100850	676400.000000
55.520833	0.107653	676600.000000
55.625000	0.118759	676800.000000
55.729167	0.128531	677000.000000
55.833333	0.131231	677200.000000
55.937500	0.129836	677400.000000
56.041667	0.128187	677600.000000
56.145833	0.125586	677800.000000
56.250000	0.120055	678000.000000
56.354167	0.114326	678200.000000
56.458333	0.111384	678400.000000
56.562500	0.111953	678600.000000
56.666667	0.113690	678800.000000
56.770833	0.112824	679000.000000
56.875000	0.106650	679200.000000
56.979167	0.097452	679400.000000
57.083333	0.089264	679600.000000
57.187500	0.084617	679800.000000
57.291667	0.085865	680000.000000
57.395833	0.093759	680200.000000
57.500000	0.102141	680400.000000
57.604167	0.106975	680600.000000
57.708333	0.106188	680800.000000
57.812500	0.098205	681000.000000
57.916667	0.089619	681200.000000
58.020833	0.086275	681400.000000
58.125000	0.090793	681600.000000
58.229167	0.102348	681800.000000
58.333333	0.115356	682000.000000
58.437500	0.121934	682200.000000
58.541667	0.118744	682400.000000
58.645833	0.106452	682600.000000
58.750000	0.091395	682800.000000
58.854167	0.079976	683000.000000
58.958333	0.078189	683200.000000
59.062500	0.087781	683400.000000
59.166667	0.100072	683600.000000
59.270833	0.110611	683800.000000
59.375000	0.113234	684000.000000
59.479167	0.106903	684200.000000
59.583333	0.100605	684400.000000
59.687500	0.097742	684600.000000
59.791667	0.102777	684800.000000
59.895833	0.113134	685000.000000
60.000000	0.124774	685200.000000
60.104167	0.131824	685400.000000
60.208333	0.132030	685600.000000
60.312500	0.125367	685800.000000
60.416667	0.114505	686000.000000
60.520833	0.103603	686200.000000
60.625000	0.096963	686400.000000
60.729167	0.096613	686600.000000
60.833333	0.103410	686800.000000
60.937500	0.113918	687000.000000
61.041667	0.125288	687200.000000
61.145833	0.132214	687400.000000
61.250000	0.134391	687600.000000
61.354167	0.132336	687800.000000
61.458333	0.128472	688000.000000
61.562500	0.127377	688200.000000
61.666667	0.128685	688400.000000
61.770833	0.129413	688600.000000
61.875000	0.131318	688800.000000
61.979167	0.132707	689000.000000
62.083333	0.128216	689200.000000
62.187500	0.119894	689400.000000
62.291667	0.111100	689600.000000
62.395833	0.104902	689800.000000
62.500000	0.103306	690000.000000
62.604167	0.103088	690200.000000
62.708333	0.101460	690400.000000
62.812500	0.097188	690600.000000
62.916667	0.092423	690800.000000
63.020833	0.087188	691000.000000
63.125000	0.083119	691200.000000
63.229167	0.082287	691400.000000
63.333333	0.082763	691600.000000
63.437500	0.081229	691800.000000
63.541667	0.078726	692000.000000
63.645833	0.075484	692200.000000
63.750000	0.074698	692400.000000
63.854167	0.078195	692600.000000
63.958333	0.081038	692800.000000
64.062500	0.082046	693000.000000
64.166667	0.082516	693200.000000
64.270833	0.080471	693400.000000
64.375000	0.077364	693600.000000
64.479167	0.076747	693800.000000
64.583333	0.078114	694000.000000
64.687500	0.083515	694200.000000
64.791667	0.091247	694400.000000
64.895833	0.100706	694600.000000
65.000000	0.108540	694800.000000
65.104167	0.112293	695000.000000
65.208333	0.113278	695200.000000
65.312500	0.112083	695400.000000
65.416667	0.112204	695600.000000
65.520833	0.113666	695800.000000
65.625000	0.112920	696000.000000
65.729167	0.111235	696200.000000
65.833333	0.106249	696400.000000
65.937500	0.099582	696600.000000
66.041667	0.092052	696800.000000
66.145833	0.088211	697000.000000
66.250000	0.088396	697200.000000
66.354167	0.092209	697400.000000
66.458333	0.097035	697600.000000
66.562500	0.100247	697800.000000
66.666667	0.102469	698000.000000
66.770833	0.103965	698200.000000
66.875000	0.102506	698400.000000
66.979167	0.098150	698600.000000
67.083333	0.093961	698800.000000
67.187500	0.092861	699000.000000
67.291667	0.096898	699200.000000
67.395833	0.104806	699400.000000
67.500000	0.113832	699600.000000
67.604167	0.116641	699800.000000
67.708333	0.115236	700000.000000
