0.000000	0.104891	570000.000000
0.104167	0.104418	570200.000000
0.208333	0.104124	570400.000000
0.312500	0.105116	570600.000000
0.416667	0.104995	570800.000000
0.520833	0.104636	571000.000000
0.625000	0.104286	571200.000000
0.729167	0.104436	571400.000000
0.833333	0.105014	571600.000000
0.937500	0.104339	571800.000000
1.041667	0.103798	572000.000000
1.145833	0.104217	572200.000000
1.250000	0.104144	572400.000000
1.354167	0.104976	572600.000000
1.458333	0.104624	572800.000000
1.562500	0.104606	573000.000000
1.666667	0.104886	573200.000000
1.770833	0.104926	573400.000000
1.875000	0.105309	573600.000000
1.979167	0.104406	573800.000000
2.083333	0.103817	574000.000000
2.187500	0.104223	574200.000000
2.291667	0.105156	574400.000000
2.395833	0.104295	574600.000000
2.500000	0.105157	574800.000000
2.604167	0.104195	575000.000000
2.708333	0.104039	575200.000000
2.812500	0.105300	575400.000000
2.916667	0.104753	575600.000000
3.020833	0.104079	575800.000000
3.125000	0.104803	576000.000000
3.229167	0.104738	576200.000000
3.333333	0.105130	576400.000000
3.437500	0.105017	576600.000000
3.541667	0.105106	576800.000000
3.645833	0.104832	577000.000000
3.750000	0.105670	577200.000000
3.854167	0.104963	577400.000000
3.958333	0.104882	577600.000000
4.062500	0.104569	577800.000000
4.166667	0.105142	578000.000000
4.270833	0.105049	578200.000000
4.375000	0.105000	578400.000000
4.479167	0.105250	578600.000000
4.583333	0.105441	578800.000000
4.687500	0.105863	579000.000000
4.791667	0.105171	579200.000000
4.895833	0.104645	579400.000000
5.000000	0.104824	579600.000000
5.104167	0.105678	579800.000000
5.208333	0.105615	580000.000000
5.312500	0.105737	580200.000000
5.416667	0.104767	580400.000000
5.520833	0.105107	580600.000000
5.625000	0.105385	580800.000000
5.729167	0.104869	581000.000000
5.833333	0.105244	581200.000000
5.937500	0.104621	581400.000000
6.041667	0.104723	581600.000000
6.145833	0.105631	581800.000000
6.250000	0.105093	582000.000000
6.354167	0.105129	582200.000000
6.458333	0.104845	582400.000000
6.562500	0.105088	582600.000000
6.666667	0.105721	582800.000000
6.770833	0.105210	583000.000000
6.875000	0.104890	583200.000000
6.979167	0.105460	583400.000000
7.083333	0.105518	583600.000000
7.187500	0.104522	583800.000000
7.291667	0.104639	584000.000000
7.395833	0.105605	584200.000000
7.500000	0.104264	584400.000000
7.604167	0.104661	584600.000000
7.708333	0.105793	584800.000000
7.812500	0.105059	585000.000000
7.916667	0.105423	585200.000000
8.020833	0.105607	585400.000000
8.125000	0.104909	585600.000000
8.229167	0.104408	585800.000000
8.333333	0.105249	586000.000000
8.437500	0.104634	586200.000000
8.541667	0.104953	586400.000000
8.645833	0.105438	586600.000000
8.750000	0.104913	586800.000000
8.854167	0.105766	587000.000000
8.958333	0.104749	587200.000000
9.062500	0.104585	587400.000000
9.166667	0.104123	587600.000000
9.270833	0.104337	587800.000000
9.375000	0.104869	588000.000000
9.479167	0.104711	588200.000000
9.583333	0.104326	588400.000000
9.687500	0.104607	588600.000000
9.791667	0.104263	588800.000000
9.895833	0.104658	589000.000000
10.000000	0.104076	589200.000000
10.104167	0.103728	589400.000000
10.208333	0.103592	589600.000000
10.312500	0.103479	589800.000000
10.416667	0.103771	590000.000000
10.520833	0.103023	590200.000000
10.625000	0.103498	590400.000000
10.729167	0.103508	590600.000000
10.833333	0.101828	590800.000000
10.937500	0.102595	591000.000000
11.041667	0.101971	591200.000000
11.145833	0.101764	591400.000000
11.250000	0.101397	591600.000000
11.354167	0.101457	591800.000000
11.458333	0.100041	592000.000000
11.562500	0.100113	592200.000000
11.666667	0.098591	592400.000000
11.770833	0.098312	592600.000000
11.875000	0.097845	592800.000000
11.979167	0.097129	593000.000000
12.083333	0.095325	593200.000000
12.187500	0.093892	593400.000000
12.291667	0.093397	593600.000000
12.395833	0.091184	593800.000000
12.500000	0.088752	594000.000000
12.604167	0.087568	594200.000000
12.708333	0.085567	594400.000000
12.812500	0.083345	594600.000000
12.916667	0.080451	594800.000000
13.020833	0.077209	595000.000000
13.125000	0.074400	595200.000000
13.229167	0.072049	595400.000000
13.333333	0.070961	595600.000000
13.437500	0.070118	595800.000000
13.541667	0.075901	596000.000000
13.645833	0.091388	596200.000000
13.750000	0.125417	596400.000000
13.854167	0.183221	596600.000000
13.958333	0.258421	596800.000000
14.062500	0.328041	597000.000000
14.166667	0.364987	597200.000000
14.270833	0.347201	597400.000000
14.375000	0.284741	597600.000000
14.479167	0.204239	597800.000000
14.583333	0.134239	598000.000000
14.687500	0.085145	598200.000000
14.791667	0.059785	598400.000000
14.895833	0.051156	598600.000000
15.000000	0.052438	598800.000000
15.104167	0.056971	599000.000000
15.208333	0.060348	599200.000000
15.312500	0.061665	599400.000000
15.416667	0.062957	599600.000000
15.520833	0.063321	599800.000000
15.625000	0.061266	600000.000000
15.729167	0.056827	600200.000000
15.833333	0.053355	600400.000000
15.937500	0.053879	600600.000000
16.041667	0.060795	600800.000000
16.145833	0.071104	601000.000000
16.250000	0.080424	601200.000000
16.354167	0.084740	601400.000000
16.458333	0.084214	601600.000000
16.562500	0.083153	601800.000000
16.666667	0.081066	602000.000000
16.770833	0.081366	602200.000000
16.875000	0.083054	602400.000000
16.979167	0.086012	602600.000000
17.083333	0.089976	602800.000000
17.187500	0.094557	603000.000000
17.291667	0.098722	603200.000000
17.395833	0.100886	603400.000000
17.500000	0.098519	603600.000000
17.604167	0.094362	603800.000000
17.708333	0.091225	604000.000000
17.812500	0.092668	604200.000000
17.916667	0.098769	604400.000000
18.020833	0.104126	604600.000000
18.125000	0.106915	604800.000000
18.229167	0.104467	605000.000000
18.333333	0.103516	605200.000000
18.437500	0.102969	605400.000000
18.541667	0.105619	605600.000000
18.645833	0.108112	605800.000000
18.750000	0.109859	606000.000000
18.854167	0.109644	606200.000000
18.958333	0.109143	606400.000000
19.062500	0.107528	606600.000000
19.166667	0.104923	606800.000000
19.270833	0.103092	607000.000000
19.375000	0.099303	607200.000000
19.479167	0.098457	607400.000000
19.583333	0.098820	607600.000000
19.687500	0.101255	607800.000000
19.791667	0.103333	608000.000000
19.895833	0.104809	608200.000000
20.000000	0.106673	608400.000000
20.104167	0.107083	608600.000000
20.208333	0.107000	608800.000000
20.312500	0.106181	609000.000000
20.416667	0.105374	609200.000000
20.520833	0.103688	609400.000000
20.625000	0.103715	609600.000000
20.729167	0.104269	609800.000000
20.833333	0.105865	610000.000000
20.937500	0.105534	610200.000000
21.041667	0.105102	610400.000000
21.145833	0.104463	610600.000000
21.250000	0.103522	610800.000000
21.354167	0.103632	611000.000000
21.458333	0.105008	611200.000000
21.562500	0.106801	611400.000000
21.666667	0.109726	611600.000000
21.770833	0.111087	611800.000000
21.875000	0.111032	612000.000000
21.979167	0.111992	612200.000000
22.083333	0.111668	612400.000000
22.187500	0.113153	612600.000000
22.291667	0.112874	612800.000000
22.395833	0.111406	613000.000000
22.500000	0.111216	613200.000000
22.604167	0.112092	613400.000000
22.708333	0.112187	613600.000000
22.812500	0.112915	613800.000000
22.916667	0.111220	614000.000000
23.020833	0.109684	614200.000000
23.125000	0.106986	614400.000000
23.229167	0.104511	614600.000000
23.333333	0.102632	614800.000000
23.437500	0.103860	615000.000000
23.541667	0.106102	615200.000000
23.645833	0.109076	615400.000000
23.750000	0.110539	615600.000000
23.854167	0.110855	615800.000000
23.958333	0.109934	616000.000000
24.062500	0.108220	616200.000000
24.166667	0.106712	616400.000000
24.270833	0.105379	616600.000000
24.375000	0.104196	616800.000000
24.479167	0.105547	617000.000000
24.583333	0.105308	617200.000000
24.687500	0.104045	617400.000000
24.791667	0.103551	617600.000000
24.895833	0.102886	617800.000000
25.000000	0.102405	618000.000000
25.104167	0.101775	618200.000000
25.208333	0.103482	618400.000000
25.312500	0.104682	618600.000000
25.416667	0.106395	618800.000000
25.520833	0.108990	619000.000000
25.625000	0.111015	619200.000000
25.729167	0.112004	619400.000000
25.833333	0.111836	619600.000000
25.937500	0.109675	619800.000000
26.041667	0.105975	620000.000000
26.145833	0.103293	620200.000000
26.250000	0.102876	620400.000000
26.354167	0.104335	620600.000000
26.458333	0.107157	620800.000000
26.562500	0.109738	621000.000000
26.666667	0.108759	621200.000000
26.770833	0.105987	621400.000000
26.875000	0.104082	621600.000000
26.979167	0.103135	621800.000000
27.083333	0.103536	622000.000000
27.187500	0.107035	622200.000000
27.291667	0.109804	622400.000000
27.395833	0.110808	622600.000000
27.500000	0.111505	622800.000000
27.604167	0.111176	623000.000000
27.708333	0.110962	623200.000000
27.812500	0.108992	623400.000000
27.916667	0.107957	623600.000000
28.020833	0.107473	623800.000000
28.125000	0.109451	624000.000000
28.229167	0.111098	624200.000000
28.333333	0.111783	624400.000000
28.437500	0.109500	624600.000000
28.541667	0.106143	624800.000000
28.645833	0.103117	625000.000000
28.750000	0.102815	625200.000000
28.854167	0.104621	625400.000000
28.958333	0.106930	625600.000000
29.062500	0.109320	625800.000000
29.166667	0.111779	626000.000000
29.270833	0.112498	626200.000000
29.375000	0.113508	626400.000000
29.479167	0.111240	626600.000000
29.583333	0.106413	626800.000000
29.687500	0.103243	627000.000000
29.791667	0.102993	627200.000000
29.895833	0.104423	627400.000000
30.000000	0.107409	627600.000000
30.104167	0.108290	627800.000000
30.208333	0.106308	628000.000000
30.312500	0.102552	628200.000000
30.416667	0.100252	628400.000000
30.520833	0.100107	628600.000000
30.625000	0.103588	628800.000000
30.729167	0.106869	629000.000000
30.833333	0.110403	629200.000000
30.937500	0.111942	629400.000000
31.041667	0.111533	629600.000000
31.145833	0.109008	629800.000000
31.250000	0.106190	630000.000000
31.354167	0.104036	630200.000000
31.458333	0.103940	630400.000000
31.562500	0.103978	630600.000000
31.666667	0.106246	630800.000000
31.770833	0.108161	631000.000000
31.875000	0.109144	631200.000000
31.979167	0.108073	631400.000000
32.083333	0.105765	631600.000000
32.187500	0.102755	631800.000000
32.291667	0.100810	632000.000000
32.395833	0.101497	632200.000000
32.500000	0.103365	632400.000000
32.604167	0.105902	632600.000000
32.708333	0.106508	632800.000000
32.812500	0.107493	633000.000000
32.916667	0.107753	633200.000000
33.020833	0.106903	633400.000000
33.125000	0.104527	633600.000000
33.229167	0.103383	633800.000000
33.333333	0.103188	634000.000000
33.437500	0.104533	634200.000000
33.541667	0.106227	634400.000000
33.645833	0.106656	634600.000000
33.750000	0.104684	634800.000000
33.854167	0.101545	635000.000000
33.958333	0.099098	635200.000000
34.062500	0.098873	635400.000000
34.166667	0.100345	635600.000000
34.270833	0.103023	635800.000000
34.375000	0.105486	636000.000000
34.479167	0.106226	636200.000000
34.583333	0.105934	636400.000000
34.687500	0.106648	636600.000000
34.791667	0.105950	636800.000000
34.895833	0.105405	637000.000000
35.000000	0.105046	637200.000000
35.104167	0.105263	637400.000000
35.208333	0.104584	637600.000000
35.312500	0.103968	637800.000000
35.416667	0.102796	638000.000000
35.520833	0.102170	638200.000000
35.625000	0.102225	638400.000000
35.729167	0.102410	638600.000000
35.833333	0.103444	638800.000000
35.937500	0.105291	639000.000000
36.041667	0.105497	639200.000000
36.145833	0.105618	639400.000000
36.250000	0.106131	639600.000000
36.354167	0.106636	639800.000000
36.458333	0.106147	640000.000000
36.562500	0.105865	640200.000000
36.666667	0.105289	640400.000000
36.770833	0.103275	640600.000000
36.875000	0.104211	640800.000000
36.979167	0.105051	641000.000000
37.083333	0.104427	641200.000000
37.187500	0.104960	641400.000000
37.291667	0.103591	641600.000000
37.395833	0.102824	641800.000000
37.500000	0.101783	642000.000000
37.604167	0.103052	642200.000000
37.708333	0.104228	642400.000000
37.812500	0.104053	642600.000000
37.916667	0.103981	642800.000000
38.020833	0.104382	643000.000000
38.125000	0.104165	643200.000000
38.229167	0.104218	643400.000000
38.333333	0.105451	643600.000000
38.437500	0.105945	643800.000000
38.541667	0.107435	644000.000000
38.645833	0.107095	644200.000000
38.750000	0.106966	644400.000000
38.854167	0.106793	644600.000000
38.958333	0.104812	644800.000000
39.062500	0.103956	645000.000000
39.166667	0.103331	645200.000000
39.270833	0.103525	645400.000000
39.375000	0.104819	645600.000000
39.479167	0.105757	645800.000000
39.583333	0.105609	646000.000000
39.687500	0.104341	646200.000000
39.791667	0.105434	646400.000000
39.895833	0.106961	646600.000000
40.000000	0.108751	646800.000000
40.104167	0.110072	647000.000000
40.208333	0.109696	647200.000000
40.312500	0.108547	647400.000000
40.416667	0.107622	647600.000000
40.520833	0.105964	647800.000000
40.625000	0.105286	648000.000000
40.729167	0.104119	648200.000000
40.833333	0.103867	648400.000000
40.937500	0.104903	648600.000000
41.041667	0.105971	648800.000000
41.145833	0.109086	649000.000000
41.250000	0.108424	649200.000000
41.354167	0.107431	649400.000000
41.458333	0.106932	649600.000000
41.562500	0.105546	649800.000000
41.666667	0.105255	650000.000000
41.770833	0.106378	650200.000000
41.875000	0.107660	650400.000000
41.979167	0.109364	650600.000000
42.083333	0.110035	650800.000000
42.187500	0.110083	651000.000000
42.291667	0.108115	651200.000000
42.395833	0.105678	651400.000000
42.500000	0.105270	651600.000000
42.604167	0.105154	651800.000000
42.708333	0.107721	652000.000000
42.812500	0.109489	652200.000000
42.916667	0.109134	652400.000000
43.020833	0.108817	652600.000000
43.125000	0.107318	652800.000000
43.229167	0.105185	653000.000000
43.333333	0.105471	653200.000000
43.437500	0.106713	653400.000000
43.541667	0.108065	653600.000000
43.645833	0.109447	653800.000000
43.750000	0.111075	654000.000000
43.854167	0.110559	654200.000000
43.958333	0.110842	654400.000000
44.062500	0.108610	654600.000000
44.166667	0.108193	654800.000000
44.270833	0.106378	655000.000000
44.375000	0.105920	655200.000000
44.479167	0.104323	655400.000000
44.583333	0.104458	655600.000000
44.687500	0.105630	655800.000000
44.791667	0.105720	656000.000000
44.895833	0.105660	656200.000000
45.000000	0.105007	656400.000000
45.104167	0.105454	656600.000000
45.208333	0.105998	656800.000000
45.312500	0.107171	657000.000000
45.416667	0.108604	657200.000000
45.520833	0.108885	657400.000000
45.625000	0.108185	657600.000000
45.729167	0.108297	657800.000000
45.833333	0.106522	658000.000000
45.937500	0.104275	658200.000000
46.041667	0.104286	658400.000000
46.145833	0.104514	658600.000000
46.250000	0.104875	658800.000000
46.354167	0.105329	659000.000000
46.458333	0.105555	659200.000000
46.562500	0.105641	659400.000000
46.666667	0.105988	659600.000000
46.770833	0.104434	659800.000000
46.875000	0.105226	660000.000000
46.979167	0.105139	660200.000000
47.083333	0.106958	660400.000000
47.187500	0.106939	660600.000000
47.291667	0.106678	660800.000000
47.395833	0.105965	661000.000000
47.500000	0.105395	661200.000000
47.604167	0.105917	661400.000000
47.708333	0.105825	661600.000000
47.812500	0.105376	661800.000000
47.916667	0.104546	662000.000000
48.020833	0.104912	662200.000000
48.125000	0.104973	662400.000000
48.229167	0.104475	662600.000000
48.333333	0.104556	662800.000000
48.437500	0.104649	663000.000000
48.541667	0.104672	663200.000000
48.645833	0.104567	663400.000000
48.750000	0.104149	663600.000000
48.854167	0.105232	663800.000000
48.958333	0.106234	664000.000000
49.062500	0.106545	664200.000000
49.166667	0.107442	664400.000000
49.270833	0.107665	664600.000000
49.375000	0.106766	664800.000000
49.479167	0.106687	665000.000000
49.583333	0.104451	665200.000000
49.687500	0.102659	665400.000000
49.791667	0.103029	665600.000000
49.895833	0.103867	665800.000000
50.000000	0.104500	666000.000000
50.104167	0.104818	666200.000000
50.208333	0.104695	666400.000000
50.312500	0.104520	666600.000000
50.416667	0.104726	666800.000000
50.520833	0.105164	667000.000000
50.625000	0.106408	667200.000000
50.729167	0.107222	667400.000000
50.833333	0.106684	667600.000000
50.937500	0.106835	667800.000000
51.041667	0.106268	668000.000000
51.145833	0.107071	668200.000000
51.250000	0.107417	668400.000000
51.354167	0.106097	668600.000000
51.458333	0.104304	668800.000000
51.562500	0.104188	669000.000000
51.666667	0.104131	669200.000000
51.770833	0.104878	669400.000000
51.875000	0.106475	669600.000000
51.979167	0.107346	669800.000000
52.083333	0.106666	670000.000000
52.187500	0.106746	670200.000000
52.291667	0.106184	670400.000000
52.395833	0.105179	670600.000000
52.500000	0.106488	670800.000000
52.604167	0.106352	671000.000000
52.708333	0.107230	671200.000000
52.812500	0.108397	671400.000000
52.916667	0.107917	671600.000000
53.020833	0.107508	671800.000000
53.125000	0.107335	672000.000000
53.229167	0.107791	672200.000000
53.333333	0.106744	672400.000000
53.437500	0.106575	672600.000000
53.541667	0.106190	672800.000000
53.645833	0.105964	673000.000000
53.750000	0.106449	673200.000000
53.854167	0.106696	673400.000000
53.958333	0.106896	673600.000000
54.062500	0.107534	673800.000000
54.166667	0.107500	674000.000000
54.270833	0.107810	674200.000000
54.375000	0.107933	674400.000000
54.479167	0.108083	674600.000000
54.583333	0.107043	674800.000000
54.687500	0.107781	675000.000000
54.791667	0.108442	675200.000000
54.895833	0.108524	675400.000000
55.000000	0.109006	675600.000000
55.104167	0.107579	675800.000000
55.208333	0.106506	676000.000000
55.312500	0.104988	676200.000000
55.416667	0.105972	676400.000000
55.520833	0.107399	676600.000000
55.625000	0.108121	676800.000000
55.729167	0.108686	677000.000000
55.833333	0.109358	677200.000000
55.937500	0.109399	677400.000000
56.041667	0.108964	677600.000000
56.145833	0.107964	677800.000000
56.250000	0.107198	678000.000000
56.354167	0.105771	678200.000000
56.458333	0.106867	678400.000000
56.562500	0.108054	678600.000000
56.666667	0.108354	678800.000000
56.770833	0.106888	679000.000000
56.875000	0.105575	679200.000000
56.979167	0.104605	679400.000000
57.083333	0.104026	679600.000000
57.187500	0.104012	679800.000000
57.291667	0.104685	680000.000000
57.395833	0.104724	680200.000000
57.500000	0.105793	680400.000000
57.604167	0.106674	680600.000000
57.708333	0.105759	680800.000000
57.812500	0.104709	681000.000000
57.916667	0.103714	681200.000000
58.020833	0.104606	681400.000000
58.125000	0.104665	681600.000000
58.229167	0.105864	681800.000000
58.333333	0.107845	682000.000000
58.437500	0.108904	682200.000000
58.541667	0.107238	682400.000000
58.645833	0.105416	682600.000000
58.750000	0.103395	682800.000000
58.854167	0.102794	683000.000000
58.958333	0.103853	683200.000000
59.062500	0.104800	683400.000000
59.166667	0.106091	683600.000000
59.270833	0.106670	683800.000000
59.375000	0.107594	684000.000000
59.479167	0.106012	684200.000000
59.583333	0.104831	684400.000000
59.687500	0.105305	684600.000000
59.791667	0.106129	684800.000000
59.895833	0.106940	685000.000000
60.000000	0.108416	685200.000000
60.104167	0.109150	685400.000000
60.208333	0.108946	685600.000000
60.312500	0.108004	685800.000000
60.416667	0.106892	686000.000000
60.520833	0.104972	686200.000000
60.625000	0.104909	686400.000000
60.729167	0.104949	686600.000000
60.833333	0.105441	686800.000000
60.937500	0.107265	687000.000000
61.041667	0.108826	687200.000000
61.145833	0.109093	687400.000000
61.250000	0.109498	687600.000000
61.354167	0.108589	687800.000000
61.458333	0.108877	688000.000000
61.562500	0.108624	688200.000000
61.666667	0.108696	688400.000000
61.770833	0.108709	688600.000000
61.875000	0.109258	688800.000000
61.979167	0.108725	689000.000000
62.083333	0.108935	689200.000000
62.187500	0.107219	689400.000000
62.291667	0.106655	689600.000000
62.395833	0.105923	689800.000000
62.500000	0.106040	690000.000000
62.604167	0.106164	690200.000000
62.708333	0.105459	690400.000000
62.812500	0.105129	690600.000000
62.916667	0.104972	690800.000000
63.020833	0.104318	691000.000000
63.125000	0.104094	691200.000000
63.229167	0.104003	691400.000000
63.333333	0.103026	691600.000000
63.437500	0.103438	691800.000000
63.541667	0.103096	692000.000000
63.645833	0.102561	692200.000000
63.750000	0.102498	692400.000000
63.854167	0.103742	692600.000000
63.958333	0.103279	692800.000000
64.062500	0.103436	693000.000000
64.166667	0.103338	693200.000000
64.270833	0.103729	693400.000000
64.375000	0.102702	693600.000000
64.479167	0.102550	693800.000000
64.583333	0.103319	694000.000000
64.687500	0.103734	694200.000000
64.791667	0.104847	694400.000000
64.895833	0.106334	694600.000000
65.000000	0.106836	694800.000000
65.104167	0.106520	695000.000000
65.208333	0.107220	695200.000000
65.312500	0.107185	695400.000000
65.416667	0.106912	695600.000000
65.520833	0.106462	695800.000000
65.625000	0.106595	696000.000000
65.729167	0.107188	696200.000000
65.833333	0.106444	696400.000000
65.937500	0.104611	696600.000000
66.041667	0.103492	696800.000000
66.145833	0.103653	697000.000000
66.250000	0.103720	697200.000000
66.354167	0.104333	697400.000000
66.458333	0.103923	697600.000000
66.562500	0.104295	697800.000000
66.666667	0.104576	698000.000000
66.770833	0.104614	698200.000000
66.875000	0.104370	698400.000000
66.979167	0.104395	698600.000000
67.083333	0.103553	698800.000000
67.187500	0.103465	699000.000000
67.291667	0.103390	699200.000000
67.395833	0.104734	699400.000000
67.500000	0.105670	699600.000000
67.604167	0.105837	699800.000000
67.708333	0.105783	700000.000000
