0.000000	0.103989	570000.000000
0.104167	0.103758	570200.000000
0.208333	0.102950	570400.000000
0.312500	0.103272	570600.000000
0.416667	0.103662	570800.000000
0.520833	0.103495	571000.000000
0.625000	0.103497	571200.000000
0.729167	0.104084	571400.000000
0.833333	0.104571	571600.000000
0.937500	0.103501	571800.000000
1.041667	0.103073	572000.000000
1.145833	0.103764	572200.000000
1.250000	0.103427	572400.000000
1.354167	0.103992	572600.000000
1.458333	0.104028	572800.000000
1.562500	0.103635	573000.000000
1.666667	0.103517	573200.000000
1.770833	0.102352	573400.000000
1.875000	0.103356	573600.000000
1.979167	0.104064	573800.000000
2.083333	0.103645	574000.000000
2.187500	0.103288	574200.000000
2.291667	0.103699	574400.000000
2.395833	0.103957	574600.000000
2.500000	0.104031	574800.000000
2.604167	0.103980	575000.000000
2.708333	0.103772	575200.000000
2.812500	0.103857	575400.000000
2.916667	0.103373	575600.000000
3.020833	0.103933	575800.000000
3.125000	0.103608	576000.000000
3.229167	0.104108	576200.000000
3.333333	0.103888	576400.000000
3.437500	0.103411	576600.000000
3.541667	0.102792	576800.000000
3.645833	0.103387	577000.000000
3.750000	0.104458	577200.000000
3.854167	0.103500	577400.000000
3.958333	0.103704	577600.000000
4.062500	0.103298	577800.000000
4.166667	0.103840	578000.000000
4.270833	0.104113	578200.000000
4.375000	0.102964	578400.000000
4.479167	0.102911	578600.000000
4.583333	0.104283	578800.000000
4.687500	0.103954	579000.000000
4.791667	0.103468	579200.000000
4.895833	0.103551	579400.000000
5.000000	0.103899	579600.000000
5.104167	0.102821	579800.000000
5.208333	0.103568	580000.000000
5.312500	0.103939	580200.000000
5.416667	0.102953	580400.000000
5.520833	0.103985	580600.000000
5.625000	0.104157	580800.000000
5.729167	0.103901	581000.000000
5.833333	0.103338	581200.000000
5.937500	0.104308	581400.000000
6.041667	0.102966	581600.000000
6.145833	0.102838	581800.000000
6.250000	0.103978	582000.000000
6.354167	0.104062	582200.000000
6.458333	0.103219	582400.000000
6.562500	0.104571	582600.000000
6.666667	0.103947	582800.000000
6.770833	0.103565	583000.000000
6.875000	0.104404	583200.000000
6.979167	0.103766	583400.000000
7.083333	0.103625	583600.000000
7.187500	0.104126	583800.000000
7.291667	0.104476	584000.000000
7.395833	0.103842	584200.000000
7.500000	0.103441	584400.000000
7.604167	0.103874	584600.000000
7.708333	0.102399	584800.000000
7.812500	0.103742	585000.000000
7.916667	0.103586	585200.000000
8.020833	0.103040	585400.000000
8.125000	0.103313	585600.000000
8.229167	0.102823	585800.000000
8.333333	0.102479	586000.000000
8.437500	0.102872	586200.000000
8.541667	0.103012	586400.000000
8.645833	0.102247	586600.000000
8.750000	0.101880	586800.000000
8.854167	0.102818	587000.000000
8.958333	0.101834	587200.000000
9.062500	0.101858	587400.000000
9.166667	0.102234	587600.000000
9.270833	0.100855	587800.000000
9.375000	0.100681	588000.000000
9.479167	0.101263	588200.000000
9.583333	0.099859	588400.000000
9.687500	0.099208	588600.000000
9.791667	0.099647	588800.000000
9.895833	0.098535	589000.000000
10.000000	0.098361	589200.000000
10.104167	0.098014	589400.000000
10.208333	0.097627	589600.000000
10.312500	0.096743	589800.000000
10.416667	0.096022	590000.000000
10.520833	0.095691	590200.000000
10.625000	0.094199	590400.000000
10.729167	0.093530	590600.000000
10.833333	0.092010	590800.000000
10.937500	0.090228	591000.000000
11.041667	0.088729	591200.000000
11.145833	0.087134	591400.000000
11.250000	0.084839	591600.000000
11.354167	0.083087	591800.000000
11.458333	0.080930	592000.000000
11.562500	0.077645	592200.000000
11.666667	0.073989	592400.000000
11.770833	0.070637	592600.000000
11.875000	0.065614	592800.000000
11.979167	0.060849	593000.000000
12.083333	0.056060	593200.000000
12.187500	0.050412	593400.000000
12.291667	0.043228	593600.000000
12.395833	0.035860	593800.000000
12.500000	0.027789	594000.000000
12.604167	0.017403	594200.000000
12.708333	0.007367	594400.000000
12.812500	-0.004656	594600.000000
12.916667	-0.017720	594800.000000
13.020833	-0.032032	595000.000000
13.125000	-0.048071	595200.000000
13.229167	-0.062999	595400.000000
13.333333	-0.076046	595600.000000
13.437500	-0.083614	595800.000000
13.541667	-0.075314	596000.000000
13.645833	-0.026226	596200.000000
13.750000	0.093070	596400.000000
13.854167	0.324244	596600.000000
13.958333	0.673990	596800.000000
14.062500	1.068458	597000.000000
14.166667	1.378696	597200.000000
14.270833	1.452609	597400.000000
14.375000	1.248441	597600.000000
14.479167	0.860111	597800.000000
14.583333	0.447429	598000.000000
14.687500	0.111005	598200.000000
14.791667	-0.093180	598400.000000
14.895833	-0.182832	598600.000000
15.000000	-0.197448	598800.000000
15.104167	-0.176202	599000.000000
15.208333	-0.149961	599200.000000
15.312500	-0.131950	599400.000000
15.416667	-0.120529	599600.000000
15.520833	-0.114783	599800.000000
15.625000	-0.117548	600000.000000
15.729167	-0.133155	600200.000000
15.833333	-0.157284	600400.000000
15.937500	-0.170899	600600.000000
16.041667	-0.153261	600800.000000
16.145833	-0.106614	601000.000000
16.250000	-0.049110	601200.000000
16.354167	-0.011035	601400.000000
16.458333	0.000561	601600.000000
16.562500	-0.004933	601800.000000
16.666667	-0.012793	602000.000000
16.770833	-0.018116	602200.000000
16.875000	-0.016226	602400.000000
16.979167	-0.005945	602600.000000
17.083333	0.012777	602800.000000
17.187500	0.037286	603000.000000
17.291667	0.063783	603200.000000
17.395833	0.079515	603400.000000
17.500000	0.078391	603600.000000
17.604167	0.060903	603800.000000
17.708333	0.041007	604000.000000
17.812500	0.036134	604200.000000
17.916667	0.053893	604400.000000
18.020833	0.086114	604600.000000
18.125000	0.109272	604800.000000
18.229167	0.112461	605000.000000
18.333333	0.101143	605200.000000
18.437500	0.092706	605400.000000
18.541667	0.097951	605600.000000
18.645833	0.111277	605800.000000
18.750000	0.124236	606000.000000
18.854167	0.130287	606200.000000
18.958333	0.127794	606400.000000
19.062500	0.120111	606600.000000
19.166667	0.108612	606800.000000
19.270833	0.097005	607000.000000
19.375000	0.084454	607200.000000
19.479167	0.072168	607400.000000
19.583333	0.065785	607600.000000
19.687500	0.071593	607800.000000
19.791667	0.084871	608000.000000
19.895833	0.095329	608200.000000
20.000000	0.103783	608400.000000
20.104167	0.109604	608600.000000
20.208333	0.114378	608800.000000
20.312500	0.113973	609000.000000
20.416667	0.109860	609200.000000
20.520833	0.101340	609400.000000
20.625000	0.095276	609600.000000
20.729167	0.096168	609800.000000
20.833333	0.103754	610000.000000
20.937500	0.108888	610200.000000
21.041667	0.108710	610400.000000
21.145833	0.104422	610600.000000
21.250000	0.098447	610800.000000
21.354167	0.094575	611000.000000
21.458333	0.095937	611200.000000
21.562500	0.105351	611400.000000
21.666667	0.116813	611600.000000
21.770833	0.126547	611800.000000
21.875000	0.132675	612000.000000
21.979167	0.134309	612200.000000
22.083333	0.135570	612400.000000
22.187500	0.139054	612600.000000
22.291667	0.141283	612800.000000
22.395833	0.140989	613000.000000
22.500000	0.136753	613200.000000
22.604167	0.135148	613400.000000
22.708333	0.138773	613600.000000
22.812500	0.142766	613800.000000
22.916667	0.141341	614000.000000
23.020833	0.133584	614200.000000
23.125000	0.120244	614400.000000
23.229167	0.104912	614600.000000
23.333333	0.092995	614800.000000
23.437500	0.090309	615000.000000
23.541667	0.098836	615200.000000
23.645833	0.113860	615400.000000
23.750000	0.128593	615600.000000
23.854167	0.134400	615800.000000
23.958333	0.132140	616000.000000
24.062500	0.125841	616200.000000
24.166667	0.115068	616400.000000
24.270833	0.103958	616600.000000
24.375000	0.098751	616800.000000
24.479167	0.098397	617000.000000
24.583333	0.099037	617200.000000
24.687500	0.098678	617400.000000
24.791667	0.096176	617600.000000
24.895833	0.091702	617800.000000
25.000000	0.089383	618000.000000
25.104167	0.087313	618200.000000
25.208333	0.088894	618400.000000
25.312500	0.094829	618600.000000
25.416667	0.104200	618800.000000
25.520833	0.115072	619000.000000
25.625000	0.125917	619200.000000
25.729167	0.136268	619400.000000
25.833333	0.140231	619600.000000
25.937500	0.133177	619800.000000
26.041667	0.118508	620000.000000
26.145833	0.100888	620200.000000
26.250000	0.089945	620400.000000
26.354167	0.092914	620600.000000
26.458333	0.108314	620800.000000
26.562500	0.124376	621000.000000
26.666667	0.130454	621200.000000
26.770833	0.123107	621400.000000
26.875000	0.107652	621600.000000
26.979167	0.095594	621800.000000
27.083333	0.095214	622000.000000
27.187500	0.104941	622200.000000
27.291667	0.119128	622400.000000
27.395833	0.129210	622600.000000
27.500000	0.132522	622800.000000
27.604167	0.133329	623000.000000
27.708333	0.130625	623200.000000
27.812500	0.124988	623400.000000
27.916667	0.116964	623600.000000
28.020833	0.111417	623800.000000
28.125000	0.114157	624000.000000
28.229167	0.124758	624200.000000
28.333333	0.134219	624400.000000
28.437500	0.131972	624600.000000
28.541667	0.117272	624800.000000
28.645833	0.098762	625000.000000
28.750000	0.087984	625200.000000
28.854167	0.091997	625400.000000
28.958333	0.104364	625600.000000
29.062500	0.117179	625800.000000
29.166667	0.128472	626000.000000
29.270833	0.138989	626200.000000
29.375000	0.144354	626400.000000
29.479167	0.140743	626600.000000
29.583333	0.124330	626800.000000
29.687500	0.103051	627000.000000
29.791667	0.089089	627200.000000
29.895833	0.090383	627400.000000
30.000000	0.105069	627600.000000
30.104167	0.118153	627800.000000
30.208333	0.115841	628000.000000
30.312500	0.098339	628200.000000
30.416667	0.076941	628400.000000
30.520833	0.068406	628600.000000
30.625000	0.077255	628800.000000
30.729167	0.097099	629000.000000
30.833333	0.116820	629200.000000
30.937500	0.129962	629400.000000
31.041667	0.133444	629600.000000
31.145833	0.127562	629800.000000
31.250000	0.113492	630000.000000
31.354167	0.099265	630200.000000
31.458333	0.090978	630400.000000
31.562500	0.090496	630600.000000
31.666667	0.097493	630800.000000
31.770833	0.107779	631000.000000
31.875000	0.117717	631200.000000
31.979167	0.118621	631400.000000
32.083333	0.109684	631600.000000
32.187500	0.093308	631800.000000
32.291667	0.080737	632000.000000
32.395833	0.077313	632200.000000
32.500000	0.085343	632400.000000
32.604167	0.097224	632600.000000
32.708333	0.107570	632800.000000
32.812500	0.112196	633000.000000
32.916667	0.111947	633200.000000
33.020833	0.108053	633400.000000
33.125000	0.101529	633600.000000
33.229167	0.094505	633800.000000
33.333333	0.089409	634000.000000
33.437500	0.091945	634200.000000
33.541667	0.100589	634400.000000
33.645833	0.108235	634600.000000
33.750000	0.105862	634800.000000
33.854167	0.092396	635000.000000
33.958333	0.074272	635200.000000
34.062500	0.065397	635400.000000
34.166667	0.070270	635600.000000
34.270833	0.083423	635800.000000
34.375000	0.097200	636000.000000
34.479167	0.103944	636200.000000
34.583333	0.106765	636400.000000
34.687500	0.106435	636600.000000
34.791667	0.105594	636800.000000
34.895833	0.103100	637000.000000
35.000000	0.101233	637200.000000
35.104167	0.099403	637400.000000
35.208333	0.099053	637600.000000
35.312500	0.096114	637800.000000
35.416667	0.092522	638000.000000
35.520833	0.087091	638200.000000
35.625000	0.084104	638400.000000
35.729167	0.084951	638600.000000
35.833333	0.089815	638800.000000
35.937500	0.095043	639000.000000
36.041667	0.099692	639200.000000
36.145833	0.101748	639400.000000
36.250000	0.101688	639600.000000
36.354167	0.102022	639800.000000
36.458333	0.103441	640000.000000
36.562500	0.103103	640200.000000
36.666667	0.099724	640400.000000
36.770833	0.096384	640600.000000
36.875000	0.096212	640800.000000
36.979167	0.097730	641000.000000
37.083333	0.100007	641200.000000
37.187500	0.100738	641400.000000
37.291667	0.097750	641600.000000
37.395833	0.093086	641800.000000
37.500000	0.089114	642000.000000
37.604167	0.088949	642200.000000
37.708333	0.092733	642400.000000
37.812500	0.097988	642600.000000
37.916667	0.100014	642800.000000
38.020833	0.098731	643000.000000
38.125000	0.095730	643200.000000
38.229167	0.095478	643400.000000
38.333333	0.098756	643600.000000
38.437500	0.104162	643800.000000
38.541667	0.108796	644000.000000
38.645833	0.110796	644200.000000
38.750000	0.109286	644400.000000
38.854167	0.106099	644600.000000
38.958333	0.100371	644800.000000
39.062500	0.093080	645000.000000
39.166667	0.087270	645200.000000
39.270833	0.087198	645400.000000
39.375000	0.093459	645600.000000
39.479167	0.099900	645800.000000
39.583333	0.099448	646000.000000
39.687500	0.095300	646200.000000
39.791667	0.095828	646400.000000
39.895833	0.102463	646600.000000
40.000000	0.113763	646800.000000
40.104167	0.120825	647000.000000
40.208333	0.123114	647200.000000
40.312500	0.120497	647400.000000
40.416667	0.115846	647600.000000
40.520833	0.109146	647800.000000
40.625000	0.103731	648000.000000
40.729167	0.099736	648200.000000
40.833333	0.096240	648400.000000
40.937500	0.095716	648600.000000
41.041667	0.100860	648800.000000
41.145833	0.107676	649000.000000
41.250000	0.114018	649200.000000
41.354167	0.114692	649400.000000
41.458333	0.109598	649600.000000
41.562500	0.105352	649800.000000
41.666667	0.104213	650000.000000
41.770833	0.107671	650200.000000
41.875000	0.113421	650400.000000
41.979167	0.120690	650600.000000
42.083333	0.124828	650800.000000
42.187500	0.125196	651000.000000
42.291667	0.118704	651200.000000
42.395833	0.108647	651400.000000
42.500000	0.099450	651600.000000
42.604167	0.098120	651800.000000
42.708333	0.104419	652000.000000
42.812500	0.113032	652200.000000
42.916667	0.120132	652400.000000
43.020833	0.119546	652600.000000
43.125000	0.113790	652800.000000
43.229167	0.105426	653000.000000
43.333333	0.098519	653200.000000
43.437500	0.098993	653400.000000
43.541667	0.106132	653600.000000
43.645833	0.115058	653800.000000
43.750000	0.122210	654000.000000
43.854167	0.126532	654200.000000
43.958333	0.127011	654400.000000
44.062500	0.119846	654600.000000
44.166667	0.111290	654800.000000
44.270833	0.103771	655000.000000
44.375000	0.099323	655200.000000
44.479167	0.097855	655400.000000
44.583333	0.098136	655600.000000
44.687500	0.097024	655800.000000
44.791667	0.098752	656000.000000
44.895833	0.099891	656200.000000
45.000000	0.100535	656400.000000
45.104167	0.100084	656600.000000
45.208333	0.101223	656800.000000
45.312500	0.104913	657000.000000
45.416667	0.110159	657200.000000
45.520833	0.115431	657400.000000
45.625000	0.118403	657600.000000
45.729167	0.117605	657800.000000
45.833333	0.111110	658000.000000
45.937500	0.102179	658200.000000
46.041667	0.095278	658400.000000
46.145833	0.093699	658600.000000
46.250000	0.095152	658800.000000
46.354167	0.099321	659000.000000
46.458333	0.101775	659200.000000
46.562500	0.102430	659400.000000
46.666667	0.099749	659600.000000
46.770833	0.097630	659800.000000
46.875000	0.097420	660000.000000
46.979167	0.099313	660200.000000
47.083333	0.104095	660400.000000
47.187500	0.107673	660600.000000
47.291667	0.107487	660800.000000
47.395833	0.103735	661000.000000
47.500000	0.100960	661200.000000
47.604167	0.101677	661400.000000
47.708333	0.103083	661600.000000
47.812500	0.102604	661800.000000
47.916667	0.099697	662000.000000
48.020833	0.098650	662200.000000
48.125000	0.098269	662400.000000
48.229167	0.098197	662600.000000
48.333333	0.097869	662800.000000
48.437500	0.096664	663000.000000
48.541667	0.095846	663200.000000
48.645833	0.095246	663400.000000
48.750000	0.095290	663600.000000
48.854167	0.096962	663800.000000
48.958333	0.099511	664000.000000
49.062500	0.104725	664200.000000
49.166667	0.110196	664400.000000
49.270833	0.113077	664600.000000
49.375000	0.114476	664800.000000
49.479167	0.110646	665000.000000
49.583333	0.103449	665200.000000
49.687500	0.096241	665400.000000
49.791667	0.091865	665600.000000
49.895833	0.092607	665800.000000
50.000000	0.093864	666000.000000
50.104167	0.097406	666200.000000
50.208333	0.098603	666400.000000
50.312500	0.098687	666600.000000
50.416667	0.098576	666800.000000
50.520833	0.100013	667000.000000
50.625000	0.102603	667200.000000
50.729167	0.106763	667400.000000
50.833333	0.109500	667600.000000
50.937500	0.109876	667800.000000
51.041667	0.109813	668000.000000
51.145833	0.109643	668200.000000
51.250000	0.108914	668400.000000
51.354167	0.106702	668600.000000
51.458333	0.100608	668800.000000
51.562500	0.095420	669000.000000
51.666667	0.094136	669200.000000
51.770833	0.095635	669400.000000
51.875000	0.100866	669600.000000
51.979167	0.106705	669800.000000
52.083333	0.110159	670000.000000
52.187500	0.109829	670200.000000
52.291667	0.107016	670400.000000
52.395833	0.104820	670600.000000
52.500000	0.104238	670800.000000
52.604167	0.104688	671000.000000
52.708333	0.106053	671200.000000
52.812500	0.108476	671400.000000
52.916667	0.110480	671600.000000
53.020833	0.111864	671800.000000
53.125000	0.112027	672000.000000
53.229167	0.111476	672200.000000
53.333333	0.110240	672400.000000
53.437500	0.109060	672600.000000
53.541667	0.106339	672800.000000
53.645833	0.103287	673000.000000
53.750000	0.100431	673200.000000
53.854167	0.101182	673400.000000
53.958333	0.105114	673600.000000
54.062500	0.108429	673800.000000
54.166667	0.110558	674000.000000
54.270833	0.111800	674200.000000
54.375000	0.111778	674400.000000
54.479167	0.112344	674600.000000
54.583333	0.111307	674800.000000
54.687500	0.110443	675000.000000
54.791667	0.111336	675200.000000
54.895833	0.116122	675400.000000
55.000000	0.118610	675600.000000
55.104167	0.116728	675800.000000
55.208333	0.109316	676000.000000
55.312500	0.102258	676200.000000
55.416667	0.100486	676400.000000
55.520833	0.103499	676600.000000
55.625000	0.110072	676800.000000
55.729167	0.114929	677000.000000
55.833333	0.117529	677200.000000
55.937500	0.117364	677400.000000
56.041667	0.116700	677600.000000
56.145833	0.114993	677800.000000
56.250000	0.112842	678000.000000
56.354167	0.110032	678200.000000
56.458333	0.107928	678400.000000
56.562500	0.108631	678600.000000
56.666667	0.109825	678800.000000
56.770833	0.108713	679000.000000
56.875000	0.106491	679200.000000
56.979167	0.100600	679400.000000
57.083333	0.095609	679600.000000
57.187500	0.092394	679800.000000
57.291667	0.092768	680000.000000
57.395833	0.096461	680200.000000
57.500000	0.101731	680400.000000
57.604167	0.106217	680600.000000
57.708333	0.104893	680800.000000
57.812500	0.101378	681000.000000
57.916667	0.095518	681200.000000
58.020833	0.091752	681400.000000
58.125000	0.093999	681600.000000
58.229167	0.100946	681800.000000
58.333333	0.108907	682000.000000
58.437500	0.114374	682200.000000
58.541667	0.113107	682400.000000
58.645833	0.106956	682600.000000
58.750000	0.096600	682800.000000
58.854167	0.089226	683000.000000
58.958333	0.088444	683200.000000
59.062500	0.092517	683400.000000
59.166667	0.100352	683600.000000
59.270833	0.107226	683800.000000
59.375000	0.109080	684000.000000
59.479167	0.106387	684200.000000
59.583333	0.101378	684400.000000
59.687500	0.099469	684600.000000
59.791667	0.101434	684800.000000
59.895833	0.108389	685000.000000
60.000000	0.114970	685200.000000
60.104167	0.120120	685400.000000
60.208333	0.120380	685600.000000
60.312500	0.116527	685800.000000
60.416667	0.110503	686000.000000
60.520833	0.103055	686200.000000
60.625000	0.098440	686400.000000
60.729167	0.097782	686600.000000
60.833333	0.101031	686800.000000
60.937500	0.107302	687000.000000
61.041667	0.113355	687200.000000
61.145833	0.117644	687400.000000
61.250000	0.119623	687600.000000
61.354167	0.119059	687800.000000
61.458333	0.117922	688000.000000
61.562500	0.116191	688200.000000
61.666667	0.116706	688400.000000
61.770833	0.118904	688600.000000
61.875000	0.120949	688800.000000
61.979167	0.120953	689000.000000
62.083333	0.119799	689200.000000
62.187500	0.114973	689400.000000
62.291667	0.109829	689600.000000
62.395833	0.106113	689800.000000
62.500000	0.104950	690000.000000
62.604167	0.104900	690200.000000
62.708333	0.104037	690400.000000
62.812500	0.103022	690600.000000
62.916667	0.099510	690800.000000
63.020833	0.095437	691000.000000
63.125000	0.092666	691200.000000
63.229167	0.092121	691400.000000
63.333333	0.092425	691600.000000
63.437500	0.091391	691800.000000
63.541667	0.089634	692000.000000
63.645833	0.088613	692200.000000
63.750000	0.087491	692400.000000
63.854167	0.089438	692600.000000
63.958333	0.091185	692800.000000
64.062500	0.091447	693000.000000
64.166667	0.091312	693200.000000
64.270833	0.090950	693400.000000
64.375000	0.088468	693600.000000
64.479167	0.087045	693800.000000
64.583333	0.087677	694000.000000
64.687500	0.089719	694200.000000
64.791667	0.094659	694400.000000
64.895833	0.100230	694600.000000
65.000000	0.105340	694800.000000
65.104167	0.107379	695000.000000
65.208333	0.108796	695200.000000
65.312500	0.108878	695400.000000
65.416667	0.108664	695600.000000
65.520833	0.109074	695800.000000
65.625000	0.109105	696000.000000
65.729167	0.107858	696200.000000
65.833333	0.105022	696400.000000
65.937500	0.101758	696600.000000
66.041667	0.096994	696800.000000
66.145833	0.094391	697000.000000
66.250000	0.093872	697200.000000
66.354167	0.095849	697400.000000
66.458333	0.099418	697600.000000
66.562500	0.101185	697800.000000
66.666667	0.102260	698000.000000
66.770833	0.102922	698200.000000
66.875000	0.102162	698400.000000
66.979167	0.099300	698600.000000
67.083333	0.096691	698800.000000
67.187500	0.095640	699000.000000
67.291667	0.097207	699200.000000
67.395833	0.101805	699400.000000
67.500000	0.107252	699600.000000
67.604167	0.109350	699800.000000
67.708333	0.108756	700000.000000
