0.000000	0.102581	570000.000000
0.104167	0.102322	570200.000000
0.208333	0.102280	570400.000000
0.312500	0.102536	570600.000000
0.416667	0.102044	570800.000000
0.520833	0.102988	571000.000000
0.625000	0.103064	571200.000000
0.729167	0.102437	571400.000000
0.833333	0.103726	571600.000000
0.937500	0.103159	571800.000000
1.041667	0.102457	572000.000000
1.145833	0.102894	572200.000000
1.250000	0.103095	572400.000000
1.354167	0.102627	572600.000000
1.458333	0.102394	572800.000000
1.562500	0.102293	573000.000000
1.666667	0.102376	573200.000000
1.770833	0.102524	573400.000000
1.875000	0.102894	573600.000000
1.979167	0.103022	573800.000000
2.083333	0.102833	574000.000000
2.187500	0.102604	574200.000000
2.291667	0.103039	574400.000000
2.395833	0.102947	574600.000000
2.500000	0.102609	574800.000000
2.604167	0.102788	575000.000000
2.708333	0.103251	575200.000000
2.812500	0.102613	575400.000000
2.916667	0.102424	575600.000000
3.020833	0.103025	575800.000000
3.125000	0.102723	576000.000000
3.229167	0.103560	576200.000000
3.333333	0.103142	576400.000000
3.437500	0.102533	576600.000000
3.541667	0.103005	576800.000000
3.645833	0.103119	577000.000000
3.750000	0.102027	577200.000000
3.854167	0.102629	577400.000000
3.958333	0.102712	577600.000000
4.062500	0.102459	577800.000000
4.166667	0.101990	578000.000000
4.270833	0.102870	578200.000000
4.375000	0.102491	578400.000000
4.479167	0.102903	578600.000000
4.583333	0.102484	578800.000000
4.687500	0.102916	579000.000000
4.791667	0.102410	579200.000000
4.895833	0.103159	579400.000000
5.000000	0.102533	579600.000000
5.104167	0.102256	579800.000000
5.208333	0.103286	580000.000000
5.312500	0.102707	580200.000000
5.416667	0.102911	580400.000000
5.520833	0.103489	580600.000000
5.625000	0.103172	580800.000000
5.729167	0.102507	581000.000000
5.833333	0.103064	581200.000000
5.937500	0.103264	581400.000000
6.041667	0.102051	581600.000000
6.145833	0.102699	581800.000000
6.250000	0.103287	582000.000000
6.354167	0.102421	582200.000000
6.458333	0.103236	582400.000000
6.562500	0.102873	582600.000000
6.666667	0.102819	582800.000000
6.770833	0.102911	583000.000000
6.875000	0.103249	583200.000000
6.979167	0.102721	583400.000000
7.083333	0.102353	583600.000000
7.187500	0.102742	583800.000000
7.291667	0.101941	584000.000000
7.395833	0.102131	584200.000000
7.500000	0.102117	584400.000000
7.604167	0.101749	584600.000000
7.708333	0.101692	584800.000000
7.812500	0.101835	585000.000000
7.916667	0.101539	585200.000000
8.020833	0.101269	585400.000000
8.125000	0.101877	585600.000000
8.229167	0.101464	585800.000000
8.333333	0.100370	586000.000000
8.437500	0.100598	586200.000000
8.541667	0.101049	586400.000000
8.645833	0.100198	586600.000000
8.750000	0.100019	586800.000000
8.854167	0.099651	587000.000000
8.958333	0.099397	587200.000000
9.062500	0.098531	587400.000000
9.166667	0.098758	587600.000000
9.270833	0.098086	587800.000000
9.375000	0.098337	588000.000000
9.479167	0.098250	588200.000000
9.583333	0.097406	588400.000000
9.687500	0.096235	588600.000000
9.791667	0.096125	588800.000000
9.895833	0.095350	589000.000000
10.000000	0.094221	589200.000000
10.104167	0.093597	589400.000000
10.208333	0.091858	589600.000000
10.312500	0.090676	589800.000000
10.416667	0.089818	590000.000000
10.520833	0.087763	590200.000000
10.625000	0.086284	590400.000000
10.729167	0.084363	590600.000000
10.833333	0.082508	590800.000000
10.937500	0.080117	591000.000000
11.041667	0.077810	591200.000000
11.145833	0.074649	591400.000000
11.250000	0.070671	591600.000000
11.354167	0.067426	591800.000000
11.458333	0.062830	592000.000000
11.562500	0.057988	592200.000000
11.666667	0.053296	592400.000000
11.770833	0.046872	592600.000000
11.875000	0.038890	592800.000000
11.979167	0.031039	593000.000000
12.083333	0.021912	593200.000000
12.187500	0.011742	593400.000000
12.291667	0.000090	593600.000000
12.395833	-0.012596	593800.000000
12.500000	-0.026538	594000.000000
12.604167	-0.043619	594200.000000
12.708333	-0.061330	594400.000000
12.812500	-0.082288	594600.000000
12.916667	-0.104135	594800.000000
13.020833	-0.127762	595000.000000
13.125000	-0.153919	595200.000000
13.229167	-0.179228	595400.000000
13.333333	-0.202604	595600.000000
13.437500	-0.214333	595800.000000
13.541667	-0.198946	596000.000000
13.645833	-0.119908	596200.000000
13.750000	0.078147	596400.000000
13.854167	0.464157	596600.000000
13.958333	1.046255	596800.000000
14.062500	1.722494	597000.000000
14.166667	2.261717	597200.000000
14.270833	2.402747	597400.000000
14.375000	2.073228	597600.000000
14.479167	1.426664	597800.000000
14.583333	0.716058	598000.000000
14.687500	0.130394	598200.000000
14.791667	-0.233848	598400.000000
14.895833	-0.394193	598600.000000
15.000000	-0.418969	598800.000000
15.104167	-0.382124	599000.000000
15.208333	-0.334747	599200.000000
15.312500	-0.301455	599400.000000
15.416667	-0.281299	599600.000000
15.520833	-0.269595	599800.000000
15.625000	-0.272233	600000.000000
15.729167	-0.298553	600200.000000
15.833333	-0.340188	600400.000000
15.937500	-0.364213	600600.000000
16.041667	-0.339163	600800.000000
16.145833	-0.258734	601000.000000
16.250000	-0.161859	601200.000000
16.354167	-0.093770	601400.000000
16.458333	-0.070599	601600.000000
16.562500	-0.079472	601800.000000
16.666667	-0.094320	602000.000000
16.770833	-0.103667	602200.000000
16.875000	-0.099853	602400.000000
16.979167	-0.083281	602600.000000
17.083333	-0.052637	602800.000000
17.187500	-0.011292	603000.000000
17.291667	0.032931	603200.000000
17.395833	0.062639	603400.000000
17.500000	0.062491	603600.000000
17.604167	0.032979	603800.000000
17.708333	-0.002435	604000.000000
17.812500	-0.012517	604200.000000
17.916667	0.017454	604400.000000
18.020833	0.069495	604600.000000
18.125000	0.111465	604800.000000
18.229167	0.119093	605000.000000
18.333333	0.100923	605200.000000
18.437500	0.085402	605400.000000
18.541667	0.092802	605600.000000
18.645833	0.115251	605800.000000
18.750000	0.137507	606000.000000
18.854167	0.148946	606200.000000
18.958333	0.145582	606400.000000
19.062500	0.132376	606600.000000
19.166667	0.113259	606800.000000
19.270833	0.092481	607000.000000
19.375000	0.069851	607200.000000
19.479167	0.047665	607400.000000
19.583333	0.037874	607600.000000
19.687500	0.047604	607800.000000
19.791667	0.068836	608000.000000
19.895833	0.088668	608200.000000
20.000000	0.103344	608400.000000
20.104167	0.114725	608600.000000
20.208333	0.122148	608800.000000
20.312500	0.123262	609000.000000
20.416667	0.115361	609200.000000
20.520833	0.101635	609400.000000
20.625000	0.089592	609600.000000
20.729167	0.091018	609800.000000
20.833333	0.102339	610000.000000
20.937500	0.111850	610200.000000
21.041667	0.112499	610400.000000
21.145833	0.105105	610600.000000
21.250000	0.094926	610800.000000
21.354167	0.086577	611000.000000
21.458333	0.089626	611200.000000
21.562500	0.103299	611400.000000
21.666667	0.123845	611600.000000
21.770833	0.140418	611800.000000
21.875000	0.149989	612000.000000
21.979167	0.152976	612200.000000
22.083333	0.155943	612400.000000
22.187500	0.160971	612600.000000
22.291667	0.164800	612800.000000
22.395833	0.164448	613000.000000
22.500000	0.157599	613200.000000
22.604167	0.155299	613400.000000
22.708333	0.160763	613600.000000
22.812500	0.166961	613800.000000
22.916667	0.165547	614000.000000
23.020833	0.152660	614200.000000
23.125000	0.131224	614400.000000
23.229167	0.104258	614600.000000
23.333333	0.083926	614800.000000
23.437500	0.080342	615000.000000
23.541667	0.095629	615200.000000
23.645833	0.121115	615400.000000
23.750000	0.147040	615600.000000
23.854167	0.158071	615800.000000
23.958333	0.155157	616000.000000
24.062500	0.143063	616200.000000
24.166667	0.125517	616400.000000
24.270833	0.107262	616600.000000
24.375000	0.096727	616800.000000
24.479167	0.094152	617000.000000
24.583333	0.095957	617200.000000
24.687500	0.094671	617400.000000
24.791667	0.089207	617600.000000
24.895833	0.082238	617800.000000
25.000000	0.074588	618000.000000
25.104167	0.070072	618200.000000
25.208333	0.072249	618400.000000
25.312500	0.080919	618600.000000
25.416667	0.096882	618800.000000
25.520833	0.114952	619000.000000
25.625000	0.137118	619200.000000
25.729167	0.156874	619400.000000
25.833333	0.166499	619600.000000
25.937500	0.158282	619800.000000
26.041667	0.132954	620000.000000
26.145833	0.103007	620200.000000
26.250000	0.084344	620400.000000
26.354167	0.087121	620600.000000
26.458333	0.111568	620800.000000
26.562500	0.138849	621000.000000
26.666667	0.150453	621200.000000
26.770833	0.136859	621400.000000
26.875000	0.110863	621600.000000
26.979167	0.089896	621800.000000
27.083333	0.087025	622000.000000
27.187500	0.104304	622200.000000
27.291667	0.127889	622400.000000
27.395833	0.145571	622600.000000
27.500000	0.152371	622800.000000
27.604167	0.153243	623000.000000
27.708333	0.148910	623200.000000
27.812500	0.140116	623400.000000
27.916667	0.126179	623600.000000
28.020833	0.116155	623800.000000
28.125000	0.120408	624000.000000
28.229167	0.136903	624200.000000
28.333333	0.153105	624400.000000
28.437500	0.151092	624600.000000
28.541667	0.127761	624800.000000
28.645833	0.095383	625000.000000
28.750000	0.077988	625200.000000
28.854167	0.082700	625400.000000
28.958333	0.103251	625600.000000
29.062500	0.126116	625800.000000
29.166667	0.144919	626000.000000
29.270833	0.162936	626200.000000
29.375000	0.172829	626400.000000
29.479167	0.165714	626600.000000
29.583333	0.139358	626800.000000
29.687500	0.102124	627000.000000
29.791667	0.078421	627200.000000
29.895833	0.081218	627400.000000
30.000000	0.106517	627600.000000
30.104167	0.128819	627800.000000
30.208333	0.126137	628000.000000
30.312500	0.096622	628200.000000
30.416667	0.058996	628400.000000
30.520833	0.043171	628600.000000
30.625000	0.057232	628800.000000
30.729167	0.091469	629000.000000
30.833333	0.125700	629200.000000
30.937500	0.148423	629400.000000
31.041667	0.154669	629600.000000
31.145833	0.143253	629800.000000
31.250000	0.119228	630000.000000
31.354167	0.095253	630200.000000
31.458333	0.079831	630400.000000
31.562500	0.079296	630600.000000
31.666667	0.090244	630800.000000
31.770833	0.108628	631000.000000
31.875000	0.125138	631200.000000
31.979167	0.127283	631400.000000
32.083333	0.111408	631600.000000
32.187500	0.084905	631800.000000
32.291667	0.063144	632000.000000
32.395833	0.057953	632200.000000
32.500000	0.071052	632400.000000
32.604167	0.091711	632600.000000
32.708333	0.108576	632800.000000
32.812500	0.116213	633000.000000
32.916667	0.116223	633200.000000
33.020833	0.110612	633400.000000
33.125000	0.100039	633600.000000
33.229167	0.087438	633800.000000
33.333333	0.078805	634000.000000
33.437500	0.083694	634200.000000
33.541667	0.097324	634400.000000
33.645833	0.109757	634600.000000
33.750000	0.107935	634800.000000
33.854167	0.084952	635000.000000
33.958333	0.054897	635200.000000
34.062500	0.038193	635400.000000
34.166667	0.046531	635600.000000
34.270833	0.068272	635800.000000
34.375000	0.090652	636000.000000
34.479167	0.103443	636200.000000
34.583333	0.109177	636400.000000
34.687500	0.110067	636600.000000
34.791667	0.109310	636800.000000
34.895833	0.105949	637000.000000
35.000000	0.102208	637200.000000
35.104167	0.099860	637400.000000
35.208333	0.098390	637600.000000
35.312500	0.092792	637800.000000
35.416667	0.084933	638000.000000
35.520833	0.075388	638200.000000
35.625000	0.070740	638400.000000
35.729167	0.072007	638600.000000
35.833333	0.080031	638800.000000
35.937500	0.089016	639000.000000
36.041667	0.096399	639200.000000
36.145833	0.100160	639400.000000
36.250000	0.101170	639600.000000
36.354167	0.103756	639800.000000
36.458333	0.104623	640000.000000
36.562500	0.103294	640200.000000
36.666667	0.097285	640400.000000
36.770833	0.089943	640600.000000
36.875000	0.087506	640800.000000
36.979167	0.090805	641000.000000
37.083333	0.096146	641200.000000
37.187500	0.097665	641400.000000
37.291667	0.093672	641600.000000
37.395833	0.085353	641800.000000
37.500000	0.077186	642000.000000
37.604167	0.076693	642200.000000
37.708333	0.084372	642400.000000
37.812500	0.093164	642600.000000
37.916667	0.096392	642800.000000
38.020833	0.092828	643000.000000
38.125000	0.088445	643200.000000
38.229167	0.087275	643400.000000
38.333333	0.093103	643600.000000
38.437500	0.101558	643800.000000
38.541667	0.108897	644000.000000
38.645833	0.113199	644200.000000
38.750000	0.112383	644400.000000
38.854167	0.106460	644600.000000
38.958333	0.097119	644800.000000
39.062500	0.084960	645000.000000
39.166667	0.074706	645200.000000
39.270833	0.075467	645400.000000
39.375000	0.086910	645600.000000
39.479167	0.096599	645800.000000
39.583333	0.097314	646000.000000
39.687500	0.091272	646200.000000
39.791667	0.090342	646400.000000
39.895833	0.102229	646600.000000
40.000000	0.122500	646800.000000
40.104167	0.135440	647000.000000
40.208333	0.139345	647200.000000
40.312500	0.135495	647400.000000
40.416667	0.126705	647600.000000
40.520833	0.115217	647800.000000
40.625000	0.105382	648000.000000
40.729167	0.096600	648200.000000
40.833333	0.091028	648400.000000
40.937500	0.090915	648600.000000
41.041667	0.098264	648800.000000
41.145833	0.111245	649000.000000
41.250000	0.121458	649200.000000
41.354167	0.122591	649400.000000
41.458333	0.115286	649600.000000
41.562500	0.106373	649800.000000
41.666667	0.104051	650000.000000
41.770833	0.108714	650200.000000
41.875000	0.118677	650400.000000
41.979167	0.130719	650600.000000
42.083333	0.138471	650800.000000
42.187500	0.139621	651000.000000
42.291667	0.129245	651200.000000
42.395833	0.111378	651400.000000
42.500000	0.096113	651600.000000
42.604167	0.092576	651800.000000
42.708333	0.102709	652000.000000
42.812500	0.118060	652200.000000
42.916667	0.129224	652400.000000
43.020833	0.130216	652600.000000
43.125000	0.120741	652800.000000
43.229167	0.104545	653000.000000
43.333333	0.093616	653200.000000
43.437500	0.093718	653400.000000
43.541667	0.106102	653600.000000
43.645833	0.120528	653800.000000
43.750000	0.134572	654000.000000
43.854167	0.142823	654200.000000
43.958333	0.141820	654400.000000
44.062500	0.131824	654600.000000
44.166667	0.116309	654800.000000
44.270833	0.103702	655000.000000
44.375000	0.097098	655200.000000
44.479167	0.093989	655400.000000
44.583333	0.092608	655600.000000
44.687500	0.092644	655800.000000
44.791667	0.094419	656000.000000
44.895833	0.097099	656200.000000
45.000000	0.097114	656400.000000
45.104167	0.096206	656600.000000
45.208333	0.097790	656800.000000
45.312500	0.104692	657000.000000
45.416667	0.112385	657200.000000
45.520833	0.122153	657400.000000
45.625000	0.128743	657600.000000
45.729167	0.125286	657800.000000
45.833333	0.115297	658000.000000
45.937500	0.100582	658200.000000
46.041667	0.088414	658400.000000
46.145833	0.085401	658600.000000
46.250000	0.089122	658800.000000
46.354167	0.094749	659000.000000
46.458333	0.099511	659200.000000
46.562500	0.100346	659400.000000
46.666667	0.097357	659600.000000
46.770833	0.093122	659800.000000
46.875000	0.091483	660000.000000
46.979167	0.094917	660200.000000
47.083333	0.103789	660400.000000
47.187500	0.110005	660600.000000
47.291667	0.108897	660800.000000
47.395833	0.101871	661000.000000
47.500000	0.097013	661200.000000
47.604167	0.098394	661400.000000
47.708333	0.101267	661600.000000
47.812500	0.100935	661800.000000
47.916667	0.096966	662000.000000
48.020833	0.093562	662200.000000
48.125000	0.092959	662400.000000
48.229167	0.093239	662600.000000
48.333333	0.093083	662800.000000
48.437500	0.091803	663000.000000
48.541667	0.090862	663200.000000
48.645833	0.088558	663400.000000
48.750000	0.088891	663600.000000
48.854167	0.090966	663800.000000
48.958333	0.096097	664000.000000
49.062500	0.104399	664200.000000
49.166667	0.113647	664400.000000
49.270833	0.119488	664600.000000
49.375000	0.121069	664800.000000
49.479167	0.115729	665000.000000
49.583333	0.104439	665200.000000
49.687500	0.091549	665400.000000
49.791667	0.083742	665600.000000
49.895833	0.082403	665800.000000
50.000000	0.088269	666000.000000
50.104167	0.092730	666200.000000
50.208333	0.094935	666400.000000
50.312500	0.094962	666600.000000
50.416667	0.094517	666800.000000
50.520833	0.097266	667000.000000
50.625000	0.103071	667200.000000
50.729167	0.109346	667400.000000
50.833333	0.113739	667600.000000
50.937500	0.114966	667800.000000
51.041667	0.113550	668000.000000
51.145833	0.113138	668200.000000
51.250000	0.112918	668400.000000
51.354167	0.108736	668600.000000
51.458333	0.099500	668800.000000
51.562500	0.089407	669000.000000
51.666667	0.085583	669200.000000
51.770833	0.089985	669400.000000
51.875000	0.099299	669600.000000
51.979167	0.108524	669800.000000
52.083333	0.113868	670000.000000
52.187500	0.113093	670200.000000
52.291667	0.109669	670400.000000
52.395833	0.106159	670600.000000
52.500000	0.104333	670800.000000
52.604167	0.105836	671000.000000
52.708333	0.108604	671200.000000
52.812500	0.111430	671400.000000
52.916667	0.114397	671600.000000
53.020833	0.116731	671800.000000
53.125000	0.117017	672000.000000
53.229167	0.115871	672200.000000
53.333333	0.113840	672400.000000
53.437500	0.111291	672600.000000
53.541667	0.108258	672800.000000
53.645833	0.102750	673000.000000
53.750000	0.098196	673200.000000
53.854167	0.099167	673400.000000
53.958333	0.104171	673600.000000
54.062500	0.110821	673800.000000
54.166667	0.114921	674000.000000
54.270833	0.116664	674200.000000
54.375000	0.117952	674400.000000
54.479167	0.117890	674600.000000
54.583333	0.115790	674800.000000
54.687500	0.114094	675000.000000
54.791667	0.116210	675200.000000
54.895833	0.122494	675400.000000
55.000000	0.127452	675600.000000
55.104167	0.123553	675800.000000
55.208333	0.112520	676000.000000
55.312500	0.100861	676200.000000
55.416667	0.096449	676400.000000
55.520833	0.102254	676600.000000
55.625000	0.113330	676800.000000
55.729167	0.121853	677000.000000
55.833333	0.126211	677200.000000
55.937500	0.126329	677400.000000
56.041667	0.124851	677600.000000
56.145833	0.121880	677800.000000
56.250000	0.117947	678000.000000
56.354167	0.112732	678200.000000
56.458333	0.108515	678400.000000
56.562500	0.108728	678600.000000
56.666667	0.111200	678800.000000
56.770833	0.110242	679000.000000
56.875000	0.105745	679200.000000
56.979167	0.097921	679400.000000
57.083333	0.088301	679600.000000
57.187500	0.082665	679800.000000
57.291667	0.083249	680000.000000
57.395833	0.089432	680200.000000
57.500000	0.098699	680400.000000
57.604167	0.106136	680600.000000
57.708333	0.105417	680800.000000
57.812500	0.098391	681000.000000
57.916667	0.089017	681200.000000
58.020833	0.083392	681400.000000
58.125000	0.087333	681600.000000
58.229167	0.097840	681800.000000
58.333333	0.111524	682000.000000
58.437500	0.120607	682200.000000
58.541667	0.118968	682400.000000
58.645833	0.108005	682600.000000
58.750000	0.092592	682800.000000
58.854167	0.080351	683000.000000
58.958333	0.076705	683200.000000
59.062500	0.083009	683400.000000
59.166667	0.096188	683600.000000
59.270833	0.108596	683800.000000
59.375000	0.112254	684000.000000
59.479167	0.108497	684200.000000
59.583333	0.100663	684400.000000
59.687500	0.096604	684600.000000
59.791667	0.100089	684800.000000
59.895833	0.110979	685000.000000
60.000000	0.122391	685200.000000
60.104167	0.130891	685400.000000
60.208333	0.132241	685600.000000
60.312500	0.126594	685800.000000
60.416667	0.115031	686000.000000
60.520833	0.103776	686200.000000
60.625000	0.095156	686400.000000
60.729167	0.092785	686600.000000
60.833333	0.098294	686800.000000
60.937500	0.108582	687000.000000
61.041667	0.119447	687200.000000
61.145833	0.127809	687400.000000
61.250000	0.130799	687600.000000
61.354167	0.129837	687800.000000
61.458333	0.126495	688000.000000
61.562500	0.125609	688200.000000
61.666667	0.125795	688400.000000
61.770833	0.128932	688600.000000
61.875000	0.131111	688800.000000
61.979167	0.132596	689000.000000
62.083333	0.131053	689200.000000
62.187500	0.123504	689400.000000
62.291667	0.114367	689600.000000
62.395833	0.108287	689800.000000
62.500000	0.104415	690000.000000
62.604167	0.104867	690200.000000
62.708333	0.104765	690400.000000
62.812500	0.101080	690600.000000
62.916667	0.095001	690800.000000
63.020833	0.089514	691000.000000
63.125000	0.085860	691200.000000
63.229167	0.083866	691400.000000
63.333333	0.083336	691600.000000
63.437500	0.081775	691800.000000
63.541667	0.078493	692000.000000
63.645833	0.075270	692200.000000
63.750000	0.075384	692400.000000
63.854167	0.077735	692600.000000
63.958333	0.080461	692800.000000
64.062500	0.082357	693000.000000
64.166667	0.081652	693200.000000
64.270833	0.079352	693400.000000
64.375000	0.076637	693600.000000
64.479167	0.074454	693800.000000
64.583333	0.075040	694000.000000
64.687500	0.078703	694200.000000
64.791667	0.086901	694400.000000
64.895833	0.096548	694600.000000
65.000000	0.105687	694800.000000
65.104167	0.111135	695000.000000
65.208333	0.112259	695200.000000
65.312500	0.112564	695400.000000
65.416667	0.111612	695600.000000
65.520833	0.112186	695800.000000
65.625000	0.113153	696000.000000
65.729167	0.112101	696200.000000
65.833333	0.106944	696400.000000
65.937500	0.098910	696600.000000
66.041667	0.092395	696800.000000
66.145833	0.086896	697000.000000
66.250000	0.086942	697200.000000
66.354167	0.090158	697400.000000
66.458333	0.093891	697600.000000
66.562500	0.097243	697800.000000
66.666667	0.100313	698000.000000
66.770833	0.100588	698200.000000
66.875000	0.098925	698400.000000
66.979167	0.094412	698600.000000
67.083333	0.089255	698800.000000
67.187500	0.087848	699000.000000
67.291667	0.090804	699200.000000
67.395833	0.098458	699400.000000
67.500000	0.107420	699600.000000
67.604167	0.112551	699800.000000
67.708333	0.112141	700000.000000
