0.000000	0.103637	570000.000000
0.104167	0.103480	570200.000000
0.208333	0.103769	570400.000000
0.312500	0.103883	570600.000000
0.416667	0.103897	570800.000000
0.520833	0.103322	571000.000000
0.625000	0.103589	571200.000000
0.729167	0.103542	571400.000000
0.833333	0.103437	571600.000000
0.937500	0.103464	571800.000000
1.041667	0.103892	572000.000000
1.145833	0.103806	572200.000000
1.250000	0.103668	572400.000000
1.354167	0.103792	572600.000000
1.458333	0.104161	572800.000000
1.562500	0.103582	573000.000000
1.666667	0.103557	573200.000000
1.770833	0.103903	573400.000000
1.875000	0.103839	573600.000000
1.979167	0.103384	573800.000000
2.083333	0.103605	574000.000000
2.187500	0.103117	574200.000000
2.291667	0.103330	574400.000000
2.395833	0.103482	574600.000000
2.500000	0.103504	574800.000000
2.604167	0.103224	575000.000000
2.708333	0.102802	575200.000000
2.812500	0.103406	575400.000000
2.916667	0.103534	575600.000000
3.020833	0.103999	575800.000000
3.125000	0.103900	576000.000000
3.229167	0.103847	576200.000000
3.333333	0.104267	576400.000000
3.437500	0.102655	576600.000000
3.541667	0.103572	576800.000000
3.645833	0.103451	577000.000000
3.750000	0.103328	577200.000000
3.854167	0.103213	577400.000000
3.958333	0.103844	577600.000000
4.062500	0.103436	577800.000000
4.166667	0.103524	578000.000000
4.270833	0.103182	578200.000000
4.375000	0.103322	578400.000000
4.479167	0.104086	578600.000000
4.583333	0.103363	578800.000000
4.687500	0.103505	579000.000000
4.791667	0.103098	579200.000000
4.895833	0.103725	579400.000000
5.000000	0.103202	579600.000000
5.104167	0.103835	579800.000000
5.208333	0.103962	580000.000000
5.312500	0.103431	580200.000000
5.416667	0.103511	580400.000000
5.520833	0.103881	580600.000000
5.625000	0.103251	580800.000000
5.729167	0.102656	581000.000000
5.833333	0.103765	581200.000000
5.937500	0.103449	581400.000000
6.041667	0.103073	581600.000000
6.145833	0.103165	581800.000000
6.250000	0.103426	582000.000000
6.354167	0.103909	582200.000000
6.458333	0.104287	582400.000000
6.562500	0.103789	582600.000000
6.666667	0.103475	582800.000000
6.770833	0.103666	583000.000000
6.875000	0.103090	583200.000000
6.979167	0.104487	583400.000000
7.083333	0.103939	583600.000000
7.187500	0.103334	583800.000000
7.291667	0.103844	584000.000000
7.395833	0.103435	584200.000000
7.500000	0.104203	584400.000000
7.604167	0.104010	584600.000000
7.708333	0.104290	584800.000000
7.812500	0.103672	585000.000000
7.916667	0.104136	585200.000000
8.020833	0.104170	585400.000000
8.125000	0.104363	585600.000000
8.229167	0.103864	585800.000000
8.333333	0.104401	586000.000000
8.437500	0.104295	586200.000000
8.541667	0.104103	586400.000000
8.645833	0.104246	586600.000000
8.750000	0.104679	586800.000000
8.854167	0.103732	587000.000000
8.958333	0.104313	587200.000000
9.062500	0.104426	587400.000000
9.166667	0.103530	587600.000000
9.270833	0.103521	587800.000000
9.375000	0.103599	588000.000000
9.479167	0.103456	588200.000000
9.583333	0.102849	588400.000000
9.687500	0.103855	588600.000000
9.791667	0.103589	588800.000000
9.895833	0.103677	589000.000000
10.000000	0.103676	589200.000000
10.104167	0.103438	589400.000000
10.208333	0.103693	589600.000000
10.312500	0.103830	589800.000000
10.416667	0.103809	590000.000000
10.520833	0.103554	590200.000000
10.625000	0.103507	590400.000000
10.729167	0.102999	590600.000000
10.833333	0.103243	590800.000000
10.937500	0.102967	591000.000000
11.041667	0.102740	591200.000000
11.145833	0.102522	591400.000000
11.250000	0.102593	591600.000000
11.354167	0.102348	591800.000000
11.458333	0.102260	592000.000000
11.562500	0.101648	592200.000000
11.666667	0.101900	592400.000000
11.770833	0.101712	592600.000000
11.875000	0.101034	592800.000000
11.979167	0.101155	593000.000000
12.083333	0.100549	593200.000000
12.187500	0.100264	593400.000000
12.291667	0.099981	593600.000000
12.395833	0.099658	593800.000000
12.500000	0.099234	594000.000000
12.604167	0.098152	594200.000000
12.708333	0.097400	594400.000000
12.812500	0.096272	594600.000000
12.916667	0.095623	594800.000000
13.020833	0.095440	595000.000000
13.125000	0.094121	595200.000000
13.229167	0.094327	595400.000000
13.333333	0.093370	595600.000000
13.437500	0.093586	595800.000000
13.541667	0.097449	596000.000000
13.645833	0.105550	596200.000000
13.750000	0.121137	596400.000000
13.854167	0.145682	596600.000000
13.958333	0.172097	596800.000000
14.062500	0.187994	597000.000000
14.166667	0.182686	597200.000000
14.270833	0.157611	597400.000000
14.375000	0.124560	597600.000000
14.479167	0.098334	597800.000000
14.583333	0.085349	598000.000000
14.687500	0.083489	598200.000000
14.791667	0.085720	598400.000000
14.895833	0.089838	598600.000000
15.000000	0.093476	598800.000000
15.104167	0.094254	599000.000000
15.208333	0.094707	599200.000000
15.312500	0.093276	599400.000000
15.416667	0.093441	599600.000000
15.520833	0.093117	599800.000000
15.625000	0.091596	600000.000000
15.729167	0.089124	600200.000000
15.833333	0.088236	600400.000000
15.937500	0.090589	600600.000000
16.041667	0.095096	600800.000000
16.145833	0.099449	601000.000000
16.250000	0.101140	601200.000000
16.354167	0.100267	601400.000000
16.458333	0.098573	601600.000000
16.562500	0.097918	601800.000000
16.666667	0.097860	602000.000000
16.770833	0.097953	602200.000000
16.875000	0.098848	602400.000000
16.979167	0.099800	602600.000000
17.083333	0.101512	602800.000000
17.187500	0.103703	603000.000000
17.291667	0.103761	603200.000000
17.395833	0.103150	603400.000000
17.500000	0.100885	603600.000000
17.604167	0.099088	603800.000000
17.708333	0.098627	604000.000000
17.812500	0.101322	604200.000000
17.916667	0.104318	604400.000000
18.020833	0.105538	604600.000000
18.125000	0.105426	604800.000000
18.229167	0.103383	605000.000000
18.333333	0.102033	605200.000000
18.437500	0.102729	605400.000000
18.541667	0.104705	605600.000000
18.645833	0.105668	605800.000000
18.750000	0.106347	606000.000000
18.854167	0.105920	606200.000000
18.958333	0.103993	606400.000000
19.062500	0.103026	606600.000000
19.166667	0.103710	606800.000000
19.270833	0.102519	607000.000000
19.375000	0.101223	607200.000000
19.479167	0.101235	607400.000000
19.583333	0.102535	607600.000000
19.687500	0.103289	607800.000000
19.791667	0.103635	608000.000000
19.895833	0.104279	608200.000000
20.000000	0.104305	608400.000000
20.104167	0.105699	608600.000000
20.208333	0.105113	608800.000000
20.312500	0.103838	609000.000000
20.416667	0.103557	609200.000000
20.520833	0.103207	609400.000000
20.625000	0.102269	609600.000000
20.729167	0.104278	609800.000000
20.833333	0.104543	610000.000000
20.937500	0.104107	610200.000000
21.041667	0.103733	610400.000000
21.145833	0.102944	610600.000000
21.250000	0.102862	610800.000000
21.354167	0.103115	611000.000000
21.458333	0.103605	611200.000000
21.562500	0.104549	611400.000000
21.666667	0.105493	611600.000000
21.770833	0.105692	611800.000000
21.875000	0.105741	612000.000000
21.979167	0.105785	612200.000000
22.083333	0.105547	612400.000000
22.187500	0.106061	612600.000000
22.291667	0.105733	612800.000000
22.395833	0.105169	613000.000000
22.500000	0.105124	613200.000000
22.604167	0.105075	613400.000000
22.708333	0.106025	613600.000000
22.812500	0.105862	613800.000000
22.916667	0.105595	614000.000000
23.020833	0.104491	614200.000000
23.125000	0.103026	614400.000000
23.229167	0.102894	614600.000000
23.333333	0.102827	614800.000000
23.437500	0.104302	615000.000000
23.541667	0.105593	615200.000000
23.645833	0.105917	615400.000000
23.750000	0.106511	615600.000000
23.854167	0.105775	615800.000000
23.958333	0.105573	616000.000000
24.062500	0.104317	616200.000000
24.166667	0.104101	616400.000000
24.270833	0.104060	616600.000000
24.375000	0.104695	616800.000000
24.479167	0.104301	617000.000000
24.583333	0.103486	617200.000000
24.687500	0.103635	617400.000000
24.791667	0.103517	617600.000000
24.895833	0.104044	617800.000000
25.000000	0.103835	618000.000000
25.104167	0.103254	618200.000000
25.208333	0.103824	618400.000000
25.312500	0.104675	618600.000000
25.416667	0.105351	618800.000000
25.520833	0.106351	619000.000000
25.625000	0.106812	619200.000000
25.729167	0.106569	619400.000000
25.833333	0.106050	619600.000000
25.937500	0.104923	619800.000000
26.041667	0.103490	620000.000000
26.145833	0.102403	620200.000000
26.250000	0.102786	620400.000000
26.354167	0.105189	620600.000000
26.458333	0.105988	620800.000000
26.562500	0.105520	621000.000000
26.666667	0.104053	621200.000000
26.770833	0.102991	621400.000000
26.875000	0.102617	621600.000000
26.979167	0.103453	621800.000000
27.083333	0.104521	622000.000000
27.187500	0.105355	622200.000000
27.291667	0.107298	622400.000000
27.395833	0.106009	622600.000000
27.500000	0.105711	622800.000000
27.604167	0.105881	623000.000000
27.708333	0.105005	623200.000000
27.812500	0.104016	623400.000000
27.916667	0.105217	623600.000000
28.020833	0.105037	623800.000000
28.125000	0.105852	624000.000000
28.229167	0.106325	624200.000000
28.333333	0.106294	624400.000000
28.437500	0.104240	624600.000000
28.541667	0.103525	624800.000000
28.645833	0.102746	625000.000000
28.750000	0.103138	625200.000000
28.854167	0.104978	625400.000000
28.958333	0.106172	625600.000000
29.062500	0.106247	625800.000000
29.166667	0.105864	626000.000000
29.270833	0.106482	626200.000000
29.375000	0.105959	626400.000000
29.479167	0.104565	626600.000000
29.583333	0.103312	626800.000000
29.687500	0.102184	627000.000000
29.791667	0.103419	627200.000000
29.895833	0.105048	627400.000000
30.000000	0.105696	627600.000000
30.104167	0.105411	627800.000000
30.208333	0.103202	628000.000000
30.312500	0.101968	628200.000000
30.416667	0.102092	628400.000000
30.520833	0.103784	628600.000000
30.625000	0.105742	628800.000000
30.729167	0.106112	629000.000000
30.833333	0.106306	629200.000000
30.937500	0.106737	629400.000000
31.041667	0.105703	629600.000000
31.145833	0.104184	629800.000000
31.250000	0.103867	630000.000000
31.354167	0.103250	630200.000000
31.458333	0.103645	630400.000000
31.562500	0.104170	630600.000000
31.666667	0.105168	630800.000000
31.770833	0.105388	631000.000000
31.875000	0.105489	631200.000000
31.979167	0.104792	631400.000000
32.083333	0.104115	631600.000000
32.187500	0.102236	631800.000000
32.291667	0.102803	632000.000000
32.395833	0.103360	632200.000000
32.500000	0.104903	632400.000000
32.604167	0.105431	632600.000000
32.708333	0.105612	632800.000000
32.812500	0.104577	633000.000000
32.916667	0.104885	633200.000000
33.020833	0.103722	633400.000000
33.125000	0.103408	633600.000000
33.229167	0.102469	633800.000000
33.333333	0.103708	634000.000000
33.437500	0.104655	634200.000000
33.541667	0.105162	634400.000000
33.645833	0.104350	634600.000000
33.750000	0.103736	634800.000000
33.854167	0.101155	635000.000000
33.958333	0.101292	635200.000000
34.062500	0.101966	635400.000000
34.166667	0.103338	635600.000000
34.270833	0.104630	635800.000000
34.375000	0.105278	636000.000000
34.479167	0.104514	636200.000000
34.583333	0.104109	636400.000000
34.687500	0.103865	636600.000000
34.791667	0.104095	636800.000000
34.895833	0.103364	637000.000000
35.000000	0.104520	637200.000000
35.104167	0.104157	637400.000000
35.208333	0.103781	637600.000000
35.312500	0.103364	637800.000000
35.416667	0.104186	638000.000000
35.520833	0.103882	638200.000000
35.625000	0.103516	638400.000000
35.729167	0.104257	638600.000000
35.833333	0.104153	638800.000000
35.937500	0.104312	639000.000000
36.041667	0.104229	639200.000000
36.145833	0.103804	639400.000000
36.250000	0.105031	639600.000000
36.354167	0.104772	639800.000000
36.458333	0.104298	640000.000000
36.562500	0.104773	640200.000000
36.666667	0.103949	640400.000000
36.770833	0.103739	640600.000000
36.875000	0.104020	640800.000000
36.979167	0.104414	641000.000000
37.083333	0.104952	641200.000000
37.187500	0.104160	641400.000000
37.291667	0.103394	641600.000000
37.395833	0.103069	641800.000000
37.500000	0.102618	642000.000000
37.604167	0.103228	642200.000000
37.708333	0.103964	642400.000000
37.812500	0.104217	642600.000000
37.916667	0.103559	642800.000000
38.020833	0.102893	643000.000000
38.125000	0.103580	643200.000000
38.229167	0.104469	643400.000000
38.333333	0.104875	643600.000000
38.437500	0.104906	643800.000000
38.541667	0.105086	644000.000000
38.645833	0.105472	644200.000000
38.750000	0.104802	644400.000000
38.854167	0.103658	644600.000000
38.958333	0.103269	644800.000000
39.062500	0.103692	645000.000000
39.166667	0.103882	645200.000000
39.270833	0.105325	645400.000000
39.375000	0.105844	645600.000000
39.479167	0.105585	645800.000000
39.583333	0.103666	646000.000000
39.687500	0.104531	646200.000000
39.791667	0.104718	646400.000000
39.895833	0.106139	646600.000000
40.000000	0.106717	646800.000000
40.104167	0.106802	647000.000000
40.208333	0.106005	647200.000000
40.312500	0.105163	647400.000000
40.416667	0.104699	647600.000000
40.520833	0.104754	647800.000000
40.625000	0.105017	648000.000000
40.729167	0.104191	648200.000000
40.833333	0.103819	648400.000000
40.937500	0.104673	648600.000000
41.041667	0.105567	648800.000000
41.145833	0.106042	649000.000000
41.250000	0.104734	649200.000000
41.354167	0.104113	649400.000000
41.458333	0.104028	649600.000000
41.562500	0.104712	649800.000000
41.666667	0.104820	650000.000000
41.770833	0.105575	650200.000000
41.875000	0.106583	650400.000000
41.979167	0.105582	650600.000000
42.083333	0.105995	650800.000000
42.187500	0.105517	651000.000000
42.291667	0.104528	651200.000000
42.395833	0.104258	651400.000000
42.500000	0.104882	651600.000000
42.604167	0.105335	651800.000000
42.708333	0.106165	652000.000000
42.812500	0.106306	652200.000000
42.916667	0.105796	652400.000000
43.020833	0.105069	652600.000000
43.125000	0.104545	652800.000000
43.229167	0.104655	653000.000000
43.333333	0.104795	653200.000000
43.437500	0.104804	653400.000000
43.541667	0.106307	653600.000000
43.645833	0.106438	653800.000000
43.750000	0.105983	654000.000000
43.854167	0.106290	654200.000000
43.958333	0.105499	654400.000000
44.062500	0.104711	654600.000000
44.166667	0.104720	654800.000000
44.270833	0.104161	655000.000000
44.375000	0.104452	655200.000000
44.479167	0.105182	655400.000000
44.583333	0.105007	655600.000000
44.687500	0.104561	655800.000000
44.791667	0.105266	656000.000000
44.895833	0.105081	656200.000000
45.000000	0.104403	656400.000000
45.104167	0.104464	656600.000000
45.208333	0.105149	656800.000000
45.312500	0.105418	657000.000000
45.416667	0.105727	657200.000000
45.520833	0.105684	657400.000000
45.625000	0.105379	657600.000000
45.729167	0.105862	657800.000000
45.833333	0.105035	658000.000000
45.937500	0.103905	658200.000000
46.041667	0.104163	658400.000000
46.145833	0.104913	658600.000000
46.250000	0.104372	658800.000000
46.354167	0.104871	659000.000000
46.458333	0.105110	659200.000000
46.562500	0.104702	659400.000000
46.666667	0.104095	659600.000000
46.770833	0.104626	659800.000000
46.875000	0.104327	660000.000000
46.979167	0.104766	660200.000000
47.083333	0.105307	660400.000000
47.187500	0.105371	660600.000000
47.291667	0.104422	660800.000000
47.395833	0.104873	661000.000000
47.500000	0.104465	661200.000000
47.604167	0.105109	661400.000000
47.708333	0.105574	661600.000000
47.812500	0.104143	661800.000000
47.916667	0.104176	662000.000000
48.020833	0.105282	662200.000000
48.125000	0.104665	662400.000000
48.229167	0.104858	662600.000000
48.333333	0.103829	662800.000000
48.437500	0.104755	663000.000000
48.541667	0.104571	663200.000000
48.645833	0.104051	663400.000000
48.750000	0.105182	663600.000000
48.854167	0.105095	663800.000000
48.958333	0.105738	664000.000000
49.062500	0.105115	664200.000000
49.166667	0.105614	664400.000000
49.270833	0.105305	664600.000000
49.375000	0.104617	664800.000000
49.479167	0.103869	665000.000000
49.583333	0.103696	665200.000000
49.687500	0.103652	665400.000000
49.791667	0.103447	665600.000000
49.895833	0.104176	665800.000000
50.000000	0.104604	666000.000000
50.104167	0.104106	666200.000000
50.208333	0.104232	666400.000000
50.312500	0.105165	666600.000000
50.416667	0.105029	666800.000000
50.520833	0.104847	667000.000000
50.625000	0.104925	667200.000000
50.729167	0.105068	667400.000000
50.833333	0.105017	667600.000000
50.937500	0.105144	667800.000000
51.041667	0.104335	668000.000000
51.145833	0.104180	668200.000000
51.250000	0.104809	668400.000000
51.354167	0.104535	668600.000000
51.458333	0.104093	668800.000000
51.562500	0.103849	669000.000000
51.666667	0.104222	669200.000000
51.770833	0.104961	669400.000000
51.875000	0.105916	669600.000000
51.979167	0.105647	669800.000000
52.083333	0.105438	670000.000000
52.187500	0.104610	670200.000000
52.291667	0.104815	670400.000000
52.395833	0.105053	670600.000000
52.500000	0.104600	670800.000000
52.604167	0.104881	671000.000000
52.708333	0.105652	671200.000000
52.812500	0.105159	671400.000000
52.916667	0.105472	671600.000000
53.020833	0.105762	671800.000000
53.125000	0.105008	672000.000000
53.229167	0.105877	672200.000000
53.333333	0.105533	672400.000000
53.437500	0.104866	672600.000000
53.541667	0.104884	672800.000000
53.645833	0.105183	673000.000000
53.750000	0.104771	673200.000000
53.854167	0.105588	673400.000000
53.958333	0.106319	673600.000000
54.062500	0.105155	673800.000000
54.166667	0.105938	674000.000000
54.270833	0.105945	674200.000000
54.375000	0.105182	674400.000000
54.479167	0.104841	674600.000000
54.583333	0.105049	674800.000000
54.687500	0.105731	675000.000000
54.791667	0.106314	675200.000000
54.895833	0.105719	675400.000000
55.000000	0.106363	675600.000000
55.104167	0.105205	675800.000000
55.208333	0.104703	676000.000000
55.312500	0.104493	676200.000000
55.416667	0.104111	676400.000000
55.520833	0.105741	676600.000000
55.625000	0.106168	676800.000000
55.729167	0.105864	677000.000000
55.833333	0.106210	677200.000000
55.937500	0.105909	677400.000000
56.041667	0.106067	677600.000000
56.145833	0.105393	677800.000000
56.250000	0.105075	678000.000000
56.354167	0.105133	678200.000000
56.458333	0.105701	678400.000000
56.562500	0.105778	678600.000000
56.666667	0.104881	678800.000000
56.770833	0.105366	679000.000000
56.875000	0.105067	679200.000000
56.979167	0.104120	679400.000000
57.083333	0.104040	679600.000000
57.187500	0.104440	679800.000000
57.291667	0.104707	680000.000000
57.395833	0.105424	680200.000000
57.500000	0.105412	680400.000000
57.604167	0.105034	680600.000000
57.708333	0.104156	680800.000000
57.812500	0.104044	681000.000000
57.916667	0.104038	681200.000000
58.020833	0.103523	681400.000000
58.125000	0.104998	681600.000000
58.229167	0.106309	681800.000000
58.333333	0.106098	682000.000000
58.437500	0.105427	682200.000000
58.541667	0.104932	682400.000000
58.645833	0.103593	682600.000000
58.750000	0.104056	682800.000000
58.854167	0.103874	683000.000000
58.958333	0.104624	683200.000000
59.062500	0.105467	683400.000000
59.166667	0.105285	683600.000000
59.270833	0.105514	683800.000000
59.375000	0.104825	684000.000000
59.479167	0.104749	684200.000000
59.583333	0.104804	684400.000000
59.687500	0.104580	684600.000000
59.791667	0.105632	684800.000000
59.895833	0.106118	685000.000000
60.000000	0.105826	685200.000000
60.104167	0.106613	685400.000000
60.208333	0.105225	685600.000000
60.312500	0.104957	685800.000000
60.416667	0.104736	686000.000000
60.520833	0.103881	686200.000000
60.625000	0.104139	686400.000000
60.729167	0.104824	686600.000000
60.833333	0.105345	686800.000000
60.937500	0.105498	687000.000000
61.041667	0.105477	687200.000000
61.145833	0.105531	687400.000000
61.250000	0.105115	687600.000000
61.354167	0.104813	687800.000000
61.458333	0.105293	688000.000000
61.562500	0.105344	688200.000000
61.666667	0.106067	688400.000000
61.770833	0.106129	688600.000000
61.875000	0.106255	688800.000000
61.979167	0.106765	689000.000000
62.083333	0.105717	689200.000000
62.187500	0.105070	689400.000000
62.291667	0.104998	689600.000000
62.395833	0.104784	689800.000000
62.500000	0.105307	690000.000000
62.604167	0.104827	690200.000000
62.708333	0.105668	690400.000000
62.812500	0.105021	690600.000000
62.916667	0.104495	690800.000000
63.020833	0.104704	691000.000000
63.125000	0.104086	691200.000000
63.229167	0.104776	691400.000000
63.333333	0.105218	691600.000000
63.437500	0.104484	691800.000000
63.541667	0.104594	692000.000000
63.645833	0.104165	692200.000000
63.750000	0.105260	692400.000000
63.854167	0.104265	692600.000000
63.958333	0.103943	692800.000000
64.062500	0.103938	693000.000000
64.166667	0.103705	693200.000000
64.270833	0.103850	693400.000000
64.375000	0.103762	693600.000000
64.479167	0.103039	693800.000000
64.583333	0.103744	694000.000000
64.687500	0.104106	694200.000000
64.791667	0.103788	694400.000000
64.895833	0.104432	694600.000000
65.000000	0.103798	694800.000000
65.104167	0.103749	695000.000000
65.208333	0.103878	695200.000000
65.312500	0.104016	695400.000000
65.416667	0.103859	695600.000000
65.520833	0.103387	695800.000000
65.625000	0.103683	696000.000000
65.729167	0.102717	696200.000000
65.833333	0.104244	696400.000000
65.937500	0.102853	696600.000000
66.041667	0.102794	696800.000000
66.145833	0.102969	697000.000000
66.250000	0.103596	697200.000000
66.354167	0.104617	697400.000000
66.458333	0.103926	697600.000000
66.562500	0.104246	697800.000000
66.666667	0.104766	698000.000000
66.770833	0.104367	698200.000000
66.875000	0.103335	698400.000000
66.979167	0.104345	698600.000000
67.083333	0.104034	698800.000000
67.187500	0.104642	699000.000000
67.291667	0.105227	699200.000000
67.395833	0.105499	699400.000000
67.500000	0.105569	699600.000000
67.604167	0.105099	699800.000000
67.708333	0.104798	700000.000000
