0.000000	0.102920	570000.000000
0.104167	0.102297	570200.000000
0.208333	0.102905	570400.000000
0.312500	0.103111	570600.000000
0.416667	0.102737	570800.000000
0.520833	0.103473	571000.000000
0.625000	0.103164	571200.000000
0.729167	0.103221	571400.000000
0.833333	0.102884	571600.000000
0.937500	0.102587	571800.000000
1.041667	0.102812	572000.000000
1.145833	0.102196	572200.000000
1.250000	0.102758	572400.000000
1.354167	0.103137	572600.000000
1.458333	0.102721	572800.000000
1.562500	0.102290	573000.000000
1.666667	0.102225	573200.000000
1.770833	0.102603	573400.000000
1.875000	0.103103	573600.000000
1.979167	0.102896	573800.000000
2.083333	0.102479	574000.000000
2.187500	0.103017	574200.000000
2.291667	0.102461	574400.000000
2.395833	0.103254	574600.000000
2.500000	0.102471	574800.000000
2.604167	0.102796	575000.000000
2.708333	0.103251	575200.000000
2.812500	0.103049	575400.000000
2.916667	0.102727	575600.000000
3.020833	0.102775	575800.000000
3.125000	0.102965	576000.000000
3.229167	0.102741	576200.000000
3.333333	0.102073	576400.000000
3.437500	0.103165	576600.000000
3.541667	0.103368	576800.000000
3.645833	0.103121	577000.000000
3.750000	0.102747	577200.000000
3.854167	0.102402	577400.000000
3.958333	0.102843	577600.000000
4.062500	0.102158	577800.000000
4.166667	0.103135	578000.000000
4.270833	0.102999	578200.000000
4.375000	0.103043	578400.000000
4.479167	0.102917	578600.000000
4.583333	0.102769	578800.000000
4.687500	0.102611	579000.000000
4.791667	0.103084	579200.000000
4.895833	0.103008	579400.000000
5.000000	0.102136	579600.000000
5.104167	0.102315	579800.000000
5.208333	0.102626	580000.000000
5.312500	0.103267	580200.000000
5.416667	0.102464	580400.000000
5.520833	0.103202	580600.000000
5.625000	0.102698	580800.000000
5.729167	0.102920	581000.000000
5.833333	0.103702	581200.000000
5.937500	0.102931	581400.000000
6.041667	0.103130	581600.000000
6.145833	0.102899	581800.000000
6.250000	0.103140	582000.000000
6.354167	0.103003	582200.000000
6.458333	0.103132	582400.000000
6.562500	0.102457	582600.000000
6.666667	0.102549	582800.000000
6.770833	0.103115	583000.000000
6.875000	0.103316	583200.000000
6.979167	0.103256	583400.000000
7.083333	0.103729	583600.000000
7.187500	0.103261	583800.000000
7.291667	0.103199	584000.000000
7.395833	0.102822	584200.000000
7.500000	0.103164	584400.000000
7.604167	0.103014	584600.000000
7.708333	0.103429	584800.000000
7.812500	0.102943	585000.000000
7.916667	0.102699	585200.000000
8.020833	0.102786	585400.000000
8.125000	0.102478	585600.000000
8.229167	0.103015	585800.000000
8.333333	0.103163	586000.000000
8.437500	0.102439	586200.000000
8.541667	0.102395	586400.000000
8.645833	0.102942	586600.000000
8.750000	0.103052	586800.000000
8.854167	0.102219	587000.000000
8.958333	0.101965	587200.000000
9.062500	0.102223	587400.000000
9.166667	0.102059	587600.000000
9.270833	0.101542	587800.000000
9.375000	0.101916	588000.000000
9.479167	0.101584	588200.000000
9.583333	0.101187	588400.000000
9.687500	0.100450	588600.000000
9.791667	0.100488	588800.000000
9.895833	0.100017	589000.000000
10.000000	0.099330	589200.000000
10.104167	0.099241	589400.000000
10.208333	0.098226	589600.000000
10.312500	0.098011	589800.000000
10.416667	0.098075	590000.000000
10.520833	0.097302	590200.000000
10.625000	0.096890	590400.000000
10.729167	0.095591	590600.000000
10.833333	0.095379	590800.000000
10.937500	0.094681	591000.000000
11.041667	0.093095	591200.000000
11.145833	0.092147	591400.000000
11.250000	0.091022	591600.000000
11.354167	0.089599	591800.000000
11.458333	0.087824	592000.000000
11.562500	0.086049	592200.000000
11.666667	0.083797	592400.000000
11.770833	0.081058	592600.000000
11.875000	0.077175	592800.000000
11.979167	0.074934	593000.000000
12.083333	0.070837	593200.000000
12.187500	0.066778	593400.000000
12.291667	0.061826	593600.000000
12.395833	0.056564	593800.000000
12.500000	0.050409	594000.000000
12.604167	0.043878	594200.000000
12.708333	0.035450	594400.000000
12.812500	0.026104	594600.000000
12.916667	0.018901	594800.000000
13.020833	0.007477	595000.000000
13.125000	-0.003052	595200.000000
13.229167	-0.014346	595400.000000
13.333333	-0.024190	595600.000000
13.437500	-0.027488	595800.000000
13.541667	-0.018493	596000.000000
13.645833	0.018766	596200.000000
13.750000	0.106717	596400.000000
13.854167	0.269902	596600.000000
13.958333	0.516712	596800.000000
14.062500	0.785532	597000.000000
14.166667	0.983417	597200.000000
14.270833	1.015705	597400.000000
14.375000	0.864283	597600.000000
14.479167	0.594368	597800.000000
14.583333	0.315074	598000.000000
14.687500	0.094066	598200.000000
14.791667	-0.039201	598400.000000
14.895833	-0.094046	598600.000000
15.000000	-0.099256	598800.000000
15.104167	-0.083317	599000.000000
15.208333	-0.066033	599200.000000
15.312500	-0.053949	599400.000000
15.416667	-0.047669	599600.000000
15.520833	-0.043206	599800.000000
15.625000	-0.045818	600000.000000
15.729167	-0.058110	600200.000000
15.833333	-0.075898	600400.000000
15.937500	-0.083588	600600.000000
16.041667	-0.070423	600800.000000
16.145833	-0.036562	601000.000000
16.250000	0.001883	601200.000000
16.354167	0.027067	601400.000000
16.458333	0.033784	601600.000000
16.562500	0.029726	601800.000000
16.666667	0.024308	602000.000000
16.770833	0.021172	602200.000000
16.875000	0.022888	602400.000000
16.979167	0.030271	602600.000000
17.083333	0.043439	602800.000000
17.187500	0.060762	603000.000000
17.291667	0.077891	603200.000000
17.395833	0.087926	603400.000000
17.500000	0.085883	603600.000000
17.604167	0.073139	603800.000000
17.708333	0.059419	604000.000000
17.812500	0.057564	604200.000000
17.916667	0.070772	604400.000000
18.020833	0.092405	604600.000000
18.125000	0.107733	604800.000000
18.229167	0.108421	605000.000000
18.333333	0.100495	605200.000000
18.437500	0.095304	605400.000000
18.541667	0.100481	605600.000000
18.645833	0.110163	605800.000000
18.750000	0.117890	606000.000000
18.854167	0.121310	606200.000000
18.958333	0.119899	606400.000000
19.062500	0.114176	606600.000000
19.166667	0.106403	606800.000000
19.270833	0.097537	607000.000000
19.375000	0.088620	607200.000000
19.479167	0.079892	607400.000000
19.583333	0.077038	607600.000000
19.687500	0.081614	607800.000000
19.791667	0.090184	608000.000000
19.895833	0.098768	608200.000000
20.000000	0.103647	608400.000000
20.104167	0.109634	608600.000000
20.208333	0.112327	608800.000000
20.312500	0.112763	609000.000000
20.416667	0.108484	609200.000000
20.520833	0.103554	609400.000000
20.625000	0.099009	609600.000000
20.729167	0.100295	609800.000000
20.833333	0.104425	610000.000000
20.937500	0.107775	610200.000000
21.041667	0.106863	610400.000000
21.145833	0.104019	610600.000000
21.250000	0.099633	610800.000000
21.354167	0.095648	611000.000000
21.458333	0.098587	611200.000000
21.562500	0.104107	611400.000000
21.666667	0.112548	611600.000000
21.770833	0.118357	611800.000000
21.875000	0.121135	612000.000000
21.979167	0.122384	612200.000000
22.083333	0.122565	612400.000000
22.187500	0.124501	612600.000000
22.291667	0.127127	612800.000000
22.395833	0.126558	613000.000000
22.500000	0.124040	613200.000000
22.604167	0.124564	613400.000000
22.708333	0.125725	613600.000000
22.812500	0.128127	613800.000000
22.916667	0.127387	614000.000000
23.020833	0.121249	614200.000000
23.125000	0.112236	614400.000000
23.229167	0.101724	614600.000000
23.333333	0.095214	614800.000000
23.437500	0.094474	615000.000000
23.541667	0.101937	615200.000000
23.645833	0.112625	615400.000000
23.750000	0.122606	615600.000000
23.854167	0.126148	615800.000000
23.958333	0.123573	616000.000000
24.062500	0.119086	616200.000000
24.166667	0.112830	616400.000000
24.270833	0.105109	616600.000000
24.375000	0.101114	616800.000000
24.479167	0.100367	617000.000000
24.583333	0.100394	617200.000000
24.687500	0.099061	617400.000000
24.791667	0.096602	617600.000000
24.895833	0.093823	617800.000000
25.000000	0.090874	618000.000000
25.104167	0.088319	618200.000000
25.208333	0.088348	618400.000000
25.312500	0.092162	618600.000000
25.416667	0.098316	618800.000000
25.520833	0.106096	619000.000000
25.625000	0.115397	619200.000000
25.729167	0.122937	619400.000000
25.833333	0.127691	619600.000000
25.937500	0.124639	619800.000000
26.041667	0.114961	620000.000000
26.145833	0.104032	620200.000000
26.250000	0.096881	620400.000000
26.354167	0.099237	620600.000000
26.458333	0.109695	620800.000000
26.562500	0.119720	621000.000000
26.666667	0.122544	621200.000000
26.770833	0.116507	621400.000000
26.875000	0.105399	621600.000000
26.979167	0.098338	621800.000000
27.083333	0.098368	622000.000000
27.187500	0.105369	622200.000000
27.291667	0.114915	622400.000000
27.395833	0.121259	622600.000000
27.500000	0.123612	622800.000000
27.604167	0.123028	623000.000000
27.708333	0.122493	623200.000000
27.812500	0.117987	623400.000000
27.916667	0.111930	623600.000000
28.020833	0.108479	623800.000000
28.125000	0.111578	624000.000000
28.229167	0.118200	624200.000000
28.333333	0.123944	624400.000000
28.437500	0.121848	624600.000000
28.541667	0.112171	624800.000000
28.645833	0.099754	625000.000000
28.750000	0.093020	625200.000000
28.854167	0.096519	625400.000000
28.958333	0.104667	625600.000000
29.062500	0.114846	625800.000000
29.166667	0.121903	626000.000000
29.270833	0.128760	626200.000000
29.375000	0.132737	626400.000000
29.479167	0.129113	626600.000000
29.583333	0.116770	626800.000000
29.687500	0.102213	627000.000000
29.791667	0.093555	627200.000000
29.895833	0.096726	627400.000000
30.000000	0.107469	627600.000000
30.104167	0.115892	627800.000000
30.208333	0.112418	628000.000000
30.312500	0.100192	628200.000000
30.416667	0.085497	628400.000000
30.520833	0.079012	628600.000000
30.625000	0.087228	628800.000000
30.729167	0.100871	629000.000000
30.833333	0.114497	629200.000000
30.937500	0.122152	629400.000000
31.041667	0.124259	629600.000000
31.145833	0.119003	629800.000000
31.250000	0.108812	630000.000000
31.354167	0.098698	630200.000000
31.458333	0.093004	630400.000000
31.562500	0.093567	630600.000000
31.666667	0.098607	630800.000000
31.770833	0.106894	631000.000000
31.875000	0.112397	631200.000000
31.979167	0.111719	631400.000000
32.083333	0.104849	631600.000000
32.187500	0.094487	631800.000000
32.291667	0.086392	632000.000000
32.395833	0.085342	632200.000000
32.500000	0.090995	632400.000000
32.604167	0.100129	632600.000000
32.708333	0.105936	632800.000000
32.812500	0.109019	633000.000000
32.916667	0.107993	633200.000000
33.020833	0.105506	633400.000000
33.125000	0.101705	633600.000000
33.229167	0.096055	633800.000000
33.333333	0.094072	634000.000000
33.437500	0.095815	634200.000000
33.541667	0.101979	634400.000000
33.645833	0.105705	634600.000000
33.750000	0.104269	634800.000000
33.854167	0.094169	635000.000000
33.958333	0.082548	635200.000000
34.062500	0.076643	635400.000000
34.166667	0.081236	635600.000000
34.270833	0.091272	635800.000000
34.375000	0.099351	636000.000000
34.479167	0.103203	636200.000000
34.583333	0.105817	636400.000000
34.687500	0.106008	636600.000000
34.791667	0.105155	636800.000000
34.895833	0.104552	637000.000000
35.000000	0.104158	637200.000000
35.104167	0.103269	637400.000000
35.208333	0.102748	637600.000000
35.312500	0.100738	637800.000000
35.416667	0.097429	638000.000000
35.520833	0.093173	638200.000000
35.625000	0.091686	638400.000000
35.729167	0.091684	638600.000000
35.833333	0.095623	638800.000000
35.937500	0.099450	639000.000000
36.041667	0.101576	639200.000000
36.145833	0.102574	639400.000000
36.250000	0.103726	639600.000000
36.354167	0.103761	639800.000000
36.458333	0.104817	640000.000000
36.562500	0.104619	640200.000000
36.666667	0.102100	640400.000000
36.770833	0.099117	640600.000000
36.875000	0.099269	640800.000000
36.979167	0.099872	641000.000000
37.083333	0.100930	641200.000000
37.187500	0.101364	641400.000000
37.291667	0.099392	641600.000000
37.395833	0.094769	641800.000000
37.500000	0.092717	642000.000000
37.604167	0.093157	642200.000000
37.708333	0.096345	642400.000000
37.812500	0.099592	642600.000000
37.916667	0.101266	642800.000000
38.020833	0.098569	643000.000000
38.125000	0.097335	643200.000000
38.229167	0.097679	643400.000000
38.333333	0.100554	643600.000000
38.437500	0.103795	643800.000000
38.541667	0.106801	644000.000000
38.645833	0.107347	644200.000000
38.750000	0.107386	644400.000000
38.854167	0.105499	644600.000000
38.958333	0.100772	644800.000000
39.062500	0.096138	645000.000000
39.166667	0.092084	645200.000000
39.270833	0.093848	645400.000000
39.375000	0.097253	645600.000000
39.479167	0.102050	645800.000000
39.583333	0.101304	646000.000000
39.687500	0.098534	646200.000000
39.791667	0.099457	646400.000000
39.895833	0.104911	646600.000000
40.000000	0.112013	646800.000000
40.104167	0.117367	647000.000000
40.208333	0.118403	647200.000000
40.312500	0.116034	647400.000000
40.416667	0.112952	647600.000000
40.520833	0.108706	647800.000000
40.625000	0.104292	648000.000000
40.729167	0.100716	648200.000000
40.833333	0.098857	648400.000000
40.937500	0.098801	648600.000000
41.041667	0.101432	648800.000000
41.145833	0.107399	649000.000000
41.250000	0.111484	649200.000000
41.354167	0.110589	649400.000000
41.458333	0.108558	649600.000000
41.562500	0.105460	649800.000000
41.666667	0.104141	650000.000000
41.770833	0.106672	650200.000000
41.875000	0.110232	650400.000000
41.979167	0.115171	650600.000000
42.083333	0.118356	650800.000000
42.187500	0.118746	651000.000000
42.291667	0.113663	651200.000000
42.395833	0.106670	651400.000000
42.500000	0.100784	651600.000000
42.604167	0.100607	651800.000000
42.708333	0.105331	652000.000000
42.812500	0.111285	652200.000000
42.916667	0.115697	652400.000000
43.020833	0.115181	652600.000000
43.125000	0.110550	652800.000000
43.229167	0.104843	653000.000000
43.333333	0.100395	653200.000000
43.437500	0.101595	653400.000000
43.541667	0.105969	653600.000000
43.645833	0.111696	653800.000000
43.750000	0.117361	654000.000000
43.854167	0.120349	654200.000000
43.958333	0.119074	654400.000000
44.062500	0.114781	654600.000000
44.166667	0.109679	654800.000000
44.270833	0.103671	655000.000000
44.375000	0.101084	655200.000000
44.479167	0.100135	655400.000000
44.583333	0.099714	655600.000000
44.687500	0.099008	655800.000000
44.791667	0.100017	656000.000000
44.895833	0.100708	656200.000000
45.000000	0.100254	656400.000000
45.104167	0.100763	656600.000000
45.208333	0.101524	656800.000000
45.312500	0.104392	657000.000000
45.416667	0.108040	657200.000000
45.520833	0.111472	657400.000000
45.625000	0.113649	657600.000000
45.729167	0.112673	657800.000000
45.833333	0.107795	658000.000000
45.937500	0.101447	658200.000000
46.041667	0.097518	658400.000000
46.145833	0.096156	658600.000000
46.250000	0.098173	658800.000000
46.354167	0.100689	659000.000000
46.458333	0.102338	659200.000000
46.562500	0.102232	659400.000000
46.666667	0.101552	659600.000000
46.770833	0.099899	659800.000000
46.875000	0.099760	660000.000000
46.979167	0.101843	660200.000000
47.083333	0.104796	660400.000000
47.187500	0.106246	660600.000000
47.291667	0.106837	660800.000000
47.395833	0.103008	661000.000000
47.500000	0.101507	661200.000000
47.604167	0.102980	661400.000000
47.708333	0.103409	661600.000000
47.812500	0.102492	661800.000000
47.916667	0.100746	662000.000000
48.020833	0.099618	662200.000000
48.125000	0.099796	662400.000000
48.229167	0.099842	662600.000000
48.333333	0.099331	662800.000000
48.437500	0.098747	663000.000000
48.541667	0.099014	663200.000000
48.645833	0.098415	663400.000000
48.750000	0.098073	663600.000000
48.854167	0.099399	663800.000000
48.958333	0.101313	664000.000000
49.062500	0.106019	664200.000000
49.166667	0.108898	664400.000000
49.270833	0.111109	664600.000000
49.375000	0.111262	664800.000000
49.479167	0.108577	665000.000000
49.583333	0.103933	665200.000000
49.687500	0.099395	665400.000000
49.791667	0.096285	665600.000000
49.895833	0.095980	665800.000000
50.000000	0.098796	666000.000000
50.104167	0.100291	666200.000000
50.208333	0.101487	666400.000000
50.312500	0.101172	666600.000000
50.416667	0.100903	666800.000000
50.520833	0.102062	667000.000000
50.625000	0.103676	667200.000000
50.729167	0.107373	667400.000000
50.833333	0.108290	667600.000000
50.937500	0.108855	667800.000000
51.041667	0.108429	668000.000000
51.145833	0.108210	668200.000000
51.250000	0.108426	668400.000000
51.354167	0.105625	668600.000000
51.458333	0.101952	668800.000000
51.562500	0.097943	669000.000000
51.666667	0.097251	669200.000000
51.770833	0.099094	669400.000000
51.875000	0.102871	669600.000000
51.979167	0.107020	669800.000000
52.083333	0.107873	670000.000000
52.187500	0.107046	670200.000000
52.291667	0.106514	670400.000000
52.395833	0.104305	670600.000000
52.500000	0.103886	670800.000000
52.604167	0.104836	671000.000000
52.708333	0.106004	671200.000000
52.812500	0.107025	671400.000000
52.916667	0.108091	671600.000000
53.020833	0.109771	671800.000000
53.125000	0.109079	672000.000000
53.229167	0.108738	672200.000000
53.333333	0.107438	672400.000000
53.437500	0.106830	672600.000000
53.541667	0.105295	672800.000000
53.645833	0.103199	673000.000000
53.750000	0.101840	673200.000000
53.854167	0.101773	673400.000000
53.958333	0.103933	673600.000000
54.062500	0.106735	673800.000000
54.166667	0.108375	674000.000000
54.270833	0.108837	674200.000000
54.375000	0.110088	674400.000000
54.479167	0.108268	674600.000000
54.583333	0.108072	674800.000000
54.687500	0.107978	675000.000000
54.791667	0.109679	675200.000000
54.895833	0.111901	675400.000000
55.000000	0.113609	675600.000000
55.104167	0.110975	675800.000000
55.208333	0.106456	676000.000000
55.312500	0.102270	676200.000000
55.416667	0.100807	676400.000000
55.520833	0.103551	676600.000000
55.625000	0.108034	676800.000000
55.729167	0.111321	677000.000000
55.833333	0.112662	677200.000000
55.937500	0.112295	677400.000000
56.041667	0.111629	677600.000000
56.145833	0.110729	677800.000000
56.250000	0.108805	678000.000000
56.354167	0.107484	678200.000000
56.458333	0.105630	678400.000000
56.562500	0.106255	678600.000000
56.666667	0.106666	678800.000000
56.770833	0.106626	679000.000000
56.875000	0.104017	679200.000000
56.979167	0.101605	679400.000000
57.083333	0.097324	679600.000000
57.187500	0.095321	679800.000000
57.291667	0.095628	680000.000000
57.395833	0.099409	680200.000000
57.500000	0.102868	680400.000000
57.604167	0.105071	680600.000000
57.708333	0.104971	680800.000000
57.812500	0.101525	681000.000000
57.916667	0.097713	681200.000000
58.020833	0.096293	681400.000000
58.125000	0.096889	681600.000000
58.229167	0.102033	681800.000000
58.333333	0.107193	682000.000000
58.437500	0.110239	682200.000000
58.541667	0.110207	682400.000000
58.645833	0.104956	682600.000000
58.750000	0.098337	682800.000000
58.854167	0.094830	683000.000000
58.958333	0.092988	683200.000000
59.062500	0.095837	683400.000000
59.166667	0.101722	683600.000000
59.270833	0.104970	683800.000000
59.375000	0.107028	684000.000000
59.479167	0.104688	684200.000000
59.583333	0.102303	684400.000000
59.687500	0.100168	684600.000000
59.791667	0.102777	684800.000000
59.895833	0.106991	685000.000000
60.000000	0.112048	685200.000000
60.104167	0.115201	685400.000000
60.208333	0.115162	685600.000000
60.312500	0.112622	685800.000000
60.416667	0.107607	686000.000000
60.520833	0.103360	686200.000000
60.625000	0.100832	686400.000000
60.729167	0.100640	686600.000000
60.833333	0.102930	686800.000000
60.937500	0.106237	687000.000000
61.041667	0.111119	687200.000000
61.145833	0.115472	687400.000000
61.250000	0.115440	687600.000000
61.354167	0.114491	687800.000000
61.458333	0.113483	688000.000000
61.562500	0.113691	688200.000000
61.666667	0.113886	688400.000000
61.770833	0.114008	688600.000000
61.875000	0.116235	688800.000000
61.979167	0.116350	689000.000000
62.083333	0.114584	689200.000000
62.187500	0.111867	689400.000000
62.291667	0.108164	689600.000000
62.395833	0.106051	689800.000000
62.500000	0.105163	690000.000000
62.604167	0.104643	690200.000000
62.708333	0.104167	690400.000000
62.812500	0.102748	690600.000000
62.916667	0.100305	690800.000000
63.020833	0.098006	691000.000000
63.125000	0.096444	691200.000000
63.229167	0.096147	691400.000000
63.333333	0.095569	691600.000000
63.437500	0.095923	691800.000000
63.541667	0.093603	692000.000000
63.645833	0.092607	692200.000000
63.750000	0.092945	692400.000000
63.854167	0.094182	692600.000000
63.958333	0.094711	692800.000000
64.062500	0.094972	693000.000000
64.166667	0.094520	693200.000000
64.270833	0.092425	693400.000000
64.375000	0.091964	693600.000000
64.479167	0.091257	693800.000000
64.583333	0.091628	694000.000000
64.687500	0.093537	694200.000000
64.791667	0.096641	694400.000000
64.895833	0.100242	694600.000000
65.000000	0.103834	694800.000000
65.104167	0.106315	695000.000000
65.208333	0.106718	695200.000000
65.312500	0.106421	695400.000000
65.416667	0.106339	695600.000000
65.520833	0.107423	695800.000000
65.625000	0.107129	696000.000000
65.729167	0.106445	696200.000000
65.833333	0.104387	696400.000000
65.937500	0.101456	696600.000000
66.041667	0.097591	696800.000000
66.145833	0.096118	697000.000000
66.250000	0.096614	697200.000000
66.354167	0.097668	697400.000000
66.458333	0.100350	697600.000000
66.562500	0.100706	697800.000000
66.666667	0.102298	698000.000000
66.770833	0.103027	698200.000000
66.875000	0.101475	698400.000000
66.979167	0.100146	698600.000000
67.083333	0.098129	698800.000000
67.187500	0.098132	699000.000000
67.291667	0.098620	699200.000000
67.395833	0.102598	699400.000000
67.500000	0.106049	699600.000000
67.604167	0.107752	699800.000000
67.708333	0.107422	700000.000000
