0.000000	0.102142	570000.000000
0.104167	0.102185	570200.000000
0.208333	0.102703	570400.000000
0.312500	0.102213	570600.000000
0.416667	0.102348	570800.000000
0.520833	0.102186	571000.000000
0.625000	0.102377	571200.000000
0.729167	0.102033	571400.000000
0.833333	0.102168	571600.000000
0.937500	0.102118	571800.000000
1.041667	0.101356	572000.000000
1.145833	0.102621	572200.000000
1.250000	0.102454	572400.000000
1.354167	0.102464	572600.000000
1.458333	0.102049	572800.000000
1.562500	0.102696	573000.000000
1.666667	0.101890	573200.000000
1.770833	0.102627	573400.000000
1.875000	0.103216	573600.000000
1.979167	0.102756	573800.000000
2.083333	0.102650	574000.000000
2.187500	0.102479	574200.000000
2.291667	0.103274	574400.000000
2.395833	0.102706	574600.000000
2.500000	0.102815	574800.000000
2.604167	0.102993	575000.000000
2.708333	0.102958	575200.000000
2.812500	0.103376	575400.000000
2.916667	0.103340	575600.000000
3.020833	0.103869	575800.000000
3.125000	0.103873	576000.000000
3.229167	0.103453	576200.000000
3.333333	0.103024	576400.000000
3.437500	0.104075	576600.000000
3.541667	0.103273	576800.000000
3.645833	0.103085	577000.000000
3.750000	0.103267	577200.000000
3.854167	0.103163	577400.000000
3.958333	0.103288	577600.000000
4.062500	0.103496	577800.000000
4.166667	0.103221	578000.000000
4.270833	0.103570	578200.000000
4.375000	0.103773	578400.000000
4.479167	0.103534	578600.000000
4.583333	0.103293	578800.000000
4.687500	0.103853	579000.000000
4.791667	0.103046	579200.000000
4.895833	0.103386	579400.000000
5.000000	0.103438	579600.000000
5.104167	0.103320	579800.000000
5.208333	0.102678	580000.000000
5.312500	0.102641	580200.000000
5.416667	0.103508	580400.000000
5.520833	0.103252	580600.000000
5.625000	0.102836	580800.000000
5.729167	0.102793	581000.000000
5.833333	0.102578	581200.000000
5.937500	0.103245	581400.000000
6.041667	0.102896	581600.000000
6.145833	0.103153	581800.000000
6.250000	0.102674	582000.000000
6.354167	0.102523	582200.000000
6.458333	0.103195	582400.000000
6.562500	0.102714	582600.000000
6.666667	0.102287	582800.000000
6.770833	0.102266	583000.000000
6.875000	0.102878	583200.000000
6.979167	0.102154	583400.000000
7.083333	0.102111	583600.000000
7.187500	0.101852	583800.000000
7.291667	0.101663	584000.000000
7.395833	0.101617	584200.000000
7.500000	0.100493	584400.000000
7.604167	0.100974	584600.000000
7.708333	0.101221	584800.000000
7.812500	0.101052	585000.000000
7.916667	0.100637	585200.000000
8.020833	0.100635	585400.000000
8.125000	0.100923	585600.000000
8.229167	0.100346	585800.000000
8.333333	0.099734	586000.000000
8.437500	0.100012	586200.000000
8.541667	0.099751	586400.000000
8.645833	0.099651	586600.000000
8.750000	0.100016	586800.000000
8.854167	0.100086	587000.000000
8.958333	0.099481	587200.000000
9.062500	0.099100	587400.000000
9.166667	0.097507	587600.000000
9.270833	0.096892	587800.000000
9.375000	0.097595	588000.000000
9.479167	0.096373	588200.000000
9.583333	0.095285	588400.000000
9.687500	0.094205	588600.000000
9.791667	0.094572	588800.000000
9.895833	0.093666	589000.000000
10.000000	0.092811	589200.000000
10.104167	0.091959	589400.000000
10.208333	0.090773	589600.000000
10.312500	0.089961	589800.000000
10.416667	0.089043	590000.000000
10.520833	0.086844	590200.000000
10.625000	0.085432	590400.000000
10.729167	0.083070	590600.000000
10.833333	0.081049	590800.000000
10.937500	0.078800	591000.000000
11.041667	0.075801	591200.000000
11.145833	0.073638	591400.000000
11.250000	0.069997	591600.000000
11.354167	0.066327	591800.000000
11.458333	0.061696	592000.000000
11.562500	0.055932	592200.000000
11.666667	0.050922	592400.000000
11.770833	0.043368	592600.000000
11.875000	0.035313	592800.000000
11.979167	0.027369	593000.000000
12.083333	0.016581	593200.000000
12.187500	0.005498	593400.000000
12.291667	-0.007123	593600.000000
12.395833	-0.021335	593800.000000
12.500000	-0.036944	594000.000000
12.604167	-0.054234	594200.000000
12.708333	-0.071339	594400.000000
12.812500	-0.090923	594600.000000
12.916667	-0.110671	594800.000000
13.020833	-0.129596	595000.000000
13.125000	-0.147662	595200.000000
13.229167	-0.161648	595400.000000
13.333333	-0.170411	595600.000000
13.437500	-0.163827	595800.000000
13.541667	-0.127603	596000.000000
13.645833	-0.025006	596200.000000
13.750000	0.189832	596400.000000
13.854167	0.590103	596600.000000
13.958333	1.167045	596800.000000
14.062500	1.801045	597000.000000
14.166667	2.262833	597200.000000
14.270833	2.319550	597400.000000
14.375000	1.932785	597600.000000
14.479167	1.264004	597800.000000
14.583333	0.587601	598000.000000
14.687500	0.043996	598200.000000
14.791667	-0.276951	598400.000000
14.895833	-0.405314	598600.000000
15.000000	-0.412111	598800.000000
15.104167	-0.369783	599000.000000
15.208333	-0.323949	599200.000000
15.312500	-0.292943	599400.000000
15.416667	-0.275588	599600.000000
15.520833	-0.265939	599800.000000
15.625000	-0.270710	600000.000000
15.729167	-0.299449	600200.000000
15.833333	-0.339281	600400.000000
15.937500	-0.357644	600600.000000
16.041667	-0.325506	600800.000000
16.145833	-0.241239	601000.000000
16.250000	-0.146388	601200.000000
16.354167	-0.084495	601400.000000
16.458333	-0.069283	601600.000000
16.562500	-0.079377	601800.000000
16.666667	-0.093956	602000.000000
16.770833	-0.102322	602200.000000
16.875000	-0.097285	602400.000000
16.979167	-0.080666	602600.000000
17.083333	-0.050369	602800.000000
17.187500	-0.009280	603000.000000
17.291667	0.033300	603200.000000
17.395833	0.059423	603400.000000
17.500000	0.054290	603600.000000
17.604167	0.023010	603800.000000
17.708333	-0.009072	604000.000000
17.812500	-0.013851	604200.000000
17.916667	0.020657	604400.000000
18.020833	0.073857	604600.000000
18.125000	0.111621	604800.000000
18.229167	0.113378	605000.000000
18.333333	0.093036	605200.000000
18.437500	0.081011	605400.000000
18.541667	0.092460	605600.000000
18.645833	0.115658	605800.000000
18.750000	0.136481	606000.000000
18.854167	0.146057	606200.000000
18.958333	0.142011	606400.000000
19.062500	0.127109	606600.000000
19.166667	0.109685	606800.000000
19.270833	0.091307	607000.000000
19.375000	0.070813	607200.000000
19.479167	0.051364	607400.000000
19.583333	0.045219	607600.000000
19.687500	0.056327	607800.000000
19.791667	0.077137	608000.000000
19.895833	0.094844	608200.000000
20.000000	0.107534	608400.000000
20.104167	0.116524	608600.000000
20.208333	0.122471	608800.000000
20.312500	0.121183	609000.000000
20.416667	0.112387	609200.000000
20.520833	0.098102	609400.000000
20.625000	0.086582	609600.000000
20.729167	0.089225	609800.000000
20.833333	0.100455	610000.000000
20.937500	0.108672	610200.000000
21.041667	0.108118	610400.000000
21.145833	0.100921	610600.000000
21.250000	0.091720	610800.000000
21.354167	0.084711	611000.000000
21.458333	0.089275	611200.000000
21.562500	0.105065	611400.000000
21.666667	0.125550	611600.000000
21.770833	0.140746	611800.000000
21.875000	0.147120	612000.000000
21.979167	0.149411	612200.000000
22.083333	0.151816	612400.000000
22.187500	0.155356	612600.000000
22.291667	0.158683	612800.000000
22.395833	0.156482	613000.000000
22.500000	0.149416	613200.000000
22.604167	0.146742	613400.000000
22.708333	0.150457	613600.000000
22.812500	0.156785	613800.000000
22.916667	0.153310	614000.000000
23.020833	0.138682	614200.000000
23.125000	0.116668	614400.000000
23.229167	0.092417	614600.000000
23.333333	0.076809	614800.000000
23.437500	0.077069	615000.000000
23.541667	0.096834	615200.000000
23.645833	0.125641	615400.000000
23.750000	0.151018	615600.000000
23.854167	0.161289	615800.000000
23.958333	0.158862	616000.000000
24.062500	0.147580	616200.000000
24.166667	0.131175	616400.000000
24.270833	0.115762	616600.000000
24.375000	0.107356	616800.000000
24.479167	0.106091	617000.000000
24.583333	0.106761	617200.000000
24.687500	0.104975	617400.000000
24.791667	0.099681	617600.000000
24.895833	0.090489	617800.000000
25.000000	0.082153	618000.000000
25.104167	0.077277	618200.000000
25.208333	0.079296	618400.000000
25.312500	0.085944	618600.000000
25.416667	0.097797	618800.000000
25.520833	0.112794	619000.000000
25.625000	0.129753	619200.000000
25.729167	0.146147	619400.000000
25.833333	0.152716	619600.000000
25.937500	0.142394	619800.000000
26.041667	0.119490	620000.000000
26.145833	0.093454	620200.000000
26.250000	0.079015	620400.000000
26.354167	0.086885	620600.000000
26.458333	0.115449	620800.000000
26.562500	0.142668	621000.000000
26.666667	0.152666	621200.000000
26.770833	0.138599	621400.000000
26.875000	0.112706	621600.000000
26.979167	0.093560	621800.000000
27.083333	0.093305	622000.000000
27.187500	0.110729	622200.000000
27.291667	0.133568	622400.000000
27.395833	0.149732	622600.000000
27.500000	0.155291	622800.000000
27.604167	0.154658	623000.000000
27.708333	0.149871	623200.000000
27.812500	0.138889	623400.000000
27.916667	0.124243	623600.000000
28.020833	0.115321	623800.000000
28.125000	0.121059	624000.000000
28.229167	0.138928	624200.000000
28.333333	0.153364	624400.000000
28.437500	0.149348	624600.000000
28.541667	0.123877	624800.000000
28.645833	0.093586	625000.000000
28.750000	0.079927	625200.000000
28.854167	0.087650	625400.000000
28.958333	0.109324	625600.000000
29.062500	0.130891	625800.000000
29.166667	0.148362	626000.000000
29.270833	0.163521	626200.000000
29.375000	0.171921	626400.000000
29.479167	0.163448	626600.000000
29.583333	0.134580	626800.000000
29.687500	0.098947	627000.000000
29.791667	0.078948	627200.000000
29.895833	0.086087	627400.000000
30.000000	0.111831	627600.000000
30.104167	0.133405	627800.000000
30.208333	0.128530	628000.000000
30.312500	0.098087	628200.000000
30.416667	0.063014	628400.000000
30.520833	0.051282	628600.000000
30.625000	0.068237	628800.000000
30.729167	0.101599	629000.000000
30.833333	0.132916	629200.000000
30.937500	0.151376	629400.000000
31.041667	0.153624	629600.000000
31.145833	0.140389	629800.000000
31.250000	0.115703	630000.000000
31.354167	0.091542	630200.000000
31.458333	0.078475	630400.000000
31.562500	0.078070	630600.000000
31.666667	0.090342	630800.000000
31.770833	0.107843	631000.000000
31.875000	0.121579	631200.000000
31.979167	0.122720	631400.000000
32.083333	0.105361	631600.000000
32.187500	0.077967	631800.000000
32.291667	0.058185	632000.000000
32.395833	0.057258	632200.000000
32.500000	0.070657	632400.000000
32.604167	0.092306	632600.000000
32.708333	0.107777	632800.000000
32.812500	0.114322	633000.000000
32.916667	0.113500	633200.000000
33.020833	0.107331	633400.000000
33.125000	0.096211	633600.000000
33.229167	0.084566	633800.000000
33.333333	0.077383	634000.000000
33.437500	0.082356	634200.000000
33.541667	0.096503	634400.000000
33.645833	0.109124	634600.000000
33.750000	0.103494	634800.000000
33.854167	0.080165	635000.000000
33.958333	0.051675	635200.000000
34.062500	0.040222	635400.000000
34.166667	0.049730	635600.000000
34.270833	0.072848	635800.000000
34.375000	0.093236	636000.000000
34.479167	0.103252	636200.000000
34.583333	0.106361	636400.000000
34.687500	0.105994	636600.000000
34.791667	0.103863	636800.000000
34.895833	0.099260	637000.000000
35.000000	0.095902	637200.000000
35.104167	0.094451	637400.000000
35.208333	0.092704	637600.000000
35.312500	0.087774	637800.000000
35.416667	0.080423	638000.000000
35.520833	0.073596	638200.000000
35.625000	0.071701	638400.000000
35.729167	0.075345	638600.000000
35.833333	0.082502	638800.000000
35.937500	0.090930	639000.000000
36.041667	0.097373	639200.000000
36.145833	0.099241	639400.000000
36.250000	0.100555	639600.000000
36.354167	0.102509	639800.000000
36.458333	0.103689	640000.000000
36.562500	0.101744	640200.000000
36.666667	0.096623	640400.000000
36.770833	0.090322	640600.000000
36.875000	0.088907	640800.000000
36.979167	0.092989	641000.000000
37.083333	0.096721	641200.000000
37.187500	0.096012	641400.000000
37.291667	0.091030	641600.000000
37.395833	0.081433	641800.000000
37.500000	0.075513	642000.000000
37.604167	0.076971	642200.000000
37.708333	0.084405	642400.000000
37.812500	0.092789	642600.000000
37.916667	0.096663	642800.000000
38.020833	0.093026	643000.000000
38.125000	0.088796	643200.000000
38.229167	0.089087	643400.000000
38.333333	0.094507	643600.000000
38.437500	0.102917	643800.000000
38.541667	0.109678	644000.000000
38.645833	0.113596	644200.000000
38.750000	0.112274	644400.000000
38.854167	0.106253	644600.000000
38.958333	0.096896	644800.000000
39.062500	0.084233	645000.000000
39.166667	0.076168	645200.000000
39.270833	0.078476	645400.000000
39.375000	0.088094	645600.000000
39.479167	0.097465	645800.000000
39.583333	0.095601	646000.000000
39.687500	0.088748	646200.000000
39.791667	0.089845	646400.000000
39.895833	0.104011	646600.000000
40.000000	0.122001	646800.000000
40.104167	0.134662	647000.000000
40.208333	0.137138	647200.000000
40.312500	0.131391	647400.000000
40.416667	0.121957	647600.000000
40.520833	0.111389	647800.000000
40.625000	0.102001	648000.000000
40.729167	0.093738	648200.000000
40.833333	0.089318	648400.000000
40.937500	0.089878	648600.000000
41.041667	0.097766	648800.000000
41.145833	0.112312	649000.000000
41.250000	0.121751	649200.000000
41.354167	0.121358	649400.000000
41.458333	0.113185	649600.000000
41.562500	0.106058	649800.000000
41.666667	0.103203	650000.000000
41.770833	0.108913	650200.000000
41.875000	0.120493	650400.000000
41.979167	0.130410	650600.000000
42.083333	0.137637	650800.000000
42.187500	0.137820	651000.000000
42.291667	0.126390	651200.000000
42.395833	0.108143	651400.000000
42.500000	0.094629	651600.000000
42.604167	0.092644	651800.000000
42.708333	0.103732	652000.000000
42.812500	0.119044	652200.000000
42.916667	0.129072	652400.000000
43.020833	0.128428	652600.000000
43.125000	0.117507	652800.000000
43.229167	0.103063	653000.000000
43.333333	0.094177	653200.000000
43.437500	0.096171	653400.000000
43.541667	0.108049	653600.000000
43.645833	0.122553	653800.000000
43.750000	0.135508	654000.000000
43.854167	0.140927	654200.000000
43.958333	0.138928	654400.000000
44.062500	0.128038	654600.000000
44.166667	0.113659	654800.000000
44.270833	0.101956	655000.000000
44.375000	0.096040	655200.000000
44.479167	0.094115	655400.000000
44.583333	0.092523	655600.000000
44.687500	0.092852	655800.000000
44.791667	0.095012	656000.000000
44.895833	0.098216	656200.000000
45.000000	0.098786	656400.000000
45.104167	0.097869	656600.000000
45.208333	0.100122	656800.000000
45.312500	0.106696	657000.000000
45.416667	0.115873	657200.000000
45.520833	0.123987	657400.000000
45.625000	0.127378	657600.000000
45.729167	0.123986	657800.000000
45.833333	0.112200	658000.000000
45.937500	0.097592	658200.000000
46.041667	0.086897	658400.000000
46.145833	0.084593	658600.000000
46.250000	0.088920	658800.000000
46.354167	0.094263	659000.000000
46.458333	0.098009	659200.000000
46.562500	0.098953	659400.000000
46.666667	0.095814	659600.000000
46.770833	0.092565	659800.000000
46.875000	0.091103	660000.000000
46.979167	0.095512	660200.000000
47.083333	0.103208	660400.000000
47.187500	0.109827	660600.000000
47.291667	0.107270	660800.000000
47.395833	0.099882	661000.000000
47.500000	0.095171	661200.000000
47.604167	0.096514	661400.000000
47.708333	0.099792	661600.000000
47.812500	0.098610	661800.000000
47.916667	0.094413	662000.000000
48.020833	0.090209	662200.000000
48.125000	0.090789	662400.000000
48.229167	0.090776	662600.000000
48.333333	0.090505	662800.000000
48.437500	0.089501	663000.000000
48.541667	0.088253	663200.000000
48.645833	0.087543	663400.000000
48.750000	0.087545	663600.000000
48.854167	0.090373	663800.000000
48.958333	0.095962	664000.000000
49.062500	0.104166	664200.000000
49.166667	0.112428	664400.000000
49.270833	0.117684	664600.000000
49.375000	0.117688	664800.000000
49.479167	0.111247	665000.000000
49.583333	0.099437	665200.000000
49.687500	0.087410	665400.000000
49.791667	0.081446	665600.000000
49.895833	0.081301	665800.000000
50.000000	0.085951	666000.000000
50.104167	0.091195	666200.000000
50.208333	0.093717	666400.000000
50.312500	0.092746	666600.000000
50.416667	0.093822	666800.000000
50.520833	0.096201	667000.000000
50.625000	0.102196	667200.000000
50.729167	0.109614	667400.000000
50.833333	0.113051	667600.000000
50.937500	0.113508	667800.000000
51.041667	0.112579	668000.000000
51.145833	0.111650	668200.000000
51.250000	0.111477	668400.000000
51.354167	0.107392	668600.000000
51.458333	0.098686	668800.000000
51.562500	0.089548	669000.000000
51.666667	0.085808	669200.000000
51.770833	0.091345	669400.000000
51.875000	0.100873	669600.000000
51.979167	0.110500	669800.000000
52.083333	0.115275	670000.000000
52.187500	0.113691	670200.000000
52.291667	0.110365	670400.000000
52.395833	0.108005	670600.000000
52.500000	0.106263	670800.000000
52.604167	0.107365	671000.000000
52.708333	0.110497	671200.000000
52.812500	0.113572	671400.000000
52.916667	0.116103	671600.000000
53.020833	0.117652	671800.000000
53.125000	0.117840	672000.000000
53.229167	0.116026	672200.000000
53.333333	0.114143	672400.000000
53.437500	0.111686	672600.000000
53.541667	0.107043	672800.000000
53.645833	0.102694	673000.000000
53.750000	0.099245	673200.000000
53.854167	0.099510	673400.000000
53.958333	0.104723	673600.000000
54.062500	0.110885	673800.000000
54.166667	0.115161	674000.000000
54.270833	0.116509	674200.000000
54.375000	0.117071	674400.000000
54.479167	0.116828	674600.000000
54.583333	0.114264	674800.000000
54.687500	0.111339	675000.000000
54.791667	0.114840	675200.000000
54.895833	0.122512	675400.000000
55.000000	0.124782	675600.000000
55.104167	0.120579	675800.000000
55.208333	0.108723	676000.000000
55.312500	0.098857	676200.000000
55.416667	0.097969	676400.000000
55.520833	0.103922	676600.000000
55.625000	0.115583	676800.000000
55.729167	0.123854	677000.000000
55.833333	0.127394	677200.000000
55.937500	0.126580	677400.000000
56.041667	0.124670	677600.000000
56.145833	0.121859	677800.000000
56.250000	0.117470	678000.000000
56.354167	0.111705	678200.000000
56.458333	0.107358	678400.000000
56.562500	0.108749	678600.000000
56.666667	0.110469	678800.000000
56.770833	0.109627	679000.000000
56.875000	0.104767	679200.000000
56.979167	0.097020	679400.000000
57.083333	0.087758	679600.000000
57.187500	0.083049	679800.000000
57.291667	0.084037	680000.000000
57.395833	0.091443	680200.000000
57.500000	0.100043	680400.000000
57.604167	0.105665	680600.000000
57.708333	0.104075	680800.000000
57.812500	0.096767	681000.000000
57.916667	0.088028	681200.000000
58.020833	0.084272	681400.000000
58.125000	0.088323	681600.000000
58.229167	0.098802	681800.000000
58.333333	0.112117	682000.000000
58.437500	0.119627	682200.000000
58.541667	0.117793	682400.000000
58.645833	0.106451	682600.000000
58.750000	0.090627	682800.000000
58.854167	0.078472	683000.000000
58.958333	0.076996	683200.000000
59.062500	0.084472	683400.000000
59.166667	0.097586	683600.000000
59.270833	0.109172	683800.000000
59.375000	0.111807	684000.000000
59.479167	0.106381	684200.000000
59.583333	0.099198	684400.000000
59.687500	0.096496	684600.000000
59.791667	0.100935	684800.000000
59.895833	0.111547	685000.000000
60.000000	0.122242	685200.000000
60.104167	0.130272	685400.000000
60.208333	0.130335	685600.000000
60.312500	0.124570	685800.000000
60.416667	0.113243	686000.000000
60.520833	0.101980	686200.000000
60.625000	0.095098	686400.000000
60.729167	0.094100	686600.000000
60.833333	0.099943	686800.000000
60.937500	0.110400	687000.000000
61.041667	0.121334	687200.000000
61.145833	0.128420	687400.000000
61.250000	0.131308	687600.000000
61.354167	0.128874	687800.000000
61.458333	0.125681	688000.000000
61.562500	0.124582	688200.000000
61.666667	0.125411	688400.000000
61.770833	0.126841	688600.000000
61.875000	0.129255	688800.000000
61.979167	0.129050	689000.000000
62.083333	0.125791	689200.000000
62.187500	0.117521	689400.000000
62.291667	0.109086	689600.000000
62.395833	0.104020	689800.000000
62.500000	0.101681	690000.000000
62.604167	0.101234	690200.000000
62.708333	0.099508	690400.000000
62.812500	0.096708	690600.000000
62.916667	0.090518	690800.000000
63.020833	0.085536	691000.000000
63.125000	0.081866	691200.000000
63.229167	0.081060	691400.000000
63.333333	0.080862	691600.000000
63.437500	0.080270	691800.000000
63.541667	0.076657	692000.000000
63.645833	0.073689	692200.000000
63.750000	0.073865	692400.000000
63.854167	0.076644	692600.000000
63.958333	0.079717	692800.000000
64.062500	0.080258	693000.000000
64.166667	0.080228	693200.000000
64.270833	0.078800	693400.000000
64.375000	0.075607	693600.000000
64.479167	0.075145	693800.000000
64.583333	0.075678	694000.000000
64.687500	0.079741	694200.000000
64.791667	0.088525	694400.000000
64.895833	0.098421	694600.000000
65.000000	0.105810	694800.000000
65.104167	0.110167	695000.000000
65.208333	0.111725	695200.000000
65.312500	0.110854	695400.000000
65.416667	0.110751	695600.000000
65.520833	0.111926	695800.000000
65.625000	0.111570	696000.000000
65.729167	0.110151	696200.000000
65.833333	0.105635	696400.000000
65.937500	0.097763	696600.000000
66.041667	0.089928	696800.000000
66.145833	0.085821	697000.000000
66.250000	0.086249	697200.000000
66.354167	0.089481	697400.000000
66.458333	0.094371	697600.000000
66.562500	0.097749	697800.000000
66.666667	0.100326	698000.000000
66.770833	0.101406	698200.000000
66.875000	0.099189	698400.000000
66.979167	0.096240	698600.000000
67.083333	0.091799	698800.000000
67.187500	0.090124	699000.000000
67.291667	0.093483	699200.000000
67.395833	0.102036	699400.000000
67.500000	0.110742	699600.000000
67.604167	0.114613	699800.000000
67.708333	0.112847	700000.000000
