0.000000	0.102452	570000.000000
0.104167	0.102873	570200.000000
0.208333	0.102565	570400.000000
0.312500	0.103745	570600.000000
0.416667	0.103293	570800.000000
0.520833	0.102656	571000.000000
0.625000	0.103188	571200.000000
0.729167	0.103260	571400.000000
0.833333	0.103569	571600.000000
0.937500	0.103072	571800.000000
1.041667	0.103204	572000.000000
1.145833	0.102920	572200.000000
1.250000	0.102907	572400.000000
1.354167	0.103732	572600.000000
1.458333	0.102909	572800.000000
1.562500	0.103216	573000.000000
1.666667	0.103359	573200.000000
1.770833	0.103101	573400.000000
1.875000	0.103040	573600.000000
1.979167	0.103735	573800.000000
2.083333	0.103467	574000.000000
2.187500	0.103081	574200.000000
2.291667	0.103415	574400.000000
2.395833	0.102807	574600.000000
2.500000	0.102702	574800.000000
2.604167	0.102957	575000.000000
2.708333	0.103104	575200.000000
2.812500	0.103088	575400.000000
2.916667	0.102952	575600.000000
3.020833	0.103003	575800.000000
3.125000	0.102652	576000.000000
3.229167	0.103167	576200.000000
3.333333	0.102395	576400.000000
3.437500	0.102461	576600.000000
3.541667	0.102976	576800.000000
3.645833	0.103413	577000.000000
3.750000	0.102546	577200.000000
3.854167	0.102911	577400.000000
3.958333	0.103552	577600.000000
4.062500	0.103088	577800.000000
4.166667	0.103389	578000.000000
4.270833	0.102911	578200.000000
4.375000	0.103346	578400.000000
4.479167	0.103199	578600.000000
4.583333	0.103779	578800.000000
4.687500	0.103537	579000.000000
4.791667	0.102366	579200.000000
4.895833	0.103523	579400.000000
5.000000	0.103910	579600.000000
5.104167	0.102833	579800.000000
5.208333	0.103240	580000.000000
5.312500	0.102498	580200.000000
5.416667	0.102640	580400.000000
5.520833	0.103189	580600.000000
5.625000	0.103024	580800.000000
5.729167	0.102813	581000.000000
5.833333	0.103442	581200.000000
5.937500	0.102970	581400.000000
6.041667	0.102753	581600.000000
6.145833	0.103282	581800.000000
6.250000	0.102295	582000.000000
6.354167	0.103405	582200.000000
6.458333	0.102847	582400.000000
6.562500	0.103360	582600.000000
6.666667	0.103134	582800.000000
6.770833	0.102769	583000.000000
6.875000	0.103731	583200.000000
6.979167	0.103025	583400.000000
7.083333	0.103171	583600.000000
7.187500	0.103068	583800.000000
7.291667	0.102828	584000.000000
7.395833	0.102808	584200.000000
7.500000	0.102812	584400.000000
7.604167	0.102414	584600.000000
7.708333	0.102823	584800.000000
7.812500	0.103505	585000.000000
7.916667	0.103730	585200.000000
8.020833	0.102630	585400.000000
8.125000	0.102834	585600.000000
8.229167	0.103749	585800.000000
8.333333	0.103707	586000.000000
8.437500	0.103242	586200.000000
8.541667	0.102821	586400.000000
8.645833	0.103446	586600.000000
8.750000	0.103162	586800.000000
8.854167	0.103539	587000.000000
8.958333	0.103243	587200.000000
9.062500	0.102903	587400.000000
9.166667	0.103993	587600.000000
9.270833	0.102919	587800.000000
9.375000	0.103372	588000.000000
9.479167	0.102725	588200.000000
9.583333	0.102657	588400.000000
9.687500	0.102743	588600.000000
9.791667	0.102897	588800.000000
9.895833	0.102923	589000.000000
10.000000	0.103500	589200.000000
10.104167	0.103499	589400.000000
10.208333	0.103498	589600.000000
10.312500	0.103323	589800.000000
10.416667	0.103340	590000.000000
10.520833	0.103456	590200.000000
10.625000	0.102513	590400.000000
10.729167	0.103237	590600.000000
10.833333	0.103050	590800.000000
10.937500	0.103002	591000.000000
11.041667	0.102650	591200.000000
11.145833	0.103296	591400.000000
11.250000	0.102815	591600.000000
11.354167	0.103204	591800.000000
11.458333	0.102464	592000.000000
11.562500	0.102776	592200.000000
11.666667	0.103094	592400.000000
11.770833	0.102671	592600.000000
11.875000	0.102825	592800.000000
11.979167	0.103168	593000.000000
12.083333	0.102387	593200.000000
12.187500	0.102795	593400.000000
12.291667	0.102523	593600.000000
12.395833	0.103074	593800.000000
12.500000	0.103372	594000.000000
12.604167	0.103632	594200.000000
12.708333	0.103275	594400.000000
12.812500	0.103662	594600.000000
12.916667	0.103821	594800.000000
13.020833	0.103280	595000.000000
13.125000	0.103417	595200.000000
13.229167	0.103311	595400.000000
13.333333	0.103081	595600.000000
13.437500	0.103346	595800.000000
13.541667	0.103142	596000.000000
13.645833	0.103483	596200.000000
13.750000	0.103315	596400.000000
13.854167	0.103814	596600.000000
13.958333	0.103926	596800.000000
14.062500	0.103647	597000.000000
14.166667	0.102564	597200.000000
14.270833	0.102890	597400.000000
14.375000	0.103364	597600.000000
14.479167	0.103227	597800.000000
14.583333	0.102632	598000.000000
14.687500	0.103309	598200.000000
14.791667	0.103065	598400.000000
14.895833	0.103310	598600.000000
15.000000	0.102915	598800.000000
15.104167	0.103437	599000.000000
15.208333	0.103899	599200.000000
15.312500	0.103738	599400.000000
15.416667	0.103955	599600.000000
15.520833	0.103050	599800.000000
15.625000	0.103301	600000.000000
15.729167	0.103576	600200.000000
15.833333	0.102634	600400.000000
15.937500	0.103007	600600.000000
16.041667	0.103615	600800.000000
16.145833	0.103260	601000.000000
16.250000	0.102600	601200.000000
16.354167	0.103799	601400.000000
16.458333	0.103344	601600.000000
16.562500	0.102385	601800.000000
16.666667	0.103326	602000.000000
16.770833	0.103671	602200.000000
16.875000	0.102928	602400.000000
16.979167	0.103319	602600.000000
17.083333	0.103209	602800.000000
17.187500	0.103347	603000.000000
17.291667	0.103534	603200.000000
17.395833	0.103891	603400.000000
17.500000	0.103618	603600.000000
17.604167	0.103331	603800.000000
17.708333	0.103526	604000.000000
17.812500	0.103714	604200.000000
17.916667	0.103142	604400.000000
18.020833	0.103905	604600.000000
18.125000	0.102710	604800.000000
18.229167	0.102902	605000.000000
18.333333	0.103159	605200.000000
18.437500	0.103549	605400.000000
18.541667	0.102767	605600.000000
18.645833	0.102919	605800.000000
18.750000	0.102421	606000.000000
18.854167	0.102852	606200.000000
18.958333	0.103230	606400.000000
19.062500	0.102934	606600.000000
19.166667	0.103671	606800.000000
19.270833	0.102906	607000.000000
19.375000	0.103505	607200.000000
19.479167	0.102389	607400.000000
19.583333	0.102926	607600.000000
19.687500	0.103513	607800.000000
19.791667	0.103292	608000.000000
19.895833	0.102304	608200.000000
20.000000	0.103292	608400.000000
20.104167	0.103530	608600.000000
20.208333	0.103413	608800.000000
20.312500	0.103180	609000.000000
20.416667	0.103354	609200.000000
20.520833	0.102534	609400.000000
20.625000	0.103145	609600.000000
20.729167	0.103277	609800.000000
20.833333	0.103047	610000.000000
20.937500	0.103682	610200.000000
21.041667	0.103524	610400.000000
21.145833	0.103454	610600.000000
21.250000	0.103639	610800.000000
21.354167	0.102802	611000.000000
21.458333	0.102553	611200.000000
21.562500	0.103108	611400.000000
21.666667	0.103997	611600.000000
21.770833	0.103312	611800.000000
21.875000	0.102968	612000.000000
21.979167	0.103376	612200.000000
22.083333	0.102829	612400.000000
22.187500	0.103223	612600.000000
22.291667	0.103294	612800.000000
22.395833	0.102703	613000.000000
22.500000	0.103125	613200.000000
22.604167	0.102853	613400.000000
22.708333	0.103319	613600.000000
22.812500	0.103420	613800.000000
22.916667	0.103176	614000.000000
23.020833	0.103025	614200.000000
23.125000	0.102416	614400.000000
23.229167	0.102810	614600.000000
23.333333	0.103891	614800.000000
23.437500	0.103386	615000.000000
23.541667	0.103311	615200.000000
23.645833	0.103109	615400.000000
23.750000	0.102821	615600.000000
23.854167	0.103136	615800.000000
23.958333	0.102948	616000.000000
24.062500	0.103031	616200.000000
24.166667	0.103016	616400.000000
24.270833	0.103078	616600.000000
24.375000	0.102366	616800.000000
24.479167	0.103152	617000.000000
24.583333	0.102862	617200.000000
24.687500	0.103364	617400.000000
24.791667	0.103063	617600.000000
24.895833	0.104078	617800.000000
25.000000	0.103731	618000.000000
25.104167	0.103728	618200.000000
25.208333	0.102652	618400.000000
25.312500	0.103297	618600.000000
25.416667	0.103138	618800.000000
25.520833	0.102581	619000.000000
25.625000	0.102489	619200.000000
25.729167	0.102853	619400.000000
25.833333	0.103129	619600.000000
25.937500	0.103529	619800.000000
26.041667	0.103209	620000.000000
26.145833	0.103550	620200.000000
26.250000	0.103414	620400.000000
26.354167	0.103280	620600.000000
26.458333	0.103714	620800.000000
26.562500	0.102882	621000.000000
26.666667	0.103141	621200.000000
26.770833	0.103069	621400.000000
26.875000	0.103311	621600.000000
26.979167	0.102901	621800.000000
27.083333	0.102718	622000.000000
27.187500	0.102566	622200.000000
27.291667	0.102661	622400.000000
27.395833	0.102933	622600.000000
27.500000	0.102882	622800.000000
27.604167	0.103679	623000.000000
27.708333	0.102899	623200.000000
27.812500	0.102697	623400.000000
27.916667	0.103501	623600.000000
28.020833	0.102985	623800.000000
28.125000	0.103478	624000.000000
28.229167	0.103530	624200.000000
28.333333	0.103592	624400.000000
28.437500	0.103760	624600.000000
28.541667	0.103354	624800.000000
28.645833	0.103657	625000.000000
28.750000	0.103369	625200.000000
28.854167	0.103607	625400.000000
28.958333	0.103100	625600.000000
29.062500	0.103085	625800.000000
29.166667	0.103940	626000.000000
29.270833	0.103519	626200.000000
29.375000	0.104252	626400.000000
29.479167	0.103872	626600.000000
29.583333	0.102609	626800.000000
29.687500	0.102806	627000.000000
29.791667	0.103935	627200.000000
29.895833	0.103715	627400.000000
30.000000	0.102940	627600.000000
30.104167	0.103094	627800.000000
30.208333	0.103338	628000.000000
30.312500	0.103475	628200.000000
30.416667	0.103877	628400.000000
30.520833	0.104005	628600.000000
30.625000	0.103789	628800.000000
30.729167	0.102722	629000.000000
30.833333	0.103283	629200.000000
30.937500	0.102978	629400.000000
31.041667	0.103483	629600.000000
31.145833	0.104186	629800.000000
31.250000	0.103294	630000.000000
31.354167	0.103674	630200.000000
31.458333	0.103927	630400.000000
31.562500	0.102741	630600.000000
31.666667	0.103167	630800.000000
31.770833	0.103705	631000.000000
31.875000	0.103659	631200.000000
31.979167	0.103684	631400.000000
32.083333	0.103624	631600.000000
32.187500	0.104292	631800.000000
32.291667	0.103301	632000.000000
32.395833	0.103783	632200.000000
32.500000	0.104076	632400.000000
32.604167	0.103324	632600.000000
32.708333	0.103283	632800.000000
32.812500	0.103207	633000.000000
32.916667	0.104098	633200.000000
33.020833	0.103470	633400.000000
33.125000	0.103932	633600.000000
33.229167	0.103649	633800.000000
33.333333	0.103789	634000.000000
33.437500	0.103798	634200.000000
33.541667	0.103557	634400.000000
33.645833	0.103002	634600.000000
33.750000	0.103916	634800.000000
33.854167	0.103951	635000.000000
33.958333	0.103135	635200.000000
34.062500	0.103130	635400.000000
34.166667	0.103290	635600.000000
34.270833	0.103886	635800.000000
34.375000	0.104417	636000.000000
34.479167	0.103511	636200.000000
34.583333	0.103627	636400.000000
34.687500	0.103920	636600.000000
34.791667	0.103442	636800.000000
34.895833	0.103467	637000.000000
35.000000	0.103391	637200.000000
35.104167	0.103740	637400.000000
35.208333	0.102892	637600.000000
35.312500	0.103769	637800.000000
35.416667	0.103741	638000.000000
35.520833	0.103909	638200.000000
35.625000	0.103639	638400.000000
35.729167	0.103451	638600.000000
35.833333	0.103421	638800.000000
35.937500	0.103803	639000.000000
36.041667	0.103139	639200.000000
36.145833	0.103804	639400.000000
36.250000	0.103667	639600.000000
36.354167	0.103627	639800.000000
36.458333	0.103680	640000.000000
36.562500	0.103031	640200.000000
36.666667	0.103615	640400.000000
36.770833	0.103448	640600.000000
36.875000	0.103345	640800.000000
36.979167	0.103540	641000.000000
37.083333	0.103545	641200.000000
37.187500	0.103715	641400.000000
37.291667	0.103836	641600.000000
37.395833	0.103250	641800.000000
37.500000	0.104021	642000.000000
37.604167	0.104006	642200.000000
37.708333	0.103627	642400.000000
37.812500	0.103319	642600.000000
37.916667	0.103943	642800.000000
38.020833	0.103106	643000.000000
38.125000	0.103993	643200.000000
38.229167	0.103527	643400.000000
38.333333	0.103649	643600.000000
38.437500	0.103333	643800.000000
38.541667	0.103828	644000.000000
38.645833	0.103884	644200.000000
38.750000	0.104070	644400.000000
38.854167	0.104523	644600.000000
38.958333	0.103954	644800.000000
39.062500	0.103677	645000.000000
39.166667	0.104200	645200.000000
39.270833	0.103421	645400.000000
39.375000	0.103818	645600.000000
39.479167	0.103299	645800.000000
39.583333	0.103100	646000.000000
39.687500	0.103312	646200.000000
39.791667	0.103243	646400.000000
39.895833	0.103447	646600.000000
40.000000	0.103788	646800.000000
40.104167	0.103965	647000.000000
40.208333	0.103969	647200.000000
40.312500	0.103991	647400.000000
40.416667	0.104343	647600.000000
40.520833	0.103997	647800.000000
40.625000	0.104587	648000.000000
40.729167	0.104498	648200.000000
40.833333	0.104187	648400.000000
40.937500	0.104780	648600.000000
41.041667	0.103942	648800.000000
41.145833	0.103762	649000.000000
41.250000	0.103968	649200.000000
41.354167	0.103837	649400.000000
41.458333	0.104205	649600.000000
41.562500	0.103831	649800.000000
41.666667	0.103956	650000.000000
41.770833	0.103816	650200.000000
41.875000	0.104603	650400.000000
41.979167	0.103870	650600.000000
42.083333	0.103913	650800.000000
42.187500	0.104032	651000.000000
42.291667	0.104653	651200.000000
42.395833	0.104193	651400.000000
42.500000	0.103422	651600.000000
42.604167	0.104414	651800.000000
42.708333	0.104095	652000.000000
42.812500	0.103466	652200.000000
42.916667	0.104218	652400.000000
43.020833	0.103734	652600.000000
43.125000	0.103656	652800.000000
43.229167	0.104640	653000.000000
43.333333	0.103568	653200.000000
43.437500	0.103064	653400.000000
43.541667	0.103305	653600.000000
43.645833	0.103427	653800.000000
43.750000	0.103548	654000.000000
43.854167	0.103518	654200.000000
43.958333	0.103249	654400.000000
44.062500	0.104302	654600.000000
44.166667	0.103836	654800.000000
44.270833	0.103986	655000.000000
44.375000	0.103247	655200.000000
44.479167	0.102909	655400.000000
44.583333	0.103519	655600.000000
44.687500	0.103860	655800.000000
44.791667	0.104454	656000.000000
44.895833	0.104179	656200.000000
45.000000	0.104302	656400.000000
45.104167	0.103979	656600.000000
45.208333	0.104163	656800.000000
45.312500	0.103796	657000.000000
45.416667	0.103673	657200.000000
45.520833	0.104012	657400.000000
45.625000	0.103414	657600.000000
45.729167	0.103280	657800.000000
45.833333	0.103353	658000.000000
45.937500	0.103095	658200.000000
46.041667	0.103863	658400.000000
46.145833	0.103831	658600.000000
46.250000	0.104081	658800.000000
46.354167	0.104579	659000.000000
46.458333	0.104296	659200.000000
46.562500	0.104334	659400.000000
46.666667	0.103255	659600.000000
46.770833	0.104304	659800.000000
46.875000	0.104869	660000.000000
46.979167	0.104285	660200.000000
47.083333	0.103768	660400.000000
47.187500	0.103738	660600.000000
47.291667	0.103859	660800.000000
47.395833	0.103924	661000.000000
47.500000	0.104460	661200.000000
47.604167	0.103431	661400.000000
47.708333	0.102809	661600.000000
47.812500	0.104290	661800.000000
47.916667	0.104444	662000.000000
48.020833	0.104436	662200.000000
48.125000	0.104138	662400.000000
48.229167	0.103472	662600.000000
48.333333	0.104191	662800.000000
48.437500	0.103996	663000.000000
48.541667	0.103280	663200.000000
48.645833	0.103011	663400.000000
48.750000	0.103124	663600.000000
48.854167	0.103774	663800.000000
48.958333	0.103545	664000.000000
49.062500	0.104212	664200.000000
49.166667	0.103828	664400.000000
49.270833	0.103192	664600.000000
49.375000	0.103946	664800.000000
49.479167	0.103247	665000.000000
49.583333	0.103366	665200.000000
49.687500	0.103426	665400.000000
49.791667	0.103850	665600.000000
49.895833	0.103791	665800.000000
50.000000	0.103790	666000.000000
50.104167	0.104620	666200.000000
50.208333	0.104373	666400.000000
50.312500	0.103379	666600.000000
50.416667	0.103989	666800.000000
50.520833	0.104154	667000.000000
50.625000	0.103555	667200.000000
50.729167	0.103409	667400.000000
50.833333	0.104259	667600.000000
50.937500	0.103928	667800.000000
51.041667	0.103914	668000.000000
51.145833	0.104233	668200.000000
51.250000	0.104336	668400.000000
51.354167	0.103972	668600.000000
51.458333	0.103331	668800.000000
51.562500	0.103680	669000.000000
51.666667	0.104390	669200.000000
51.770833	0.104665	669400.000000
51.875000	0.103510	669600.000000
51.979167	0.103527	669800.000000
52.083333	0.104167	670000.000000
52.187500	0.104335	670200.000000
52.291667	0.103774	670400.000000
52.395833	0.103571	670600.000000
52.500000	0.104092	670800.000000
52.604167	0.104458	671000.000000
52.708333	0.104373	671200.000000
52.812500	0.103555	671400.000000
52.916667	0.104008	671600.000000
53.020833	0.103434	671800.000000
53.125000	0.104080	672000.000000
53.229167	0.104168	672200.000000
53.333333	0.104477	672400.000000
53.437500	0.103637	672600.000000
53.541667	0.103553	672800.000000
53.645833	0.103652	673000.000000
53.750000	0.103236	673200.000000
53.854167	0.103879	673400.000000
53.958333	0.103791	673600.000000
54.062500	0.104215	673800.000000
54.166667	0.104537	674000.000000
54.270833	0.104239	674200.000000
54.375000	0.104424	674400.000000
54.479167	0.104627	674600.000000
54.583333	0.104581	674800.000000
54.687500	0.103553	675000.000000
54.791667	0.104555	675200.000000
54.895833	0.103949	675400.000000
55.000000	0.103566	675600.000000
55.104167	0.103086	675800.000000
55.208333	0.102870	676000.000000
55.312500	0.103865	676200.000000
55.416667	0.104041	676400.000000
55.520833	0.103866	676600.000000
55.625000	0.103899	676800.000000
55.729167	0.103956	677000.000000
55.833333	0.103972	677200.000000
55.937500	0.104367	677400.000000
56.041667	0.103711	677600.000000
56.145833	0.103605	677800.000000
56.250000	0.103298	678000.000000
56.354167	0.103729	678200.000000
56.458333	0.104049	678400.000000
56.562500	0.102986	678600.000000
56.666667	0.103754	678800.000000
56.770833	0.103552	679000.000000
56.875000	0.103638	679200.000000
56.979167	0.103467	679400.000000
57.083333	0.103581	679600.000000
57.187500	0.103650	679800.000000
57.291667	0.103795	680000.000000
57.395833	0.103661	680200.000000
57.500000	0.103818	680400.000000
57.604167	0.103873	680600.000000
57.708333	0.103480	680800.000000
57.812500	0.102551	681000.000000
57.916667	0.103505	681200.000000
58.020833	0.104048	681400.000000
58.125000	0.103103	681600.000000
58.229167	0.103775	681800.000000
58.333333	0.104009	682000.000000
58.437500	0.103815	682200.000000
58.541667	0.103782	682400.000000
58.645833	0.103886	682600.000000
58.750000	0.103912	682800.000000
58.854167	0.103506	683000.000000
58.958333	0.103624	683200.000000
59.062500	0.103251	683400.000000
59.166667	0.103286	683600.000000
59.270833	0.104290	683800.000000
59.375000	0.103739	684000.000000
59.479167	0.103248	684200.000000
59.583333	0.103970	684400.000000
59.687500	0.103816	684600.000000
59.791667	0.103918	684800.000000
59.895833	0.104301	685000.000000
60.000000	0.103096	685200.000000
60.104167	0.103494	685400.000000
60.208333	0.104497	685600.000000
60.312500	0.104066	685800.000000
60.416667	0.103439	686000.000000
60.520833	0.103020	686200.000000
60.625000	0.103342	686400.000000
60.729167	0.103319	686600.000000
60.833333	0.104112	686800.000000
60.937500	0.103527	687000.000000
61.041667	0.103571	687200.000000
61.145833	0.102699	687400.000000
61.250000	0.103209	687600.000000
61.354167	0.103504	687800.000000
61.458333	0.103580	688000.000000
61.562500	0.103976	688200.000000
61.666667	0.103802	688400.000000
61.770833	0.103069	688600.000000
61.875000	0.102913	688800.000000
61.979167	0.103433	689000.000000
62.083333	0.104040	689200.000000
62.187500	0.104064	689400.000000
62.291667	0.103409	689600.000000
62.395833	0.103009	689800.000000
62.500000	0.102982	690000.000000
62.604167	0.103780	690200.000000
62.708333	0.103479	690400.000000
62.812500	0.103422	690600.000000
62.916667	0.103856	690800.000000
63.020833	0.103934	691000.000000
63.125000	0.104081	691200.000000
63.229167	0.103643	691400.000000
63.333333	0.102801	691600.000000
63.437500	0.102921	691800.000000
63.541667	0.102820	692000.000000
63.645833	0.103648	692200.000000
63.750000	0.103861	692400.000000
63.854167	0.102618	692600.000000
63.958333	0.103673	692800.000000
64.062500	0.103378	693000.000000
64.166667	0.103449	693200.000000
64.270833	0.103450	693400.000000
64.375000	0.103048	693600.000000
64.479167	0.103966	693800.000000
64.583333	0.104133	694000.000000
64.687500	0.103442	694200.000000
64.791667	0.103351	694400.000000
64.895833	0.103631	694600.000000
65.000000	0.103357	694800.000000
65.104167	0.103642	695000.000000
65.208333	0.102975	695200.000000
65.312500	0.103245	695400.000000
65.416667	0.103231	695600.000000
65.520833	0.103098	695800.000000
65.625000	0.103323	696000.000000
65.729167	0.103973	696200.000000
65.833333	0.104327	696400.000000
65.937500	0.103408	696600.000000
66.041667	0.103162	696800.000000
66.145833	0.103404	697000.000000
66.250000	0.103211	697200.000000
66.354167	0.103196	697400.000000
66.458333	0.103697	697600.000000
66.562500	0.103856	697800.000000
66.666667	0.103265	698000.000000
66.770833	0.103687	698200.000000
66.875000	0.102870	698400.000000
66.979167	0.103082	698600.000000
67.083333	0.103512	698800.000000
67.187500	0.103792	699000.000000
67.291667	0.103347	699200.000000
67.395833	0.103402	699400.000000
67.500000	0.102774	699600.000000
67.604167	0.103639	699800.000000
67.708333	0.103215	700000.000000
