0.000000	-0.100631	550000.000000
0.104167	-0.100356	550200.000000
0.208333	-0.100210	550400.000000
0.312500	-0.100505	550600.000000
0.416667	-0.100256	550800.000000
0.520833	-0.100708	551000.000000
0.625000	-0.100069	551200.000000
0.729167	-0.099776	551400.000000
0.833333	-0.100205	551600.000000
0.937500	-0.100621	551800.000000
1.041667	-0.099838	552000.000000
1.145833	-0.100482	552200.000000
1.250000	-0.101005	552400.000000
1.354167	-0.100210	552600.000000
1.458333	-0.100449	552800.000000
1.562500	-0.100922	553000.000000
1.666667	-0.100482	553200.000000
1.770833	-0.101100	553400.000000
1.875000	-0.100525	553600.000000
1.979167	-0.100120	553800.000000
2.083333	-0.101115	554000.000000
2.187500	-0.100739	554200.000000
2.291667	-0.099759	554400.000000
2.395833	-0.099871	554600.000000
2.500000	-0.099496	554800.000000
2.604167	-0.100298	555000.000000
2.708333	-0.099671	555200.000000
2.812500	-0.100357	555400.000000
2.916667	-0.100030	555600.000000
3.020833	-0.100324	555800.000000
3.125000	-0.100575	556000.000000
3.229167	-0.100004	556200.000000
3.333333	-0.099956	556400.000000
3.437500	-0.099860	556600.000000
3.541667	-0.100365	556800.000000
3.645833	-0.100380	557000.000000
3.750000	-0.101018	557200.000000
3.854167	-0.100600	557400.000000
3.958333	-0.100909	557600.000000
4.062500	-0.100729	557800.000000
4.166667	-0.100730	558000.000000
4.270833	-0.100810	558200.000000
4.375000	-0.101064	558400.000000
4.479167	-0.100627	558600.000000
4.583333	-0.101590	558800.000000
4.687500	-0.100633	559000.000000
4.791667	-0.101349	559200.000000
4.895833	-0.101528	559400.000000
5.000000	-0.100602	559600.000000
5.104167	-0.101268	559800.000000
5.208333	-0.100648	560000.000000
5.312500	-0.100917	560200.000000
5.416667	-0.100982	560400.000000
5.520833	-0.100864	560600.000000
5.625000	-0.100833	560800.000000
5.729167	-0.101010	561000.000000
5.833333	-0.099705	561200.000000
5.937500	-0.100659	561400.000000
6.041667	-0.101482	561600.000000
6.145833	-0.101713	561800.000000
6.250000	-0.101053	562000.000000
6.354167	-0.101672	562200.000000
6.458333	-0.101072	562400.000000
6.562500	-0.100998	562600.000000
6.666667	-0.101162	562800.000000
6.770833	-0.101388	563000.000000
6.875000	-0.101273	563200.000000
6.979167	-0.101374	563400.000000
7.083333	-0.100063	563600.000000
7.187500	-0.101189	563800.000000
7.291667	-0.102032	564000.000000
7.395833	-0.100554	564200.000000
7.500000	-0.100655	564400.000000
7.604167	-0.101088	564600.000000
7.708333	-0.101345	564800.000000
7.812500	-0.101442	565000.000000
7.916667	-0.101018	565200.000000
8.020833	-0.100393	565400.000000
8.125000	-0.100714	565600.000000
8.229167	-0.101735	565800.000000
8.333333	-0.101748	566000.000000
8.437500	-0.101448	566200.000000
8.541667	-0.101085	566400.000000
8.645833	-0.100980	566600.000000
8.750000	-0.100558	566800.000000
8.854167	-0.100621	567000.000000
8.958333	-0.100988	567200.000000
9.062500	-0.101150	567400.000000
9.166667	-0.101624	567600.000000
9.270833	-0.100677	567800.000000
9.375000	-0.100053	568000.000000
9.479167	-0.100857	568200.000000
9.583333	-0.100859	568400.000000
9.687500	-0.100501	568600.000000
9.791667	-0.100503	568800.000000
9.895833	-0.100491	569000.000000
10.000000	-0.100157	569200.000000
10.104167	-0.099705	569400.000000
10.208333	-0.099783	569600.000000
10.312500	-0.099663	569800.000000
10.416667	-0.099349	570000.000000
10.520833	-0.099620	570200.000000
10.625000	-0.099934	570400.000000
10.729167	-0.100567	570600.000000
10.833333	-0.099387	570800.000000
10.937500	-0.100018	571000.000000
11.041667	-0.100673	571200.000000
11.145833	-0.099768	571400.000000
11.250000	-0.100245	571600.000000
11.354167	-0.100064	571800.000000
11.458333	-0.099474	572000.000000
11.562500	-0.100388	572200.000000
11.666667	-0.100995	572400.000000
11.770833	-0.100668	572600.000000
11.875000	-0.100819	572800.000000
11.979167	-0.101458	573000.000000
12.083333	-0.100456	573200.000000
12.187500	-0.100046	573400.000000
12.291667	-0.100346	573600.000000
12.395833	-0.100815	573800.000000
12.500000	-0.100436	574000.000000
12.604167	-0.100248	574200.000000
12.708333	-0.100890	574400.000000
12.812500	-0.100744	574600.000000
12.916667	-0.101064	574800.000000
13.020833	-0.101503	575000.000000
13.125000	-0.100882	575200.000000
13.229167	-0.101328	575400.000000
13.333333	-0.101099	575600.000000
13.437500	-0.100779	575800.000000
13.541667	-0.100772	576000.000000
13.645833	-0.101529	576200.000000
13.750000	-0.100377	576400.000000
13.854167	-0.100403	576600.000000
13.958333	-0.100504	576800.000000
14.062500	-0.099802	577000.000000
14.166667	-0.100526	577200.000000
14.270833	-0.100903	577400.000000
14.375000	-0.099983	577600.000000
14.479167	-0.099170	577800.000000
14.583333	-0.099452	578000.000000
14.687500	-0.099881	578200.000000
14.791667	-0.100152	578400.000000
14.895833	-0.100631	578600.000000
15.000000	-0.100115	578800.000000
15.104167	-0.100631	579000.000000
15.208333	-0.100435	579200.000000
15.312500	-0.100464	579400.000000
15.416667	-0.099889	579600.000000
15.520833	-0.100903	579800.000000
15.625000	-0.099753	580000.000000
15.729167	-0.099558	580200.000000
15.833333	-0.099833	580400.000000
15.937500	-0.100009	580600.000000
16.041667	-0.099912	580800.000000
16.145833	-0.100155	581000.000000
16.250000	-0.099329	581200.000000
16.354167	-0.099257	581400.000000
16.458333	-0.100521	581600.000000
16.562500	-0.099969	581800.000000
16.666667	-0.100231	582000.000000
16.770833	-0.100190	582200.000000
16.875000	-0.099539	582400.000000
16.979167	-0.100060	582600.000000
17.083333	-0.100608	582800.000000
17.187500	-0.100230	583000.000000
17.291667	-0.099677	583200.000000
17.395833	-0.100090	583400.000000
17.500000	-0.099197	583600.000000
17.604167	-0.099429	583800.000000
17.708333	-0.100150	584000.000000
17.812500	-0.099225	584200.000000
17.916667	-0.098792	584400.000000
18.020833	-0.099637	584600.000000
18.125000	-0.099463	584800.000000
18.229167	-0.098269	585000.000000
18.333333	-0.098005	585200.000000
18.437500	-0.098735	585400.000000
18.541667	-0.098828	585600.000000
18.645833	-0.098545	585800.000000
18.750000	-0.098015	586000.000000
18.854167	-0.097112	586200.000000
18.958333	-0.096974	586400.000000
19.062500	-0.097044	586600.000000
19.166667	-0.095955	586800.000000
19.270833	-0.096727	587000.000000
19.375000	-0.096280	587200.000000
19.479167	-0.095132	587400.000000
19.583333	-0.094652	587600.000000
19.687500	-0.094791	587800.000000
19.791667	-0.093615	588000.000000
19.895833	-0.093164	588200.000000
20.000000	-0.092437	588400.000000
20.104167	-0.091715	588600.000000
20.208333	-0.091397	588800.000000
20.312500	-0.090150	589000.000000
20.416667	-0.089087	589200.000000
20.520833	-0.088554	589400.000000
20.625000	-0.086888	589600.000000
20.729167	-0.085179	589800.000000
20.833333	-0.083219	590000.000000
20.937500	-0.080621	590200.000000
21.041667	-0.079429	590400.000000
21.145833	-0.077503	590600.000000
21.250000	-0.074507	590800.000000
21.354167	-0.071171	591000.000000
21.458333	-0.068138	591200.000000
21.562500	-0.064098	591400.000000
21.666667	-0.059661	591600.000000
21.770833	-0.055726	591800.000000
21.875000	-0.049740	592000.000000
21.979167	-0.043290	592200.000000
22.083333	-0.037307	592400.000000
22.187500	-0.029165	592600.000000
22.291667	-0.021416	592800.000000
22.395833	-0.010720	593000.000000
22.500000	-0.000107	593200.000000
22.604167	0.012861	593400.000000
22.708333	0.026558	593600.000000
22.812500	0.041265	593800.000000
22.916667	0.056334	594000.000000
23.020833	0.072491	594200.000000
23.125000	0.088863	594400.000000
23.229167	0.105489	594600.000000
23.333333	0.119314	594800.000000
23.437500	0.131791	595000.000000
23.541667	0.142288	595200.000000
23.645833	0.147520	595400.000000
23.750000	0.147518	595600.000000
23.854167	0.138568	595800.000000
23.958333	0.107424	596000.000000
24.062500	0.024055	596200.000000
24.166667	-0.161387	596400.000000
24.270833	-0.517895	596600.000000
24.375000	-1.065220	596800.000000
24.479167	-1.713840	597000.000000
24.583333	-2.275117	597200.000000
24.687500	-2.477944	597400.000000
24.791667	-2.207005	597600.000000
24.895833	-1.580124	597800.000000
25.000000	-0.847849	598000.000000
25.104167	-0.210336	598200.000000
25.208333	0.214341	598400.000000
25.312500	0.425614	598600.000000
25.416667	0.480419	598800.000000
25.520833	0.444428	599000.000000
25.625000	0.379944	599200.000000
25.729167	0.324463	599400.000000
25.833333	0.285545	599600.000000
25.937500	0.261543	599800.000000
26.041667	0.263693	600000.000000
26.145833	0.304019	600200.000000
26.250000	0.376937	600400.000000
26.354167	0.437687	600600.000000
26.458333	0.431305	600800.000000
26.562500	0.342371	601000.000000
26.666667	0.212113	601200.000000
26.770833	0.108355	601400.000000
26.875000	0.067800	601600.000000
26.979167	0.077561	601800.000000
27.083333	0.102969	602000.000000
27.187500	0.122701	602200.000000
27.291667	0.128832	602400.000000
27.395833	0.117229	602600.000000
27.500000	0.084848	602800.000000
27.604167	0.033320	603000.000000
27.708333	-0.025698	603200.000000
27.812500	-0.069946	603400.000000
27.916667	-0.073930	603600.000000
28.020833	-0.033721	603800.000000
28.125000	0.021327	604000.000000
28.229167	0.048796	604200.000000
28.333333	0.024831	604400.000000
28.437500	-0.040374	604600.000000
28.541667	-0.102343	604800.000000
28.645833	-0.123590	605000.000000
28.750000	-0.103457	605200.000000
28.854167	-0.078463	605400.000000
28.958333	-0.079082	605600.000000
29.062500	-0.105296	605800.000000
29.166667	-0.136472	606000.000000
29.270833	-0.152857	606200.000000
29.375000	-0.149765	606400.000000
29.479167	-0.132852	606600.000000
29.583333	-0.107799	606800.000000
29.687500	-0.083297	607000.000000
29.791667	-0.060514	607200.000000
29.895833	-0.037607	607400.000000
30.000000	-0.025399	607600.000000
30.104167	-0.032897	607800.000000
30.208333	-0.055963	608000.000000
30.312500	-0.081261	608200.000000
30.416667	-0.104196	608400.000000
30.520833	-0.124512	608600.000000
30.625000	-0.138165	608800.000000
30.729167	-0.140195	609000.000000
30.833333	-0.125709	609200.000000
30.937500	-0.102104	609400.000000
31.041667	-0.082461	609600.000000
31.145833	-0.079313	609800.000000
31.250000	-0.092663	610000.000000
31.354167	-0.106977	610200.000000
31.458333	-0.109577	610400.000000
31.562500	-0.100512	610600.000000
31.666667	-0.089315	610800.000000
31.770833	-0.076646	611000.000000
31.875000	-0.073252	611200.000000
31.979167	-0.085405	611400.000000
32.083333	-0.108378	611600.000000
32.187500	-0.132052	611800.000000
32.291667	-0.149578	612000.000000
32.395833	-0.155430	612200.000000
32.500000	-0.154976	612400.000000
32.604167	-0.156027	612600.000000
32.708333	-0.159539	612800.000000
32.812500	-0.157022	613000.000000
32.916667	-0.147309	613200.000000
33.020833	-0.139930	613400.000000
33.125000	-0.141989	613600.000000
33.229167	-0.152664	613800.000000
33.333333	-0.157736	614000.000000
33.437500	-0.147708	614200.000000
33.541667	-0.120555	614400.000000
33.645833	-0.083948	614600.000000
33.750000	-0.051316	614800.000000
33.854167	-0.039247	615000.000000
33.958333	-0.057134	615200.000000
34.062500	-0.098597	615400.000000
34.166667	-0.143031	615600.000000
34.270833	-0.170342	615800.000000
34.375000	-0.175291	616000.000000
34.479167	-0.165421	616200.000000
34.583333	-0.146001	616400.000000
34.687500	-0.123293	616600.000000
34.791667	-0.106044	616800.000000
34.895833	-0.098364	617000.000000
35.000000	-0.095475	617200.000000
35.104167	-0.095372	617400.000000
35.208333	-0.091432	617600.000000
35.312500	-0.085570	617800.000000
35.416667	-0.078004	618000.000000
35.520833	-0.071814	618200.000000
35.625000	-0.072196	618400.000000
35.729167	-0.078968	618600.000000
35.833333	-0.095010	618800.000000
35.937500	-0.117076	619000.000000
36.041667	-0.144334	619200.000000
36.145833	-0.169290	619400.000000
36.250000	-0.182980	619600.000000
36.354167	-0.173858	619800.000000
36.458333	-0.141528	620000.000000
36.562500	-0.098946	620200.000000
36.666667	-0.068200	620400.000000
36.770833	-0.065569	620600.000000
36.875000	-0.096375	620800.000000
36.979167	-0.138167	621000.000000
37.083333	-0.163794	621200.000000
37.187500	-0.154962	621400.000000
37.291667	-0.121145	621600.000000
37.395833	-0.088319	621800.000000
37.500000	-0.077948	622000.000000
37.604167	-0.094840	622200.000000
37.708333	-0.124971	622400.000000
37.812500	-0.149716	622600.000000
37.916667	-0.162901	622800.000000
38.020833	-0.165068	623000.000000
38.125000	-0.160973	623200.000000
38.229167	-0.149872	623400.000000
38.333333	-0.131564	623600.000000
38.437500	-0.113097	623800.000000
38.541667	-0.113070	624000.000000
38.645833	-0.131522	624200.000000
38.750000	-0.153576	624400.000000
38.854167	-0.158803	624600.000000
38.958333	-0.134587	624800.000000
39.062500	-0.094158	625000.000000
39.166667	-0.066564	625200.000000
39.270833	-0.068969	625400.000000
39.375000	-0.094364	625600.000000
39.479167	-0.125538	625800.000000
39.583333	-0.152351	626000.000000
39.687500	-0.177670	626200.000000
39.791667	-0.194542	626400.000000
39.895833	-0.188863	626600.000000
40.000000	-0.154572	626800.000000
40.104167	-0.106459	627000.000000
40.208333	-0.073882	627200.000000
40.312500	-0.074466	627400.000000
40.416667	-0.103111	627600.000000
40.520833	-0.133890	627800.000000
40.625000	-0.136737	628000.000000
40.729167	-0.106247	628200.000000
40.833333	-0.061087	628400.000000
40.937500	-0.036168	628600.000000
41.041667	-0.045585	628800.000000
41.145833	-0.083249	629000.000000
41.250000	-0.128602	629200.000000
41.354167	-0.165057	629400.000000
41.458333	-0.176955	629600.000000
41.562500	-0.162888	629800.000000
41.666667	-0.128015	630000.000000
41.770833	-0.090137	630200.000000
41.875000	-0.067348	630400.000000
41.979167	-0.066165	630600.000000
42.083333	-0.080760	630800.000000
42.187500	-0.102031	631000.000000
42.291667	-0.119402	631200.000000
42.395833	-0.126324	631400.000000
42.500000	-0.114043	631600.000000
42.604167	-0.087278	631800.000000
42.708333	-0.056018	632000.000000
42.812500	-0.041171	632200.000000
42.916667	-0.050157	632400.000000
43.020833	-0.075201	632600.000000
43.125000	-0.100838	632800.000000
43.229167	-0.117318	633000.000000
43.333333	-0.121217	633200.000000
43.437500	-0.115201	633400.000000
43.541667	-0.102857	633600.000000
43.645833	-0.089510	633800.000000
43.750000	-0.079562	634000.000000
43.854167	-0.080520	634200.000000
43.958333	-0.093037	634400.000000
44.062500	-0.105767	634600.000000
44.166667	-0.104618	634800.000000
44.270833	-0.081696	635000.000000
44.375000	-0.050441	635200.000000
44.479167	-0.027574	635400.000000
44.583333	-0.028901	635600.000000
44.687500	-0.050285	635800.000000
44.791667	-0.077281	636000.000000
44.895833	-0.097824	636200.000000
45.000000	-0.108451	636400.000000
45.104167	-0.112418	636600.000000
45.208333	-0.110792	636800.000000
45.312500	-0.106076	637000.000000
45.416667	-0.101847	637200.000000
45.520833	-0.099226	637400.000000
45.625000	-0.095788	637600.000000
45.729167	-0.085932	637800.000000
45.833333	-0.070448	638000.000000
45.937500	-0.055660	638200.000000
46.041667	-0.051117	638400.000000
46.145833	-0.058620	638600.000000
46.250000	-0.073303	638800.000000
46.354167	-0.086009	639000.000000
46.458333	-0.092135	639200.000000
46.562500	-0.094530	639400.000000
46.666667	-0.096896	639600.000000
46.770833	-0.102517	639800.000000
46.875000	-0.105849	640000.000000
46.979167	-0.102335	640200.000000
47.083333	-0.093590	640400.000000
47.187500	-0.084853	640600.000000
47.291667	-0.084678	640800.000000
47.395833	-0.091028	641000.000000
47.500000	-0.097251	641200.000000
47.604167	-0.095953	641400.000000
47.708333	-0.087364	641600.000000
47.812500	-0.076612	641800.000000
47.916667	-0.069649	642000.000000
48.020833	-0.070385	642200.000000
48.125000	-0.078560	642400.000000
48.229167	-0.087068	642600.000000
48.333333	-0.092149	642800.000000
48.437500	-0.090926	643000.000000
48.541667	-0.088157	643200.000000
48.645833	-0.088287	643400.000000
48.750000	-0.093338	643600.000000
48.854167	-0.101983	643800.000000
48.958333	-0.112352	644000.000000
49.062500	-0.119572	644200.000000
49.166667	-0.120818	644400.000000
49.270833	-0.114490	644600.000000
49.375000	-0.098353	644800.000000
49.479167	-0.078520	645000.000000
49.583333	-0.061198	645200.000000
49.687500	-0.060468	645400.000000
49.791667	-0.073100	645600.000000
49.895833	-0.087314	645800.000000
50.000000	-0.089709	646000.000000
50.104167	-0.082297	646200.000000
50.208333	-0.080860	646400.000000
50.312500	-0.095807	646600.000000
50.416667	-0.120402	646800.000000
50.520833	-0.138156	647000.000000
50.625000	-0.143056	647200.000000
50.729167	-0.138105	647400.000000
50.833333	-0.128386	647600.000000
50.937500	-0.114960	647800.000000
51.041667	-0.100751	648000.000000
51.145833	-0.086776	648200.000000
51.250000	-0.075707	648400.000000
51.354167	-0.074187	648600.000000
51.458333	-0.083114	648800.000000
51.562500	-0.100801	649000.000000
51.666667	-0.115718	649200.000000
51.770833	-0.121739	649400.000000
51.875000	-0.115361	649600.000000
51.979167	-0.106078	649800.000000
52.083333	-0.101274	650000.000000
52.187500	-0.106079	650200.000000
52.291667	-0.116452	650400.000000
52.395833	-0.129413	650600.000000
52.500000	-0.141069	650800.000000
52.604167	-0.144695	651000.000000
52.708333	-0.135818	651200.000000
52.812500	-0.115775	651400.000000
52.916667	-0.095529	651600.000000
53.020833	-0.086712	651800.000000
53.125000	-0.094322	652000.000000
53.229167	-0.112315	652200.000000
53.333333	-0.127156	652400.000000
53.437500	-0.130575	652600.000000
53.541667	-0.123159	652800.000000
53.645833	-0.107744	653000.000000
53.750000	-0.094846	653200.000000
53.854167	-0.092819	653400.000000
53.958333	-0.101952	653600.000000
54.062500	-0.117849	653800.000000
54.166667	-0.135394	654000.000000
54.270833	-0.147270	654200.000000
54.375000	-0.148559	654400.000000
54.479167	-0.140757	654600.000000
54.583333	-0.125882	654800.000000
54.687500	-0.110699	655000.000000
54.791667	-0.098557	655200.000000
54.895833	-0.091060	655400.000000
55.000000	-0.085094	655600.000000
55.104167	-0.081088	655800.000000
55.208333	-0.083648	656000.000000
55.312500	-0.089963	656200.000000
55.416667	-0.097391	656400.000000
55.520833	-0.101007	656600.000000
55.625000	-0.103019	656800.000000
55.729167	-0.108723	657000.000000
55.833333	-0.117558	657200.000000
55.937500	-0.125119	657400.000000
56.041667	-0.130876	657600.000000
56.145833	-0.128342	657800.000000
56.250000	-0.117808	658000.000000
56.354167	-0.104123	658200.000000
56.458333	-0.091692	658400.000000
56.562500	-0.083708	658600.000000
56.666667	-0.082640	658800.000000
56.770833	-0.084367	659000.000000
56.875000	-0.086156	659200.000000
56.979167	-0.088990	659400.000000
57.083333	-0.092087	659600.000000
57.187500	-0.092766	659800.000000
57.291667	-0.093823	660000.000000
57.395833	-0.097319	660200.000000
57.500000	-0.104224	660400.000000
57.604167	-0.110165	660600.000000
57.708333	-0.107887	660800.000000
57.812500	-0.097685	661000.000000
57.916667	-0.090171	661200.000000
58.020833	-0.092161	661400.000000
58.125000	-0.100745	661600.000000
58.229167	-0.105390	661800.000000
58.333333	-0.100305	662000.000000
58.437500	-0.090477	662200.000000
58.541667	-0.083043	662400.000000
58.645833	-0.080638	662600.000000
58.750000	-0.082932	662800.000000
58.854167	-0.085504	663000.000000
58.958333	-0.087768	663200.000000
59.062500	-0.087072	663400.000000
59.166667	-0.086210	663600.000000
59.270833	-0.088175	663800.000000
59.375000	-0.092874	664000.000000
59.479167	-0.101771	664200.000000
59.583333	-0.112212	664400.000000
59.687500	-0.119875	664600.000000
59.791667	-0.124961	664800.000000
59.895833	-0.122922	665000.000000
60.000000	-0.111599	665200.000000
60.104167	-0.094631	665400.000000
60.208333	-0.078193	665600.000000
60.312500	-0.069438	665800.000000
60.416667	-0.071133	666000.000000
60.520833	-0.080179	666200.000000
60.625000	-0.089754	666400.000000
60.729167	-0.093694	666600.000000
60.833333	-0.093768	666800.000000
60.937500	-0.093903	667000.000000
61.041667	-0.099330	667200.000000
61.145833	-0.107578	667400.000000
61.250000	-0.113858	667600.000000
61.354167	-0.114757	667800.000000
61.458333	-0.112744	668000.000000
61.562500	-0.112946	668200.000000
61.666667	-0.114472	668400.000000
61.770833	-0.112073	668600.000000
61.875000	-0.100854	668800.000000
61.979167	-0.084986	669000.000000
62.083333	-0.075875	669200.000000
62.187500	-0.078177	669400.000000
62.291667	-0.091993	669600.000000
62.395833	-0.107515	669800.000000
62.500000	-0.116741	670000.000000
62.604167	-0.117328	670200.000000
62.708333	-0.113035	670400.000000
62.812500	-0.107027	670600.000000
62.916667	-0.103658	670800.000000
63.020833	-0.106313	671000.000000
63.125000	-0.107888	671200.000000
63.229167	-0.110378	671400.000000
63.333333	-0.114341	671600.000000
63.437500	-0.117638	671800.000000
63.541667	-0.120185	672000.000000
63.645833	-0.118858	672200.000000
63.750000	-0.115104	672400.000000
63.854167	-0.108913	672600.000000
63.958333	-0.103620	672800.000000
64.062500	-0.097992	673000.000000
64.166667	-0.093487	673200.000000
64.270833	-0.093594	673400.000000
64.375000	-0.099554	673600.000000
64.479167	-0.106939	673800.000000
64.583333	-0.113361	674000.000000
64.687500	-0.117673	674200.000000
64.791667	-0.119638	674400.000000
64.895833	-0.120511	674600.000000
65.000000	-0.118180	674800.000000
65.104167	-0.113509	675000.000000
65.208333	-0.115322	675200.000000
65.312500	-0.123127	675400.000000
65.416667	-0.128437	675600.000000
65.520833	-0.124290	675800.000000
65.625000	-0.111873	676000.000000
65.729167	-0.096074	676200.000000
65.833333	-0.089047	676400.000000
65.937500	-0.092674	676600.000000
66.041667	-0.104542	676800.000000
66.145833	-0.116608	677000.000000
66.250000	-0.125509	677200.000000
66.354167	-0.130124	677400.000000
66.458333	-0.132050	677600.000000
66.562500	-0.130317	677800.000000
66.666667	-0.123973	678000.000000
66.770833	-0.114908	678200.000000
66.875000	-0.107805	678400.000000
66.979167	-0.106653	678600.000000
67.083333	-0.109226	678800.000000
67.187500	-0.110642	679000.000000
67.291667	-0.106819	679200.000000
67.395833	-0.098438	679400.000000
67.500000	-0.089300	679600.000000
67.604167	-0.083786	679800.000000
67.708333	-0.082609	680000.000000
67.812500	-0.087771	680200.000000
67.916667	-0.096817	680400.000000
68.020833	-0.104586	680600.000000
68.125000	-0.105831	680800.000000
68.229167	-0.099376	681000.000000
68.333333	-0.089123	681200.000000
68.437500	-0.081421	681400.000000
68.541667	-0.081962	681600.000000
68.645833	-0.092852	681800.000000
68.750000	-0.108573	682000.000000
68.854167	-0.119527	682200.000000
68.958333	-0.119427	682400.000000
69.062500	-0.108255	682600.000000
69.166667	-0.091669	682800.000000
69.270833	-0.077153	683000.000000
69.375000	-0.072027	683200.000000
69.479167	-0.075384	683400.000000
69.583333	-0.086154	683600.000000
69.687500	-0.098448	683800.000000
69.791667	-0.103957	684000.000000
69.895833	-0.103769	684200.000000
70.000000	-0.098783	684400.000000
70.104167	-0.094164	684600.000000
70.208333	-0.095641	684800.000000
70.312500	-0.104742	685000.000000
70.416667	-0.118367	685200.000000
70.520833	-0.129517	685400.000000
70.625000	-0.132476	685600.000000
70.729167	-0.125254	685800.000000
70.833333	-0.114365	686000.000000
70.937500	-0.102819	686200.000000
71.041667	-0.093303	686400.000000
71.145833	-0.090350	686600.000000
71.250000	-0.094233	686800.000000
71.354167	-0.103175	687000.000000
71.458333	-0.114528	687200.000000
71.562500	-0.124966	687400.000000
71.666667	-0.133843	687600.000000
71.770833	-0.136189	687800.000000
71.875000	-0.135923	688000.000000
71.979167	-0.133239	688200.000000
72.083333	-0.132155	688400.000000
72.187500	-0.132316	688600.000000
72.291667	-0.133069	688800.000000
72.395833	-0.132229	689000.000000
72.500000	-0.128521	689200.000000
72.604167	-0.122138	689400.000000
72.708333	-0.116144	689600.000000
72.812500	-0.111612	689800.000000
72.916667	-0.106980	690000.000000
73.020833	-0.103304	690200.000000
73.125000	-0.099160	690400.000000
73.229167	-0.092594	690600.000000
73.333333	-0.086734	690800.000000
73.437500	-0.083736	691000.000000
73.541667	-0.082348	691200.000000
73.645833	-0.082120	691400.000000
73.750000	-0.082098	691600.000000
73.854167	-0.079117	691800.000000
73.958333	-0.073151	692000.000000
74.062500	-0.068288	692200.000000
74.166667	-0.065841	692400.000000
74.270833	-0.066813	692600.000000
74.375000	-0.071567	692800.000000
74.479167	-0.076285	693000.000000
74.583333	-0.077505	693200.000000
74.687500	-0.075853	693400.000000
74.791667	-0.071234	693600.000000
74.895833	-0.064760	693800.000000
75.000000	-0.062870	694000.000000
75.104167	-0.066697	694200.000000
75.208333	-0.077160	694400.000000
75.312500	-0.090539	694600.000000
75.416667	-0.103291	694800.000000
75.520833	-0.110199	695000.000000
75.625000	-0.112089	695200.000000
75.729167	-0.110364	695400.000000
75.833333	-0.110908	695600.000000
75.937500	-0.110909	695800.000000
76.041667	-0.111508	696000.000000
76.145833	-0.111126	696200.000000
76.250000	-0.108532	696400.000000
76.354167	-0.103954	696600.000000
76.458333	-0.095352	696800.000000
76.562500	-0.086926	697000.000000
76.666667	-0.083730	697200.000000
76.770833	-0.086185	697400.000000
76.875000	-0.095207	697600.000000
76.979167	-0.103890	697800.000000
77.083333	-0.109458	698000.000000
77.187500	-0.111442	698200.000000
77.291667	-0.109919	698400.000000
77.395833	-0.104366	698600.000000
77.500000	-0.098849	698800.000000
77.604167	-0.096302	699000.000000
77.708333	-0.097126	699200.000000
77.812500	-0.103599	699400.000000
77.916667	-0.112161	699600.000000
78.020833	-0.117007	699800.000000
78.125000	-0.115637	700000.000000
78.229167	-0.107780	700200.000000
78.333333	-0.099226	700400.000000
78.437500	-0.093621	700600.000000
78.541667	-0.096701	700800.000000
78.645833	-0.105357	701000.000000
78.750000	-0.113393	701200.000000
78.854167	-0.115049	701400.000000
78.958333	-0.110503	701600.000000
79.062500	-0.102352	701800.000000
79.166667	-0.097240	702000.000000
79.270833	-0.097703	702200.000000
79.375000	-0.102838	702400.000000
79.479167	-0.109175	702600.000000
79.583333	-0.116588	702800.000000
79.687500	-0.121352	703000.000000
79.791667	-0.121754	703200.000000
79.895833	-0.115209	703400.000000
80.000000	-0.103789	703600.000000
80.104167	-0.092098	703800.000000
80.208333	-0.085271	704000.000000
80.312500	-0.085254	704200.000000
80.416667	-0.091745	704400.000000
80.520833	-0.100348	704600.000000
80.625000	-0.107691	704800.000000
80.729167	-0.112438	705000.000000
80.833333	-0.113879	705200.000000
80.937500	-0.116571	705400.000000
81.041667	-0.116328	705600.000000
81.145833	-0.111919	705800.000000
81.250000	-0.103397	706000.000000
81.354167	-0.099145	706200.000000
81.458333	-0.096187	706400.000000
81.562500	-0.095977	706600.000000
81.666667	-0.094201	706800.000000
81.770833	-0.089174	707000.000000
81.875000	-0.082199	707200.000000
81.979167	-0.076716	707400.000000
82.083333	-0.076246	707600.000000
82.187500	-0.077765	707800.000000
82.291667	-0.082391	708000.000000
82.395833	-0.086296	708200.000000
82.500000	-0.090145	708400.000000
82.604167	-0.093074	708600.000000
82.708333	-0.095213	708800.000000
82.812500	-0.092767	709000.000000
82.916667	-0.089207	709200.000000
83.020833	-0.086901	709400.000000
83.125000	-0.085759	709600.000000
83.229167	-0.086363	709800.000000
83.333333	-0.088351	710000.000000
83.437500	-0.090964	710200.000000
83.541667	-0.093418	710400.000000
83.645833	-0.095547	710600.000000
83.750000	-0.096442	710800.000000
83.854167	-0.095024	711000.000000
83.958333	-0.094133	711200.000000
84.062500	-0.093806	711400.000000
84.166667	-0.097907	711600.000000
84.270833	-0.103030	711800.000000
84.375000	-0.107772	712000.000000
84.479167	-0.110146	712200.000000
84.583333	-0.111009	712400.000000
84.687500	-0.112110	712600.000000
84.791667	-0.113412	712800.000000
84.895833	-0.117433	713000.000000
85.000000	-0.121628	713200.000000
85.104167	-0.124343	713400.000000
85.208333	-0.122804	713600.000000
85.312500	-0.117598	713800.000000
85.416667	-0.109694	714000.000000
85.520833	-0.104512	714200.000000
85.625000	-0.100614	714400.000000
85.729167	-0.100908	714600.000000
85.833333	-0.106381	714800.000000
85.937500	-0.114129	715000.000000
86.041667	-0.120978	715200.000000
86.145833	-0.125524	715400.000000
86.250000	-0.123967	715600.000000
86.354167	-0.119307	715800.000000
86.458333	-0.116674	716000.000000
86.562500	-0.116594	716200.000000
86.666667	-0.118986	716400.000000
86.770833	-0.121410	716600.000000
86.875000	-0.120854	716800.000000
86.979167	-0.117174	717000.000000
87.083333	-0.110879	717200.000000
87.187500	-0.105149	717400.000000
87.291667	-0.100927	717600.000000
87.395833	-0.100716	717800.000000
87.500000	-0.102649	718000.000000
87.604167	-0.107000	718200.000000
87.708333	-0.113815	718400.000000
87.812500	-0.120433	718600.000000
87.916667	-0.121746	718800.000000
88.020833	-0.119192	719000.000000
88.125000	-0.112054	719200.000000
88.229167	-0.105656	719400.000000
88.333333	-0.101888	719600.000000
88.437500	-0.103793	719800.000000
88.541667	-0.106134	720000.000000
88.645833	-0.107834	720200.000000
88.750000	-0.107215	720400.000000
88.854167	-0.104702	720600.000000
88.958333	-0.102195	720800.000000
89.062500	-0.099399	721000.000000
89.166667	-0.097603	721200.000000
89.270833	-0.095990	721400.000000
89.375000	-0.095669	721600.000000
89.479167	-0.096834	721800.000000
89.583333	-0.098074	722000.000000
89.687500	-0.099579	722200.000000
89.791667	-0.103669	722400.000000
89.895833	-0.107260	722600.000000
90.000000	-0.109251	722800.000000
90.104167	-0.110519	723000.000000
90.208333	-0.111370	723200.000000
90.312500	-0.110482	723400.000000
90.416667	-0.109312	723600.000000
90.520833	-0.106503	723800.000000
90.625000	-0.103179	724000.000000
90.729167	-0.099721	724200.000000
90.833333	-0.098496	724400.000000
90.937500	-0.097656	724600.000000
91.041667	-0.096825	724800.000000
91.145833	-0.096507	725000.000000
91.250000	-0.096031	725200.000000
91.354167	-0.099061	725400.000000
91.458333	-0.105226	725600.000000
91.562500	-0.111382	725800.000000
91.666667	-0.114406	726000.000000
91.770833	-0.116090	726200.000000
91.875000	-0.115548	726400.000000
91.979167	-0.113462	726600.000000
92.083333	-0.110865	726800.000000
92.187500	-0.107753	727000.000000
92.291667	-0.103994	727200.000000
92.395833	-0.100453	727400.000000
92.500000	-0.099091	727600.000000
92.604167	-0.097943	727800.000000
92.708333	-0.098694	728000.000000
92.812500	-0.100806	728200.000000
92.916667	-0.103213	728400.000000
93.020833	-0.104140	728600.000000
93.125000	-0.104475	728800.000000
93.229167	-0.104843	729000.000000
93.333333	-0.105085	729200.000000
93.437500	-0.104377	729400.000000
93.541667	-0.103530	729600.000000
93.645833	-0.101853	729800.000000
93.750000	-0.102925	730000.000000
93.854167	-0.102695	730200.000000
93.958333	-0.101830	730400.000000
94.062500	-0.101370	730600.000000
94.166667	-0.100487	730800.000000
94.270833	-0.101275	731000.000000
94.375000	-0.101749	731200.000000
94.479167	-0.100348	731400.000000
94.583333	-0.097369	731600.000000
94.687500	-0.096032	731800.000000
94.791667	-0.097652	732000.000000
94.895833	-0.100301	732200.000000
95.000000	-0.103657	732400.000000
95.104167	-0.106621	732600.000000
95.208333	-0.106876	732800.000000
95.312500	-0.106346	733000.000000
95.416667	-0.104736	733200.000000
95.520833	-0.104889	733400.000000
95.625000	-0.104275	733600.000000
95.729167	-0.103314	733800.000000
95.833333	-0.102027	734000.000000
95.937500	-0.100084	734200.000000
96.041667	-0.098947	734400.000000
96.145833	-0.096146	734600.000000
96.250000	-0.092451	734800.000000
96.354167	-0.087689	735000.000000
96.458333	-0.084695	735200.000000
96.562500	-0.086923	735400.000000
96.666667	-0.093149	735600.000000
96.770833	-0.100652	735800.000000
96.875000	-0.107117	736000.000000
96.979167	-0.111367	736200.000000
97.083333	-0.111948	736400.000000
97.187500	-0.111766	736600.000000
97.291667	-0.109063	736800.000000
97.395833	-0.104719	737000.000000
97.500000	-0.100286	737200.000000
97.604167	-0.096645	737400.000000
97.708333	-0.095542	737600.000000
97.812500	-0.096279	737800.000000
97.916667	-0.096671	738000.000000
98.020833	-0.096742	738200.000000
98.125000	-0.095909	738400.000000
98.229167	-0.094478	738600.000000
98.333333	-0.094640	738800.000000
98.437500	-0.097265	739000.000000
98.541667	-0.101975	739200.000000
98.645833	-0.104142	739400.000000
98.750000	-0.106595	739600.000000
98.854167	-0.108079	739800.000000
98.958333	-0.107992	740000.000000
99.062500	-0.108242	740200.000000
99.166667	-0.109475	740400.000000
99.270833	-0.109971	740600.000000
99.375000	-0.110019	740800.000000
99.479167	-0.109911	741000.000000
99.583333	-0.108963	741200.000000
99.687500	-0.108161	741400.000000
99.791667	-0.106443	741600.000000
99.895833	-0.101740	741800.000000
100.000000	-0.096910	742000.000000
100.104167	-0.094362	742200.000000
100.208333	-0.093853	742400.000000
100.312500	-0.097682	742600.000000
100.416667	-0.101502	742800.000000
100.520833	-0.103835	743000.000000
100.625000	-0.104876	743200.000000
100.729167	-0.106084	743400.000000
100.833333	-0.107861	743600.000000
100.937500	-0.109336	743800.000000
101.041667	-0.110235	744000.000000
101.145833	-0.111049	744200.000000
101.250000	-0.110629	744400.000000
101.354167	-0.108124	744600.000000
101.458333	-0.104435	744800.000000
101.562500	-0.100647	745000.000000
101.666667	-0.097462	745200.000000
101.770833	-0.098261	745400.000000
101.875000	-0.099667	745600.000000
101.979167	-0.103783	745800.000000
102.083333	-0.107079	746000.000000
102.187500	-0.110546	746200.000000
102.291667	-0.110586	746400.000000
102.395833	-0.107945	746600.000000
102.500000	-0.104703	746800.000000
102.604167	-0.101585	747000.000000
102.708333	-0.100827	747200.000000
102.812500	-0.101874	747400.000000
102.916667	-0.103732	747600.000000
103.020833	-0.104735	747800.000000
103.125000	-0.102586	748000.000000
103.229167	-0.099821	748200.000000
103.333333	-0.096778	748400.000000
103.437500	-0.094807	748600.000000
103.541667	-0.095594	748800.000000
103.645833	-0.097077	749000.000000
103.750000	-0.100792	749200.000000
103.854167	-0.104029	749400.000000
103.958333	-0.104826	749600.000000
104.062500	-0.106620	749800.000000
104.166667	-0.107788	750000.000000
104.270833	-0.107374	750200.000000
104.375000	-0.107408	750400.000000
104.479167	-0.108255	750600.000000
104.583333	-0.108904	750800.000000
104.687500	-0.110604	751000.000000
104.791667	-0.112571	751200.000000
104.895833	-0.112162	751400.000000
105.000000	-0.110578	751600.000000
105.104167	-0.107476	751800.000000
105.208333	-0.105373	752000.000000
105.312500	-0.101980	752200.000000
105.416667	-0.101002	752400.000000
105.520833	-0.099030	752600.000000
105.625000	-0.098289	752800.000000
105.729167	-0.099656	753000.000000
105.833333	-0.101432	753200.000000
105.937500	-0.104348	753400.000000
106.041667	-0.106745	753600.000000
106.145833	-0.107507	753800.000000
106.250000	-0.106570	754000.000000
106.354167	-0.105935	754200.000000
106.458333	-0.105114	754400.000000
106.562500	-0.104059	754600.000000
106.666667	-0.102572	754800.000000
106.770833	-0.100460	755000.000000
106.875000	-0.098001	755200.000000
106.979167	-0.097189	755400.000000
107.083333	-0.097789	755600.000000
107.187500	-0.097580	755800.000000
107.291667	-0.097638	756000.000000
107.395833	-0.097818	756200.000000
107.500000	-0.099975	756400.000000
107.604167	-0.103031	756600.000000
107.708333	-0.105302	756800.000000
107.812500	-0.105709	757000.000000
107.916667	-0.104618	757200.000000
108.020833	-0.102277	757400.000000
108.125000	-0.098955	757600.000000
108.229167	-0.096661	757800.000000
108.333333	-0.095419	758000.000000
108.437500	-0.094113	758200.000000
108.541667	-0.093059	758400.000000
108.645833	-0.092802	758600.000000
108.750000	-0.091337	758800.000000
108.854167	-0.089654	759000.000000
108.958333	-0.088368	759200.000000
109.062500	-0.088090	759400.000000
109.166667	-0.089507	759600.000000
109.270833	-0.091728	759800.000000
109.375000	-0.093893	760000.000000
109.479167	-0.094014	760200.000000
109.583333	-0.094678	760400.000000
109.687500	-0.092267	760600.000000
109.791667	-0.091603	760800.000000
109.895833	-0.091777	761000.000000
110.000000	-0.095160	761200.000000
110.104167	-0.099303	761400.000000
110.208333	-0.101685	761600.000000
110.312500	-0.101937	761800.000000
110.416667	-0.100426	762000.000000
110.520833	-0.096150	762200.000000
110.625000	-0.091789	762400.000000
110.729167	-0.087327	762600.000000
110.833333	-0.087341	762800.000000
110.937500	-0.089709	763000.000000
111.041667	-0.095181	763200.000000
111.145833	-0.098771	763400.000000
111.250000	-0.100683	763600.000000
111.354167	-0.100485	763800.000000
111.458333	-0.101041	764000.000000
111.562500	-0.100203	764200.000000
111.666667	-0.100644	764400.000000
111.770833	-0.105232	764600.000000
111.875000	-0.111469	764800.000000
111.979167	-0.117689	765000.000000
112.083333	-0.123065	765200.000000
112.187500	-0.130184	765400.000000
112.291667	-0.137846	765600.000000
112.395833	-0.147742	765800.000000
112.500000	-0.156502	766000.000000
112.604167	-0.162909	766200.000000
112.708333	-0.162633	766400.000000
112.812500	-0.155311	766600.000000
112.916667	-0.140239	766800.000000
113.020833	-0.121353	767000.000000
113.125000	-0.102792	767200.000000
113.229167	-0.086325	767400.000000
113.333333	-0.073474	767600.000000
113.437500	-0.064634	767800.000000
113.541667	-0.056798	768000.000000
113.645833	-0.048962	768200.000000
113.750000	-0.045037	768400.000000
113.854167	-0.045964	768600.000000
113.958333	-0.053226	768800.000000
114.062500	-0.066806	769000.000000
114.166667	-0.082179	769200.000000
114.270833	-0.094583	769400.000000
114.375000	-0.103393	769600.000000
114.479167	-0.107800	769800.000000
114.583333	-0.109161	770000.000000
114.687500	-0.110692	770200.000000
114.791667	-0.111816	770400.000000
114.895833	-0.112999	770600.000000
115.000000	-0.113772	770800.000000
115.104167	-0.115390	771000.000000
115.208333	-0.116585	771200.000000
115.312500	-0.118577	771400.000000
115.416667	-0.122499	771600.000000
115.520833	-0.123674	771800.000000
115.625000	-0.124271	772000.000000
115.729167	-0.122592	772200.000000
115.833333	-0.120539	772400.000000
115.937500	-0.119353	772600.000000
116.041667	-0.118038	772800.000000
116.145833	-0.116305	773000.000000
116.250000	-0.115691	773200.000000
116.354167	-0.114839	773400.000000
116.458333	-0.117312	773600.000000
116.562500	-0.119102	773800.000000
116.666667	-0.120766	774000.000000
116.770833	-0.120690	774200.000000
116.875000	-0.118706	774400.000000
116.979167	-0.116881	774600.000000
117.083333	-0.114980	774800.000000
117.187500	-0.114781	775000.000000
117.291667	-0.113719	775200.000000
117.395833	-0.112676	775400.000000
117.500000	-0.109592	775600.000000
117.604167	-0.105985	775800.000000
117.708333	-0.104149	776000.000000
117.812500	-0.104679	776200.000000
117.916667	-0.104772	776400.000000
118.020833	-0.107282	776600.000000
118.125000	-0.110225	776800.000000
118.229167	-0.113529	777000.000000
118.333333	-0.117385	777200.000000
118.437500	-0.121071	777400.000000
118.541667	-0.122763	777600.000000
118.645833	-0.122442	777800.000000
118.750000	-0.121679	778000.000000
118.854167	-0.121675	778200.000000
118.958333	-0.121790	778400.000000
119.062500	-0.123401	778600.000000
119.166667	-0.123952	778800.000000
119.270833	-0.123496	779000.000000
119.375000	-0.120446	779200.000000
119.479167	-0.114521	779400.000000
119.583333	-0.106557	779600.000000
119.687500	-0.099972	779800.000000
119.791667	-0.094899	780000.000000
119.895833	-0.093120	780200.000000
120.000000	-0.095173	780400.000000
120.104167	-0.097958	780600.000000
120.208333	-0.099960	780800.000000
120.312500	-0.100850	781000.000000
120.416667	-0.099744	781200.000000
120.520833	-0.098081	781400.000000
120.625000	-0.097743	781600.000000
120.729167	-0.099013	781800.000000
120.833333	-0.100949	782000.000000
120.937500	-0.104033	782200.000000
121.041667	-0.104923	782400.000000
121.145833	-0.104631	782600.000000
121.250000	-0.101776	782800.000000
121.354167	-0.098104	783000.000000
121.458333	-0.095509	783200.000000
121.562500	-0.094841	783400.000000
121.666667	-0.094025	783600.000000
121.770833	-0.094265	783800.000000
121.875000	-0.095462	784000.000000
121.979167	-0.096558	784200.000000
122.083333	-0.097279	784400.000000
122.187500	-0.098087	784600.000000
122.291667	-0.096315	784800.000000
122.395833	-0.094785	785000.000000
122.500000	-0.092409	785200.000000
122.604167	-0.090464	785400.000000
122.708333	-0.089554	785600.000000
122.812500	-0.086829	785800.000000
122.916667	-0.086077	786000.000000
123.020833	-0.085222	786200.000000
123.125000	-0.085965	786400.000000
123.229167	-0.086884	786600.000000
123.333333	-0.086630	786800.000000
123.437500	-0.087812	787000.000000
123.541667	-0.088417	787200.000000
123.645833	-0.089259	787400.000000
123.750000	-0.089777	787600.000000
123.854167	-0.092716	787800.000000
123.958333	-0.094729	788000.000000
124.062500	-0.097812	788200.000000
124.166667	-0.100260	788400.000000
124.270833	-0.100388	788600.000000
124.375000	-0.100608	788800.000000
124.479167	-0.100085	789000.000000
124.583333	-0.100150	789200.000000
124.687500	-0.100577	789400.000000
124.791667	-0.100985	789600.000000
124.895833	-0.102157	789800.000000
125.000000	-0.104182	790000.000000
125.104167	-0.105385	790200.000000
125.208333	-0.105224	790400.000000
125.312500	-0.104989	790600.000000
125.416667	-0.104919	790800.000000
125.520833	-0.105520	791000.000000
125.625000	-0.107909	791200.000000
125.729167	-0.111348	791400.000000
125.833333	-0.113297	791600.000000
125.937500	-0.114046	791800.000000
126.041667	-0.114155	792000.000000
126.145833	-0.112855	792200.000000
126.250000	-0.110368	792400.000000
126.354167	-0.110370	792600.000000
126.458333	-0.109806	792800.000000
126.562500	-0.109472	793000.000000
126.666667	-0.109327	793200.000000
126.770833	-0.107137	793400.000000
126.875000	-0.102952	793600.000000
126.979167	-0.099682	793800.000000
127.083333	-0.099044	794000.000000
127.187500	-0.101042	794200.000000
127.291667	-0.105683	794400.000000
127.395833	-0.110922	794600.000000
127.500000	-0.115243	794800.000000
127.604167	-0.116823	795000.000000
127.708333	-0.115625	795200.000000
127.812500	-0.114040	795400.000000
127.916667	-0.111414	795600.000000
128.020833	-0.110049	795800.000000
128.125000	-0.109504	796000.000000
128.229167	-0.109231	796200.000000
128.333333	-0.109191	796400.000000
128.437500	-0.107472	796600.000000
128.541667	-0.103533	796800.000000
128.645833	-0.096765	797000.000000
128.750000	-0.090967	797200.000000
128.854167	-0.087943	797400.000000
128.958333	-0.087918	797600.000000
129.062500	-0.089790	797800.000000
129.166667	-0.094589	798000.000000
129.270833	-0.099075	798200.000000
129.375000	-0.101260	798400.000000
129.479167	-0.100419	798600.000000
129.583333	-0.098585	798800.000000
129.687500	-0.097287	799000.000000
129.791667	-0.098231	799200.000000
129.895833	-0.101224	799400.000000
130.000000	-0.105256	799600.000000
130.104167	-0.109743	799800.000000
130.208333	-0.113398	800000.000000
