0.000000	-0.099346	550000.000000
0.104167	-0.099530	550200.000000
0.208333	-0.099184	550400.000000
0.312500	-0.098505	550600.000000
0.416667	-0.099753	550800.000000
0.520833	-0.099751	551000.000000
0.625000	-0.099581	551200.000000
0.729167	-0.099547	551400.000000
0.833333	-0.100376	551600.000000
0.937500	-0.099457	551800.000000
1.041667	-0.098854	552000.000000
1.145833	-0.099409	552200.000000
1.250000	-0.099039	552400.000000
1.354167	-0.099781	552600.000000
1.458333	-0.099613	552800.000000
1.562500	-0.099908	553000.000000
1.666667	-0.099921	553200.000000
1.770833	-0.099626	553400.000000
1.875000	-0.099293	553600.000000
1.979167	-0.099035	553800.000000
2.083333	-0.099086	554000.000000
2.187500	-0.099309	554200.000000
2.291667	-0.100254	554400.000000
2.395833	-0.099488	554600.000000
2.500000	-0.099307	554800.000000
2.604167	-0.098840	555000.000000
2.708333	-0.099582	555200.000000
2.812500	-0.099023	555400.000000
2.916667	-0.098911	555600.000000
3.020833	-0.099060	555800.000000
3.125000	-0.098563	556000.000000
3.229167	-0.098470	556200.000000
3.333333	-0.099580	556400.000000
3.437500	-0.098798	556600.000000
3.541667	-0.099335	556800.000000
3.645833	-0.099675	557000.000000
3.750000	-0.099743	557200.000000
3.854167	-0.099949	557400.000000
3.958333	-0.099145	557600.000000
4.062500	-0.099210	557800.000000
4.166667	-0.099858	558000.000000
4.270833	-0.099760	558200.000000
4.375000	-0.099542	558400.000000
4.479167	-0.099844	558600.000000
4.583333	-0.100001	558800.000000
4.687500	-0.099704	559000.000000
4.791667	-0.100417	559200.000000
4.895833	-0.100115	559400.000000
5.000000	-0.100140	559600.000000
5.104167	-0.099770	559800.000000
5.208333	-0.100641	560000.000000
5.312500	-0.101024	560200.000000
5.416667	-0.100748	560400.000000
5.520833	-0.100084	560600.000000
5.625000	-0.100597	560800.000000
5.729167	-0.100031	561000.000000
5.833333	-0.099357	561200.000000
5.937500	-0.099824	561400.000000
6.041667	-0.099906	561600.000000
6.145833	-0.100530	561800.000000
6.250000	-0.100496	562000.000000
6.354167	-0.100100	562200.000000
6.458333	-0.100287	562400.000000
6.562500	-0.100205	562600.000000
6.666667	-0.099937	562800.000000
6.770833	-0.100118	563000.000000
6.875000	-0.100118	563200.000000
6.979167	-0.099558	563400.000000
7.083333	-0.099881	563600.000000
7.187500	-0.100043	563800.000000
7.291667	-0.100014	564000.000000
7.395833	-0.100390	564200.000000
7.500000	-0.099548	564400.000000
7.604167	-0.099983	564600.000000
7.708333	-0.100676	564800.000000
7.812500	-0.099955	565000.000000
7.916667	-0.099960	565200.000000
8.020833	-0.100269	565400.000000
8.125000	-0.099840	565600.000000
8.229167	-0.100105	565800.000000
8.333333	-0.100407	566000.000000
8.437500	-0.099422	566200.000000
8.541667	-0.099882	566400.000000
8.645833	-0.100610	566600.000000
8.750000	-0.099956	566800.000000
8.854167	-0.099690	567000.000000
8.958333	-0.101079	567200.000000
9.062500	-0.099886	567400.000000
9.166667	-0.099568	567600.000000
9.270833	-0.100387	567800.000000
9.375000	-0.100074	568000.000000
9.479167	-0.100185	568200.000000
9.583333	-0.099532	568400.000000
9.687500	-0.099409	568600.000000
9.791667	-0.099824	568800.000000
9.895833	-0.100074	569000.000000
10.000000	-0.100388	569200.000000
10.104167	-0.099946	569400.000000
10.208333	-0.099731	569600.000000
10.312500	-0.099749	569800.000000
10.416667	-0.099666	570000.000000
10.520833	-0.099922	570200.000000
10.625000	-0.099213	570400.000000
10.729167	-0.099479	570600.000000
10.833333	-0.099863	570800.000000
10.937500	-0.099425	571000.000000
11.041667	-0.100075	571200.000000
11.145833	-0.099980	571400.000000
11.250000	-0.100646	571600.000000
11.354167	-0.099682	571800.000000
11.458333	-0.100445	572000.000000
11.562500	-0.100221	572200.000000
11.666667	-0.099852	572400.000000
11.770833	-0.100402	572600.000000
11.875000	-0.100446	572800.000000
11.979167	-0.099789	573000.000000
12.083333	-0.101041	573200.000000
12.187500	-0.101057	573400.000000
12.291667	-0.100375	573600.000000
12.395833	-0.100305	573800.000000
12.500000	-0.100771	574000.000000
12.604167	-0.099845	574200.000000
12.708333	-0.099960	574400.000000
12.812500	-0.100388	574600.000000
12.916667	-0.099580	574800.000000
13.020833	-0.099920	575000.000000
13.125000	-0.100517	575200.000000
13.229167	-0.099947	575400.000000
13.333333	-0.100046	575600.000000
13.437500	-0.100196	575800.000000
13.541667	-0.100097	576000.000000
13.645833	-0.099995	576200.000000
13.750000	-0.100361	576400.000000
13.854167	-0.100131	576600.000000
13.958333	-0.099858	576800.000000
14.062500	-0.099689	577000.000000
14.166667	-0.098920	577200.000000
14.270833	-0.099790	577400.000000
14.375000	-0.100028	577600.000000
14.479167	-0.098800	577800.000000
14.583333	-0.099375	578000.000000
14.687500	-0.100197	578200.000000
14.791667	-0.099254	578400.000000
14.895833	-0.098895	578600.000000
15.000000	-0.099388	578800.000000
15.104167	-0.099437	579000.000000
15.208333	-0.099926	579200.000000
15.312500	-0.099007	579400.000000
15.416667	-0.099541	579600.000000
15.520833	-0.099777	579800.000000
15.625000	-0.100166	580000.000000
15.729167	-0.100345	580200.000000
15.833333	-0.100429	580400.000000
15.937500	-0.100515	580600.000000
16.041667	-0.100744	580800.000000
16.145833	-0.099714	581000.000000
16.250000	-0.099428	581200.000000
16.354167	-0.099697	581400.000000
16.458333	-0.099714	581600.000000
16.562500	-0.099386	581800.000000
16.666667	-0.099580	582000.000000
16.770833	-0.099760	582200.000000
16.875000	-0.100147	582400.000000
16.979167	-0.099827	582600.000000
17.083333	-0.100185	582800.000000
17.187500	-0.100042	583000.000000
17.291667	-0.099522	583200.000000
17.395833	-0.098249	583400.000000
17.500000	-0.099473	583600.000000
17.604167	-0.099752	583800.000000
17.708333	-0.100067	584000.000000
17.812500	-0.099450	584200.000000
17.916667	-0.099403	584400.000000
18.020833	-0.099535	584600.000000
18.125000	-0.099100	584800.000000
18.229167	-0.098849	585000.000000
18.333333	-0.098681	585200.000000
18.437500	-0.098229	585400.000000
18.541667	-0.098299	585600.000000
18.645833	-0.098311	585800.000000
18.750000	-0.098299	586000.000000
18.854167	-0.097975	586200.000000
18.958333	-0.098070	586400.000000
19.062500	-0.098605	586600.000000
19.166667	-0.097637	586800.000000
19.270833	-0.097578	587000.000000
19.375000	-0.097605	587200.000000
19.479167	-0.096917	587400.000000
19.583333	-0.096207	587600.000000
19.687500	-0.096434	587800.000000
19.791667	-0.095451	588000.000000
19.895833	-0.094860	588200.000000
20.000000	-0.093753	588400.000000
20.104167	-0.093642	588600.000000
20.208333	-0.093819	588800.000000
20.312500	-0.092794	589000.000000
20.416667	-0.092496	589200.000000
20.520833	-0.091206	589400.000000
20.625000	-0.090887	589600.000000
20.729167	-0.089867	589800.000000
20.833333	-0.088791	590000.000000
20.937500	-0.086911	590200.000000
21.041667	-0.085589	590400.000000
21.145833	-0.085085	590600.000000
21.250000	-0.083556	590800.000000
21.354167	-0.080902	591000.000000
21.458333	-0.078536	591200.000000
21.562500	-0.076726	591400.000000
21.666667	-0.073633	591600.000000
21.770833	-0.070341	591800.000000
21.875000	-0.067319	592000.000000
21.979167	-0.063193	592200.000000
22.083333	-0.058954	592400.000000
22.187500	-0.054284	592600.000000
22.291667	-0.048330	592800.000000
22.395833	-0.041740	593000.000000
22.500000	-0.034423	593200.000000
22.604167	-0.025830	593400.000000
22.708333	-0.016810	593600.000000
22.812500	-0.008062	593800.000000
22.916667	0.002297	594000.000000
23.020833	0.014041	594200.000000
23.125000	0.023315	594400.000000
23.229167	0.034938	594600.000000
23.333333	0.045142	594800.000000
23.437500	0.052823	595000.000000
23.541667	0.058761	595200.000000
23.645833	0.063443	595400.000000
23.750000	0.063058	595600.000000
23.854167	0.056777	595800.000000
23.958333	0.034247	596000.000000
24.062500	-0.023764	596200.000000
24.166667	-0.149109	596400.000000
24.270833	-0.387522	596600.000000
24.375000	-0.751808	596800.000000
24.479167	-1.177526	597000.000000
24.583333	-1.529009	597200.000000
24.687500	-1.643423	597400.000000
24.791667	-1.453473	597600.000000
24.895833	-1.039813	597800.000000
25.000000	-0.570286	598000.000000
25.104167	-0.159256	598200.000000
25.208333	0.110330	598400.000000
25.312500	0.241738	598600.000000
25.416667	0.274410	598800.000000
25.520833	0.250736	599000.000000
25.625000	0.210364	599200.000000
25.729167	0.174577	599400.000000
25.833333	0.150039	599600.000000
25.937500	0.135580	599800.000000
26.041667	0.137963	600000.000000
26.145833	0.165458	600200.000000
26.250000	0.213605	600400.000000
26.354167	0.252642	600600.000000
26.458333	0.245066	600800.000000
26.562500	0.186072	601000.000000
26.666667	0.101338	601200.000000
26.770833	0.036757	601400.000000
26.875000	0.013384	601600.000000
26.979167	0.019808	601800.000000
27.083333	0.036643	602000.000000
27.187500	0.048737	602200.000000
27.291667	0.052836	602400.000000
27.395833	0.043675	602600.000000
27.500000	0.020963	602800.000000
27.604167	-0.012311	603000.000000
27.708333	-0.052058	603200.000000
27.812500	-0.080292	603400.000000
27.916667	-0.080842	603600.000000
28.020833	-0.055375	603800.000000
28.125000	-0.021199	604000.000000
28.229167	-0.003969	604200.000000
28.333333	-0.022289	604400.000000
28.437500	-0.066250	604600.000000
28.541667	-0.105546	604800.000000
28.645833	-0.116114	605000.000000
28.750000	-0.101946	605200.000000
28.854167	-0.087355	605400.000000
28.958333	-0.089297	605600.000000
29.062500	-0.107581	605800.000000
29.166667	-0.126158	606000.000000
29.270833	-0.135579	606200.000000
29.375000	-0.133761	606400.000000
29.479167	-0.121628	606600.000000
29.583333	-0.105820	606800.000000
29.687500	-0.089821	607000.000000
29.791667	-0.074505	607200.000000
29.895833	-0.060226	607400.000000
30.000000	-0.052554	607600.000000
30.104167	-0.057660	607800.000000
30.208333	-0.072319	608000.000000
30.312500	-0.088978	608200.000000
30.416667	-0.103417	608400.000000
30.520833	-0.116710	608600.000000
30.625000	-0.125594	608800.000000
30.729167	-0.124907	609000.000000
30.833333	-0.115719	609200.000000
30.937500	-0.099534	609400.000000
31.041667	-0.087880	609600.000000
31.145833	-0.087109	609800.000000
31.250000	-0.096556	610000.000000
31.354167	-0.103974	610200.000000
31.458333	-0.105525	610400.000000
31.562500	-0.100045	610600.000000
31.666667	-0.091477	610800.000000
31.770833	-0.083743	611000.000000
31.875000	-0.081430	611200.000000
31.979167	-0.089467	611400.000000
32.083333	-0.105149	611600.000000
32.187500	-0.121050	611800.000000
32.291667	-0.131467	612000.000000
32.395833	-0.134723	612200.000000
32.500000	-0.135345	612400.000000
32.604167	-0.137236	612600.000000
32.708333	-0.137770	612800.000000
32.812500	-0.136022	613000.000000
32.916667	-0.130324	613200.000000
33.020833	-0.126004	613400.000000
33.125000	-0.128418	613600.000000
33.229167	-0.135366	613800.000000
33.333333	-0.136655	614000.000000
33.437500	-0.128986	614200.000000
33.541667	-0.111601	614400.000000
33.645833	-0.087241	614600.000000
33.750000	-0.066990	614800.000000
33.854167	-0.060031	615000.000000
33.958333	-0.072938	615200.000000
34.062500	-0.101365	615400.000000
34.166667	-0.131271	615600.000000
34.270833	-0.147404	615800.000000
34.375000	-0.148731	616000.000000
34.479167	-0.141194	616200.000000
34.583333	-0.128135	616400.000000
34.687500	-0.114051	616600.000000
34.791667	-0.102776	616800.000000
34.895833	-0.098092	617000.000000
35.000000	-0.097723	617200.000000
35.104167	-0.097081	617400.000000
35.208333	-0.094653	617600.000000
35.312500	-0.089727	617800.000000
35.416667	-0.085479	618000.000000
35.520833	-0.081500	618200.000000
35.625000	-0.082607	618400.000000
35.729167	-0.088445	618600.000000
35.833333	-0.099038	618800.000000
35.937500	-0.113891	619000.000000
36.041667	-0.131340	619200.000000
36.145833	-0.146604	619400.000000
36.250000	-0.154989	619600.000000
36.354167	-0.148657	619800.000000
36.458333	-0.126735	620000.000000
36.562500	-0.097485	620200.000000
36.666667	-0.078484	620400.000000
36.770833	-0.079522	620600.000000
36.875000	-0.100036	620800.000000
36.979167	-0.127363	621000.000000
37.083333	-0.141642	621200.000000
37.187500	-0.134257	621400.000000
37.291667	-0.112463	621600.000000
37.395833	-0.091450	621800.000000
37.500000	-0.085910	622000.000000
37.604167	-0.097251	622200.000000
37.708333	-0.117768	622400.000000
37.812500	-0.132523	622600.000000
37.916667	-0.140685	622800.000000
38.020833	-0.142309	623000.000000
38.125000	-0.139187	623200.000000
38.229167	-0.131782	623400.000000
38.333333	-0.118579	623600.000000
38.437500	-0.107936	623800.000000
38.541667	-0.108960	624000.000000
38.645833	-0.121949	624200.000000
38.750000	-0.135603	624400.000000
38.854167	-0.136680	624600.000000
38.958333	-0.118434	624800.000000
39.062500	-0.093137	625000.000000
39.166667	-0.077339	625200.000000
39.270833	-0.079449	625400.000000
39.375000	-0.096499	625600.000000
39.479167	-0.117217	625800.000000
39.583333	-0.134497	626000.000000
39.687500	-0.151213	626200.000000
39.791667	-0.162069	626400.000000
39.895833	-0.157457	626600.000000
40.000000	-0.135051	626800.000000
40.104167	-0.104768	627000.000000
40.208333	-0.083123	627200.000000
40.312500	-0.084916	627400.000000
40.416667	-0.104545	627600.000000
40.520833	-0.123437	627800.000000
40.625000	-0.123679	628000.000000
40.729167	-0.103017	628200.000000
40.833333	-0.073888	628400.000000
40.937500	-0.058810	628600.000000
41.041667	-0.067199	628800.000000
41.145833	-0.092709	629000.000000
41.250000	-0.121268	629200.000000
41.354167	-0.142943	629400.000000
41.458333	-0.149695	629600.000000
41.562500	-0.140197	629800.000000
41.666667	-0.117423	630000.000000
41.770833	-0.093402	630200.000000
41.875000	-0.079011	630400.000000
41.979167	-0.078662	630600.000000
42.083333	-0.087914	630800.000000
42.187500	-0.101527	631000.000000
42.291667	-0.113618	631200.000000
42.395833	-0.117085	631400.000000
42.500000	-0.108170	631600.000000
42.604167	-0.089286	631800.000000
42.708333	-0.069698	632000.000000
42.812500	-0.060906	632200.000000
42.916667	-0.068135	632400.000000
43.020833	-0.084366	632600.000000
43.125000	-0.100584	632800.000000
43.229167	-0.110962	633000.000000
43.333333	-0.113532	633200.000000
43.437500	-0.108916	633400.000000
43.541667	-0.100481	633600.000000
43.645833	-0.092033	633800.000000
43.750000	-0.085397	634000.000000
43.854167	-0.087643	634200.000000
43.958333	-0.095558	634400.000000
44.062500	-0.103504	634600.000000
44.166667	-0.101549	634800.000000
44.270833	-0.086471	635000.000000
44.375000	-0.067304	635200.000000
44.479167	-0.054104	635400.000000
44.583333	-0.055590	635600.000000
44.687500	-0.069214	635800.000000
44.791667	-0.086404	636000.000000
44.895833	-0.098365	636200.000000
45.000000	-0.106025	636400.000000
45.104167	-0.108704	636600.000000
45.208333	-0.108061	636800.000000
45.312500	-0.104155	637000.000000
45.416667	-0.101811	637200.000000
45.520833	-0.100028	637400.000000
45.625000	-0.097935	637600.000000
45.729167	-0.090413	637800.000000
45.833333	-0.080960	638000.000000
45.937500	-0.070847	638200.000000
46.041667	-0.068661	638400.000000
46.145833	-0.074664	638600.000000
46.250000	-0.083626	638800.000000
46.354167	-0.092344	639000.000000
46.458333	-0.095586	639200.000000
46.562500	-0.097561	639400.000000
46.666667	-0.099766	639600.000000
46.770833	-0.102652	639800.000000
46.875000	-0.104273	640000.000000
46.979167	-0.101678	640200.000000
47.083333	-0.095132	640400.000000
47.187500	-0.090369	640600.000000
47.291667	-0.090893	640800.000000
47.395833	-0.094427	641000.000000
47.500000	-0.097625	641200.000000
47.604167	-0.096538	641400.000000
47.708333	-0.090898	641600.000000
47.812500	-0.084762	641800.000000
47.916667	-0.080322	642000.000000
48.020833	-0.081717	642200.000000
48.125000	-0.086251	642400.000000
48.229167	-0.091588	642600.000000
48.333333	-0.094942	642800.000000
48.437500	-0.094431	643000.000000
48.541667	-0.091638	643200.000000
48.645833	-0.092697	643400.000000
48.750000	-0.096242	643600.000000
48.854167	-0.101712	643800.000000
48.958333	-0.108411	644000.000000
49.062500	-0.113197	644200.000000
49.166667	-0.113439	644400.000000
49.270833	-0.108597	644600.000000
49.375000	-0.097721	644800.000000
49.479167	-0.084300	645000.000000
49.583333	-0.075093	645200.000000
49.687500	-0.074365	645400.000000
49.791667	-0.083158	645600.000000
49.895833	-0.092768	645800.000000
50.000000	-0.093470	646000.000000
50.104167	-0.087671	646200.000000
50.208333	-0.088454	646400.000000
50.312500	-0.098784	646600.000000
50.416667	-0.114391	646800.000000
50.520833	-0.125623	647000.000000
50.625000	-0.127674	647200.000000
50.729167	-0.123599	647400.000000
50.833333	-0.117261	647600.000000
50.937500	-0.109507	647800.000000
51.041667	-0.099052	648000.000000
51.145833	-0.090476	648200.000000
51.250000	-0.084585	648400.000000
51.354167	-0.084446	648600.000000
51.458333	-0.090798	648800.000000
51.562500	-0.102254	649000.000000
51.666667	-0.112935	649200.000000
51.770833	-0.115015	649400.000000
51.875000	-0.110763	649600.000000
51.979167	-0.104311	649800.000000
52.083333	-0.101483	650000.000000
52.187500	-0.104213	650200.000000
52.291667	-0.112179	650400.000000
52.395833	-0.121387	650600.000000
52.500000	-0.128499	650800.000000
52.604167	-0.129907	651000.000000
52.708333	-0.124000	651200.000000
52.812500	-0.110408	651400.000000
52.916667	-0.097501	651600.000000
53.020833	-0.092853	651800.000000
53.125000	-0.098560	652000.000000
53.229167	-0.109852	652200.000000
53.333333	-0.118897	652400.000000
53.437500	-0.120722	652600.000000
53.541667	-0.115018	652800.000000
53.645833	-0.105437	653000.000000
53.750000	-0.097048	653200.000000
53.854167	-0.095416	653400.000000
53.958333	-0.101725	653600.000000
54.062500	-0.113187	653800.000000
54.166667	-0.123631	654000.000000
54.270833	-0.131475	654200.000000
54.375000	-0.132307	654400.000000
54.479167	-0.125842	654600.000000
54.583333	-0.116960	654800.000000
54.687500	-0.106425	655000.000000
54.791667	-0.099491	655200.000000
54.895833	-0.094566	655400.000000
55.000000	-0.089876	655600.000000
55.104167	-0.087620	655800.000000
55.208333	-0.089574	656000.000000
55.312500	-0.093507	656200.000000
55.416667	-0.097655	656400.000000
55.520833	-0.100622	656600.000000
55.625000	-0.102782	656800.000000
55.729167	-0.106228	657000.000000
55.833333	-0.112054	657200.000000
55.937500	-0.116789	657400.000000
56.041667	-0.119208	657600.000000
56.145833	-0.118323	657800.000000
56.250000	-0.111505	658000.000000
56.354167	-0.102494	658200.000000
56.458333	-0.094286	658400.000000
56.562500	-0.089946	658600.000000
56.666667	-0.089385	658800.000000
56.770833	-0.089979	659000.000000
56.875000	-0.092326	659200.000000
56.979167	-0.093791	659400.000000
57.083333	-0.095801	659600.000000
57.187500	-0.096822	659800.000000
57.291667	-0.096184	660000.000000
57.395833	-0.098597	660200.000000
57.500000	-0.104202	660400.000000
57.604167	-0.107475	660600.000000
57.708333	-0.106025	660800.000000
57.812500	-0.098936	661000.000000
57.916667	-0.093780	661200.000000
58.020833	-0.095504	661400.000000
58.125000	-0.101131	661600.000000
58.229167	-0.103606	661800.000000
58.333333	-0.100452	662000.000000
58.437500	-0.093470	662200.000000
58.541667	-0.089328	662400.000000
58.645833	-0.089544	662600.000000
58.750000	-0.089956	662800.000000
58.854167	-0.091885	663000.000000
58.958333	-0.092210	663200.000000
59.062500	-0.093057	663400.000000
59.166667	-0.091615	663600.000000
59.270833	-0.092590	663800.000000
59.375000	-0.095078	664000.000000
59.479167	-0.101160	664200.000000
59.583333	-0.108658	664400.000000
59.687500	-0.113092	664600.000000
59.791667	-0.115898	664800.000000
59.895833	-0.113676	665000.000000
60.000000	-0.106060	665200.000000
60.104167	-0.094718	665400.000000
60.208333	-0.083781	665600.000000
60.312500	-0.078850	665800.000000
60.416667	-0.080355	666000.000000
60.520833	-0.086688	666200.000000
60.625000	-0.092481	666400.000000
60.729167	-0.094480	666600.000000
60.833333	-0.095305	666800.000000
60.937500	-0.096428	667000.000000
61.041667	-0.100922	667200.000000
61.145833	-0.105693	667400.000000
61.250000	-0.110073	667600.000000
61.354167	-0.110646	667800.000000
61.458333	-0.109744	668000.000000
61.562500	-0.109762	668200.000000
61.666667	-0.110114	668400.000000
61.770833	-0.108422	668600.000000
61.875000	-0.100807	668800.000000
61.979167	-0.092137	669000.000000
62.083333	-0.085619	669200.000000
62.187500	-0.088266	669400.000000
62.291667	-0.096916	669600.000000
62.395833	-0.106634	669800.000000
62.500000	-0.112414	670000.000000
62.604167	-0.112063	670200.000000
62.708333	-0.108438	670400.000000
62.812500	-0.104754	670600.000000
62.916667	-0.103990	670800.000000
63.020833	-0.104746	671000.000000
63.125000	-0.105640	671200.000000
63.229167	-0.107672	671400.000000
63.333333	-0.109379	671600.000000
63.437500	-0.111737	671800.000000
63.541667	-0.112919	672000.000000
63.645833	-0.112327	672200.000000
63.750000	-0.110260	672400.000000
63.854167	-0.106524	672600.000000
63.958333	-0.101996	672800.000000
64.062500	-0.097787	673000.000000
64.166667	-0.094961	673200.000000
64.270833	-0.095886	673400.000000
64.375000	-0.099329	673600.000000
64.479167	-0.104103	673800.000000
64.583333	-0.108292	674000.000000
64.687500	-0.110225	674200.000000
64.791667	-0.113095	674400.000000
64.895833	-0.113534	674600.000000
65.000000	-0.111946	674800.000000
65.104167	-0.108788	675000.000000
65.208333	-0.110089	675200.000000
65.312500	-0.114941	675400.000000
65.416667	-0.118157	675600.000000
65.520833	-0.115318	675800.000000
65.625000	-0.107291	676000.000000
65.729167	-0.097367	676200.000000
65.833333	-0.093436	676400.000000
65.937500	-0.095223	676600.000000
66.041667	-0.102591	676800.000000
66.145833	-0.111200	677000.000000
66.250000	-0.116783	677200.000000
66.354167	-0.119514	677400.000000
66.458333	-0.120238	677600.000000
66.562500	-0.119067	677800.000000
66.666667	-0.115064	678000.000000
66.770833	-0.109589	678200.000000
66.875000	-0.105332	678400.000000
66.979167	-0.104622	678600.000000
67.083333	-0.106167	678800.000000
67.187500	-0.106859	679000.000000
67.291667	-0.104291	679200.000000
67.395833	-0.099119	679400.000000
67.500000	-0.094262	679600.000000
67.604167	-0.090598	679800.000000
67.708333	-0.089464	680000.000000
67.812500	-0.092531	680200.000000
67.916667	-0.099108	680400.000000
68.020833	-0.103822	680600.000000
68.125000	-0.104334	680800.000000
68.229167	-0.099971	681000.000000
68.333333	-0.092658	681200.000000
68.437500	-0.088666	681400.000000
68.541667	-0.089650	681600.000000
68.645833	-0.096151	681800.000000
68.750000	-0.106574	682000.000000
68.854167	-0.114009	682200.000000
68.958333	-0.113068	682400.000000
69.062500	-0.105752	682600.000000
69.166667	-0.094980	682800.000000
69.270833	-0.086061	683000.000000
69.375000	-0.082626	683200.000000
69.479167	-0.085452	683400.000000
69.583333	-0.092156	683600.000000
69.687500	-0.099211	683800.000000
69.791667	-0.103892	684000.000000
69.895833	-0.102902	684200.000000
70.000000	-0.100016	684400.000000
70.104167	-0.096748	684600.000000
70.208333	-0.098292	684800.000000
70.312500	-0.104298	685000.000000
70.416667	-0.113125	685200.000000
70.520833	-0.120050	685400.000000
70.625000	-0.121268	685600.000000
70.729167	-0.116856	685800.000000
70.833333	-0.109554	686000.000000
70.937500	-0.101901	686200.000000
71.041667	-0.095838	686400.000000
71.145833	-0.094713	686600.000000
71.250000	-0.097476	686800.000000
71.354167	-0.102128	687000.000000
71.458333	-0.109838	687200.000000
71.562500	-0.117452	687400.000000
71.666667	-0.122133	687600.000000
71.770833	-0.124735	687800.000000
71.875000	-0.123620	688000.000000
71.979167	-0.121716	688200.000000
72.083333	-0.121488	688400.000000
72.187500	-0.122327	688600.000000
72.291667	-0.121834	688800.000000
72.395833	-0.120931	689000.000000
72.500000	-0.118824	689200.000000
72.604167	-0.113666	689400.000000
72.708333	-0.109629	689600.000000
72.812500	-0.107219	689800.000000
72.916667	-0.105484	690000.000000
73.020833	-0.103310	690200.000000
73.125000	-0.099426	690400.000000
73.229167	-0.095116	690600.000000
73.333333	-0.091609	690800.000000
73.437500	-0.089220	691000.000000
73.541667	-0.088692	691200.000000
73.645833	-0.087812	691400.000000
73.750000	-0.088747	691600.000000
73.854167	-0.086051	691800.000000
73.958333	-0.082133	692000.000000
74.062500	-0.078460	692200.000000
74.166667	-0.076202	692400.000000
74.270833	-0.077733	692600.000000
74.375000	-0.080614	692800.000000
74.479167	-0.084037	693000.000000
74.583333	-0.084614	693200.000000
74.687500	-0.083507	693400.000000
74.791667	-0.080733	693600.000000
74.895833	-0.076388	693800.000000
75.000000	-0.075397	694000.000000
75.104167	-0.077999	694200.000000
75.208333	-0.084835	694400.000000
75.312500	-0.093934	694600.000000
75.416667	-0.102665	694800.000000
75.520833	-0.106787	695000.000000
75.625000	-0.107509	695200.000000
75.729167	-0.107705	695400.000000
75.833333	-0.106779	695600.000000
75.937500	-0.107060	695800.000000
76.041667	-0.108026	696000.000000
76.145833	-0.107335	696200.000000
76.250000	-0.106175	696400.000000
76.354167	-0.103167	696600.000000
76.458333	-0.097533	696800.000000
76.562500	-0.093124	697000.000000
76.666667	-0.090009	697200.000000
76.770833	-0.092611	697400.000000
76.875000	-0.098414	697600.000000
76.979167	-0.103254	697800.000000
77.083333	-0.107512	698000.000000
77.187500	-0.109226	698200.000000
77.291667	-0.107222	698400.000000
77.395833	-0.103598	698600.000000
77.500000	-0.100421	698800.000000
77.604167	-0.099132	699000.000000
77.708333	-0.099382	699200.000000
77.812500	-0.104186	699400.000000
77.916667	-0.107947	699600.000000
78.020833	-0.109981	699800.000000
78.125000	-0.109052	700000.000000
78.229167	-0.104689	700200.000000
78.333333	-0.098318	700400.000000
78.437500	-0.095206	700600.000000
78.541667	-0.098136	700800.000000
78.645833	-0.102557	701000.000000
78.750000	-0.107742	701200.000000
78.854167	-0.109297	701400.000000
78.958333	-0.105633	701600.000000
79.062500	-0.101066	701800.000000
79.166667	-0.097844	702000.000000
79.270833	-0.098062	702200.000000
79.375000	-0.101789	702400.000000
79.479167	-0.106531	702600.000000
79.583333	-0.110754	702800.000000
79.687500	-0.113341	703000.000000
79.791667	-0.114490	703200.000000
79.895833	-0.110275	703400.000000
80.000000	-0.103240	703600.000000
80.104167	-0.095858	703800.000000
80.208333	-0.090686	704000.000000
80.312500	-0.091789	704200.000000
80.416667	-0.095890	704400.000000
80.520833	-0.102288	704600.000000
80.625000	-0.106640	704800.000000
80.729167	-0.108899	705000.000000
80.833333	-0.109891	705200.000000
80.937500	-0.111611	705400.000000
81.041667	-0.111247	705600.000000
81.145833	-0.107161	705800.000000
81.250000	-0.102436	706000.000000
81.354167	-0.099219	706200.000000
81.458333	-0.097792	706400.000000
81.562500	-0.097515	706600.000000
81.666667	-0.095956	706800.000000
81.770833	-0.091923	707000.000000
81.875000	-0.087812	707200.000000
81.979167	-0.084628	707400.000000
82.083333	-0.084569	707600.000000
82.187500	-0.085967	707800.000000
82.291667	-0.087441	708000.000000
82.395833	-0.090549	708200.000000
82.500000	-0.093243	708400.000000
82.604167	-0.095225	708600.000000
82.708333	-0.096420	708800.000000
82.812500	-0.094322	709000.000000
82.916667	-0.092613	709200.000000
83.020833	-0.090320	709400.000000
83.125000	-0.090074	709600.000000
83.229167	-0.091150	709800.000000
83.333333	-0.092510	710000.000000
83.437500	-0.094041	710200.000000
83.541667	-0.096530	710400.000000
83.645833	-0.097381	710600.000000
83.750000	-0.096647	710800.000000
83.854167	-0.096686	711000.000000
83.958333	-0.096237	711200.000000
84.062500	-0.096690	711400.000000
84.166667	-0.099141	711600.000000
84.270833	-0.103109	711800.000000
84.375000	-0.106166	712000.000000
84.479167	-0.107257	712200.000000
84.583333	-0.108372	712400.000000
84.687500	-0.107988	712600.000000
84.791667	-0.109886	712800.000000
84.895833	-0.112270	713000.000000
85.000000	-0.115300	713200.000000
85.104167	-0.116727	713400.000000
85.208333	-0.114100	713600.000000
85.312500	-0.111162	713800.000000
85.416667	-0.108197	714000.000000
85.520833	-0.104089	714200.000000
85.625000	-0.101536	714400.000000
85.729167	-0.102094	714600.000000
85.833333	-0.104030	714800.000000
85.937500	-0.109746	715000.000000
86.041667	-0.114838	715200.000000
86.145833	-0.116427	715400.000000
86.250000	-0.115172	715600.000000
86.354167	-0.112656	715800.000000
86.458333	-0.110569	716000.000000
86.562500	-0.111394	716200.000000
86.666667	-0.113449	716400.000000
86.770833	-0.114345	716600.000000
86.875000	-0.114594	716800.000000
86.979167	-0.111857	717000.000000
87.083333	-0.108481	717200.000000
87.187500	-0.104718	717400.000000
87.291667	-0.102889	717600.000000
87.395833	-0.102063	717800.000000
87.500000	-0.103194	718000.000000
87.604167	-0.106334	718200.000000
87.708333	-0.110319	718400.000000
87.812500	-0.114905	718600.000000
87.916667	-0.115365	718800.000000
88.020833	-0.113129	719000.000000
88.125000	-0.107901	719200.000000
88.229167	-0.104469	719400.000000
88.333333	-0.102262	719600.000000
88.437500	-0.102926	719800.000000
88.541667	-0.105553	720000.000000
88.645833	-0.105975	720200.000000
88.750000	-0.105097	720400.000000
88.854167	-0.103287	720600.000000
88.958333	-0.101652	720800.000000
89.062500	-0.099716	721000.000000
89.166667	-0.098308	721200.000000
89.270833	-0.097760	721400.000000
89.375000	-0.097434	721600.000000
89.479167	-0.098415	721800.000000
89.583333	-0.099114	722000.000000
89.687500	-0.100133	722200.000000
89.791667	-0.102516	722400.000000
89.895833	-0.103558	722600.000000
90.000000	-0.104806	722800.000000
90.104167	-0.106271	723000.000000
90.208333	-0.106972	723200.000000
90.312500	-0.106794	723400.000000
90.416667	-0.106585	723600.000000
90.520833	-0.104188	723800.000000
90.625000	-0.101660	724000.000000
90.729167	-0.100757	724200.000000
90.833333	-0.099315	724400.000000
90.937500	-0.098539	724600.000000
91.041667	-0.097665	724800.000000
91.145833	-0.097608	725000.000000
91.250000	-0.097695	725200.000000
91.354167	-0.100205	725400.000000
91.458333	-0.103571	725600.000000
91.562500	-0.106615	725800.000000
91.666667	-0.109755	726000.000000
91.770833	-0.110393	726200.000000
91.875000	-0.109920	726400.000000
91.979167	-0.109840	726600.000000
92.083333	-0.107910	726800.000000
92.187500	-0.105506	727000.000000
92.291667	-0.102854	727200.000000
92.395833	-0.101255	727400.000000
92.500000	-0.099478	727600.000000
92.604167	-0.099513	727800.000000
92.708333	-0.100152	728000.000000
92.812500	-0.101742	728200.000000
92.916667	-0.103178	728400.000000
93.020833	-0.104282	728600.000000
93.125000	-0.103811	728800.000000
93.229167	-0.104564	729000.000000
93.333333	-0.105001	729200.000000
93.437500	-0.104032	729400.000000
93.541667	-0.103071	729600.000000
93.645833	-0.102446	729800.000000
93.750000	-0.102521	730000.000000
93.854167	-0.102672	730200.000000
93.958333	-0.102583	730400.000000
94.062500	-0.102469	730600.000000
94.166667	-0.102394	730800.000000
94.270833	-0.102857	731000.000000
94.375000	-0.102238	731200.000000
94.479167	-0.101289	731400.000000
94.583333	-0.098806	731600.000000
94.687500	-0.098197	731800.000000
94.791667	-0.098556	732000.000000
94.895833	-0.100838	732200.000000
95.000000	-0.102766	732400.000000
95.104167	-0.104606	732600.000000
95.208333	-0.104898	732800.000000
95.312500	-0.104427	733000.000000
95.416667	-0.103834	733200.000000
95.520833	-0.102626	733400.000000
95.625000	-0.102765	733600.000000
95.729167	-0.102187	733800.000000
95.833333	-0.101940	734000.000000
95.937500	-0.100348	734200.000000
96.041667	-0.099776	734400.000000
96.145833	-0.097842	734600.000000
96.250000	-0.095573	734800.000000
96.354167	-0.092653	735000.000000
96.458333	-0.090669	735200.000000
96.562500	-0.092797	735400.000000
96.666667	-0.097294	735600.000000
96.770833	-0.101655	735800.000000
96.875000	-0.106448	736000.000000
96.979167	-0.108039	736200.000000
97.083333	-0.109414	736400.000000
97.187500	-0.108333	736600.000000
97.291667	-0.106644	736800.000000
97.395833	-0.104083	737000.000000
97.500000	-0.101087	737200.000000
97.604167	-0.098271	737400.000000
97.708333	-0.098106	737600.000000
97.812500	-0.098851	737800.000000
97.916667	-0.098845	738000.000000
98.020833	-0.098990	738200.000000
98.125000	-0.097237	738400.000000
98.229167	-0.096881	738600.000000
98.333333	-0.097782	738800.000000
98.437500	-0.098635	739000.000000
98.541667	-0.101417	739200.000000
98.645833	-0.103363	739400.000000
98.750000	-0.104143	739600.000000
98.854167	-0.104843	739800.000000
98.958333	-0.106189	740000.000000
99.062500	-0.105535	740200.000000
99.166667	-0.106875	740400.000000
99.270833	-0.108029	740600.000000
99.375000	-0.107796	740800.000000
99.479167	-0.107636	741000.000000
99.583333	-0.107004	741200.000000
99.687500	-0.106272	741400.000000
99.791667	-0.105315	741600.000000
99.895833	-0.101206	741800.000000
100.000000	-0.098625	742000.000000
100.104167	-0.097803	742200.000000
100.208333	-0.098328	742400.000000
100.312500	-0.100024	742600.000000
100.416667	-0.102673	742800.000000
100.520833	-0.104148	743000.000000
100.625000	-0.104406	743200.000000
100.729167	-0.104515	743400.000000
100.833333	-0.104672	743600.000000
100.937500	-0.106513	743800.000000
101.041667	-0.107100	744000.000000
101.145833	-0.107803	744200.000000
101.250000	-0.107373	744400.000000
101.354167	-0.106033	744600.000000
101.458333	-0.104496	744800.000000
101.562500	-0.101031	745000.000000
101.666667	-0.098704	745200.000000
101.770833	-0.098339	745400.000000
101.875000	-0.100853	745600.000000
101.979167	-0.103164	745800.000000
102.083333	-0.104910	746000.000000
102.187500	-0.106759	746200.000000
102.291667	-0.107033	746400.000000
102.395833	-0.105293	746600.000000
102.500000	-0.103765	746800.000000
102.604167	-0.101194	747000.000000
102.708333	-0.101122	747200.000000
102.812500	-0.102033	747400.000000
102.916667	-0.103151	747600.000000
103.020833	-0.103425	747800.000000
103.125000	-0.101697	748000.000000
103.229167	-0.100119	748200.000000
103.333333	-0.098318	748400.000000
103.437500	-0.097734	748600.000000
103.541667	-0.098320	748800.000000
103.645833	-0.099952	749000.000000
103.750000	-0.101466	749200.000000
103.854167	-0.103466	749400.000000
103.958333	-0.104868	749600.000000
104.062500	-0.105722	749800.000000
104.166667	-0.106629	750000.000000
104.270833	-0.106010	750200.000000
104.375000	-0.106000	750400.000000
104.479167	-0.105756	750600.000000
104.583333	-0.106670	750800.000000
104.687500	-0.108283	751000.000000
104.791667	-0.108760	751200.000000
104.895833	-0.109090	751400.000000
105.000000	-0.108477	751600.000000
105.104167	-0.104885	751800.000000
105.208333	-0.103185	752000.000000
105.312500	-0.102827	752200.000000
105.416667	-0.101771	752400.000000
105.520833	-0.100142	752600.000000
105.625000	-0.099554	752800.000000
105.729167	-0.100181	753000.000000
105.833333	-0.101964	753200.000000
105.937500	-0.104804	753400.000000
106.041667	-0.105370	753600.000000
106.145833	-0.105856	753800.000000
106.250000	-0.105231	754000.000000
106.354167	-0.103481	754200.000000
106.458333	-0.104184	754400.000000
106.562500	-0.102743	754600.000000
106.666667	-0.101460	754800.000000
106.770833	-0.100120	755000.000000
106.875000	-0.099477	755200.000000
106.979167	-0.098293	755400.000000
107.083333	-0.098128	755600.000000
107.187500	-0.098470	755800.000000
107.291667	-0.098339	756000.000000
107.395833	-0.099118	756200.000000
107.500000	-0.099579	756400.000000
107.604167	-0.101792	756600.000000
107.708333	-0.103665	756800.000000
107.812500	-0.103589	757000.000000
107.916667	-0.102436	757200.000000
108.020833	-0.100827	757400.000000
108.125000	-0.099092	757600.000000
108.229167	-0.097774	757800.000000
108.333333	-0.096873	758000.000000
108.437500	-0.097088	758200.000000
108.541667	-0.096048	758400.000000
108.645833	-0.095560	758600.000000
108.750000	-0.094199	758800.000000
108.854167	-0.093495	759000.000000
108.958333	-0.092953	759200.000000
109.062500	-0.093365	759400.000000
109.166667	-0.093721	759600.000000
109.270833	-0.094950	759800.000000
109.375000	-0.096833	760000.000000
109.479167	-0.097616	760200.000000
109.583333	-0.097205	760400.000000
109.687500	-0.096435	760600.000000
109.791667	-0.095328	760800.000000
109.895833	-0.096015	761000.000000
110.000000	-0.097585	761200.000000
110.104167	-0.100623	761400.000000
110.208333	-0.102460	761600.000000
110.312500	-0.101957	761800.000000
110.416667	-0.100324	762000.000000
110.520833	-0.098486	762200.000000
110.625000	-0.095442	762400.000000
110.729167	-0.093032	762600.000000
110.833333	-0.092039	762800.000000
110.937500	-0.094083	763000.000000
111.041667	-0.097891	763200.000000
111.145833	-0.099865	763400.000000
111.250000	-0.101174	763600.000000
111.354167	-0.101049	763800.000000
111.458333	-0.100146	764000.000000
111.562500	-0.100006	764200.000000
111.666667	-0.101587	764400.000000
111.770833	-0.103815	764600.000000
111.875000	-0.107855	764800.000000
111.979167	-0.112526	765000.000000
112.083333	-0.115968	765200.000000
112.187500	-0.120848	765400.000000
112.291667	-0.125731	765600.000000
112.395833	-0.131716	765800.000000
112.500000	-0.138459	766000.000000
112.604167	-0.141658	766200.000000
112.708333	-0.140880	766400.000000
112.812500	-0.136647	766600.000000
112.916667	-0.126428	766800.000000
113.020833	-0.113802	767000.000000
113.125000	-0.102048	767200.000000
113.229167	-0.090971	767400.000000
113.333333	-0.083996	767600.000000
113.437500	-0.077044	767800.000000
113.541667	-0.071706	768000.000000
113.645833	-0.067370	768200.000000
113.750000	-0.064691	768400.000000
113.854167	-0.065696	768600.000000
113.958333	-0.071050	768800.000000
114.062500	-0.079809	769000.000000
114.166667	-0.089731	769200.000000
114.270833	-0.098208	769400.000000
114.375000	-0.102574	769600.000000
114.479167	-0.105342	769800.000000
114.583333	-0.106556	770000.000000
114.687500	-0.107513	770200.000000
114.791667	-0.108029	770400.000000
114.895833	-0.109145	770600.000000
115.000000	-0.109625	770800.000000
115.104167	-0.110769	771000.000000
115.208333	-0.111509	771200.000000
115.312500	-0.113297	771400.000000
115.416667	-0.114594	771600.000000
115.520833	-0.116692	771800.000000
115.625000	-0.117413	772000.000000
115.729167	-0.115963	772200.000000
115.833333	-0.114551	772400.000000
115.937500	-0.114109	772600.000000
116.041667	-0.113012	772800.000000
116.145833	-0.111760	773000.000000
116.250000	-0.111106	773200.000000
116.354167	-0.110743	773400.000000
116.458333	-0.112400	773600.000000
116.562500	-0.114643	773800.000000
116.666667	-0.115087	774000.000000
116.770833	-0.114781	774200.000000
116.875000	-0.113428	774400.000000
116.979167	-0.112350	774600.000000
117.083333	-0.111042	774800.000000
117.187500	-0.110147	775000.000000
117.291667	-0.109281	775200.000000
117.395833	-0.108220	775400.000000
117.500000	-0.106836	775600.000000
117.604167	-0.103704	775800.000000
117.708333	-0.102918	776000.000000
117.812500	-0.102852	776200.000000
117.916667	-0.103857	776400.000000
118.020833	-0.105448	776600.000000
118.125000	-0.107179	776800.000000
118.229167	-0.109272	777000.000000
118.333333	-0.111963	777200.000000
118.437500	-0.114428	777400.000000
118.541667	-0.115475	777600.000000
118.645833	-0.115392	777800.000000
118.750000	-0.114853	778000.000000
118.854167	-0.115038	778200.000000
118.958333	-0.115516	778400.000000
119.062500	-0.117053	778600.000000
119.166667	-0.117238	778800.000000
119.270833	-0.116639	779000.000000
119.375000	-0.114404	779200.000000
119.479167	-0.110181	779400.000000
119.583333	-0.104818	779600.000000
119.687500	-0.100892	779800.000000
119.791667	-0.097529	780000.000000
119.895833	-0.096214	780200.000000
120.000000	-0.097255	780400.000000
120.104167	-0.099446	780600.000000
120.208333	-0.101315	780800.000000
120.312500	-0.101922	781000.000000
120.416667	-0.101321	781200.000000
120.520833	-0.100009	781400.000000
120.625000	-0.099799	781600.000000
120.729167	-0.100253	781800.000000
120.833333	-0.102377	782000.000000
120.937500	-0.103038	782200.000000
121.041667	-0.103134	782400.000000
121.145833	-0.102699	782600.000000
121.250000	-0.102236	782800.000000
121.354167	-0.099789	783000.000000
121.458333	-0.097524	783200.000000
121.562500	-0.097659	783400.000000
121.666667	-0.096782	783600.000000
121.770833	-0.097114	783800.000000
121.875000	-0.098309	784000.000000
121.979167	-0.098213	784200.000000
122.083333	-0.098514	784400.000000
122.187500	-0.098801	784600.000000
122.291667	-0.098280	784800.000000
122.395833	-0.096790	785000.000000
122.500000	-0.095883	785200.000000
122.604167	-0.094790	785400.000000
122.708333	-0.093912	785600.000000
122.812500	-0.092833	785800.000000
122.916667	-0.091059	786000.000000
123.020833	-0.089627	786200.000000
123.125000	-0.091717	786400.000000
123.229167	-0.091269	786600.000000
123.333333	-0.091795	786800.000000
123.437500	-0.091725	787000.000000
123.541667	-0.091955	787200.000000
123.645833	-0.093280	787400.000000
123.750000	-0.094306	787600.000000
123.854167	-0.095473	787800.000000
123.958333	-0.096485	788000.000000
124.062500	-0.098988	788200.000000
124.166667	-0.100111	788400.000000
124.270833	-0.100324	788600.000000
124.375000	-0.101175	788800.000000
124.479167	-0.099907	789000.000000
124.583333	-0.099563	789200.000000
124.687500	-0.100814	789400.000000
124.791667	-0.101761	789600.000000
124.895833	-0.102567	789800.000000
125.000000	-0.103862	790000.000000
125.104167	-0.104441	790200.000000
125.208333	-0.104206	790400.000000
125.312500	-0.103821	790600.000000
125.416667	-0.103910	790800.000000
125.520833	-0.104146	791000.000000
125.625000	-0.106306	791200.000000
125.729167	-0.107049	791400.000000
125.833333	-0.109453	791600.000000
125.937500	-0.110968	791800.000000
126.041667	-0.110144	792000.000000
126.145833	-0.108754	792200.000000
126.250000	-0.108346	792400.000000
126.354167	-0.108054	792600.000000
126.458333	-0.107253	792800.000000
126.562500	-0.106141	793000.000000
126.666667	-0.105867	793200.000000
126.770833	-0.104872	793400.000000
126.875000	-0.102252	793600.000000
126.979167	-0.100335	793800.000000
127.083333	-0.099833	794000.000000
127.187500	-0.101540	794200.000000
127.291667	-0.104440	794400.000000
127.395833	-0.107503	794600.000000
127.500000	-0.111149	794800.000000
127.604167	-0.111695	795000.000000
127.708333	-0.110522	795200.000000
127.812500	-0.110435	795400.000000
127.916667	-0.108954	795600.000000
128.020833	-0.107708	795800.000000
128.125000	-0.107812	796000.000000
128.229167	-0.107578	796200.000000
128.333333	-0.106879	796400.000000
128.437500	-0.106864	796600.000000
128.541667	-0.104735	796800.000000
128.645833	-0.100047	797000.000000
128.750000	-0.096591	797200.000000
128.854167	-0.093719	797400.000000
128.958333	-0.093139	797600.000000
129.062500	-0.095205	797800.000000
129.166667	-0.098394	798000.000000
129.270833	-0.100442	798200.000000
129.375000	-0.101337	798400.000000
129.479167	-0.100602	798600.000000
129.583333	-0.099051	798800.000000
129.687500	-0.098191	799000.000000
129.791667	-0.098550	799200.000000
129.895833	-0.101119	799400.000000
130.000000	-0.103569	799600.000000
130.104167	-0.105556	799800.000000
130.208333	-0.108015	800000.000000
