0.000000	-0.094928	550000.000000
0.104167	-0.094582	550200.000000
0.208333	-0.095528	550400.000000
0.312500	-0.094447	550600.000000
0.416667	-0.095317	550800.000000
0.520833	-0.095359	551000.000000
0.625000	-0.095840	551200.000000
0.729167	-0.095367	551400.000000
0.833333	-0.095021	551600.000000
0.937500	-0.095582	551800.000000
1.041667	-0.095756	552000.000000
1.145833	-0.095096	552200.000000
1.250000	-0.095234	552400.000000
1.354167	-0.094846	552600.000000
1.458333	-0.094804	552800.000000
1.562500	-0.094426	553000.000000
1.666667	-0.094629	553200.000000
1.770833	-0.094374	553400.000000
1.875000	-0.094519	553600.000000
1.979167	-0.094015	553800.000000
2.083333	-0.094337	554000.000000
2.187500	-0.095112	554200.000000
2.291667	-0.095033	554400.000000
2.395833	-0.093803	554600.000000
2.500000	-0.094046	554800.000000
2.604167	-0.094338	555000.000000
2.708333	-0.094450	555200.000000
2.812500	-0.094808	555400.000000
2.916667	-0.094917	555600.000000
3.020833	-0.095315	555800.000000
3.125000	-0.095048	556000.000000
3.229167	-0.095489	556200.000000
3.333333	-0.094908	556400.000000
3.437500	-0.095286	556600.000000
3.541667	-0.094953	556800.000000
3.645833	-0.094596	557000.000000
3.750000	-0.094942	557200.000000
3.854167	-0.094362	557400.000000
3.958333	-0.094237	557600.000000
4.062500	-0.094948	557800.000000
4.166667	-0.095333	558000.000000
4.270833	-0.094285	558200.000000
4.375000	-0.094947	558400.000000
4.479167	-0.095467	558600.000000
4.583333	-0.095333	558800.000000
4.687500	-0.095028	559000.000000
4.791667	-0.094811	559200.000000
4.895833	-0.094297	559400.000000
5.000000	-0.094914	559600.000000
5.104167	-0.095103	559800.000000
5.208333	-0.094780	560000.000000
5.312500	-0.094760	560200.000000
5.416667	-0.095053	560400.000000
5.520833	-0.095154	560600.000000
5.625000	-0.094916	560800.000000
5.729167	-0.095671	561000.000000
5.833333	-0.094984	561200.000000
5.937500	-0.095267	561400.000000
6.041667	-0.095210	561600.000000
6.145833	-0.095243	561800.000000
6.250000	-0.095826	562000.000000
6.354167	-0.095560	562200.000000
6.458333	-0.095992	562400.000000
6.562500	-0.095259	562600.000000
6.666667	-0.095379	562800.000000
6.770833	-0.094551	563000.000000
6.875000	-0.095458	563200.000000
6.979167	-0.095019	563400.000000
7.083333	-0.095096	563600.000000
7.187500	-0.094569	563800.000000
7.291667	-0.095378	564000.000000
7.395833	-0.095765	564200.000000
7.500000	-0.095810	564400.000000
7.604167	-0.095149	564600.000000
7.708333	-0.095480	564800.000000
7.812500	-0.095423	565000.000000
7.916667	-0.095287	565200.000000
8.020833	-0.095534	565400.000000
8.125000	-0.094979	565600.000000
8.229167	-0.094716	565800.000000
8.333333	-0.094520	566000.000000
8.437500	-0.095171	566200.000000
8.541667	-0.095358	566400.000000
8.645833	-0.095165	566600.000000
8.750000	-0.095010	566800.000000
8.854167	-0.095576	567000.000000
8.958333	-0.095083	567200.000000
9.062500	-0.095300	567400.000000
9.166667	-0.095298	567600.000000
9.270833	-0.094914	567800.000000
9.375000	-0.095542	568000.000000
9.479167	-0.095274	568200.000000
9.583333	-0.094520	568400.000000
9.687500	-0.095095	568600.000000
9.791667	-0.094749	568800.000000
9.895833	-0.095208	569000.000000
10.000000	-0.094803	569200.000000
10.104167	-0.095700	569400.000000
10.208333	-0.094995	569600.000000
10.312500	-0.095063	569800.000000
10.416667	-0.095266	570000.000000
10.520833	-0.095402	570200.000000
10.625000	-0.095239	570400.000000
10.729167	-0.094732	570600.000000
10.833333	-0.095875	570800.000000
10.937500	-0.094839	571000.000000
11.041667	-0.094986	571200.000000
11.145833	-0.095819	571400.000000
11.250000	-0.095857	571600.000000
11.354167	-0.095658	571800.000000
11.458333	-0.095085	572000.000000
11.562500	-0.095855	572200.000000
11.666667	-0.095613	572400.000000
11.770833	-0.095618	572600.000000
11.875000	-0.094592	572800.000000
11.979167	-0.094714	573000.000000
12.083333	-0.095397	573200.000000
12.187500	-0.094917	573400.000000
12.291667	-0.094833	573600.000000
12.395833	-0.095409	573800.000000
12.500000	-0.095337	574000.000000
12.604167	-0.095502	574200.000000
12.708333	-0.096301	574400.000000
12.812500	-0.095393	574600.000000
12.916667	-0.094744	574800.000000
13.020833	-0.096062	575000.000000
13.125000	-0.095557	575200.000000
13.229167	-0.095153	575400.000000
13.333333	-0.094775	575600.000000
13.437500	-0.094616	575800.000000
13.541667	-0.095100	576000.000000
13.645833	-0.094310	576200.000000
13.750000	-0.094480	576400.000000
13.854167	-0.094694	576600.000000
13.958333	-0.094801	576800.000000
14.062500	-0.094318	577000.000000
14.166667	-0.095347	577200.000000
14.270833	-0.094950	577400.000000
14.375000	-0.094882	577600.000000
14.479167	-0.094939	577800.000000
14.583333	-0.094841	578000.000000
14.687500	-0.095041	578200.000000
14.791667	-0.095482	578400.000000
14.895833	-0.095632	578600.000000
15.000000	-0.094377	578800.000000
15.104167	-0.094349	579000.000000
15.208333	-0.095682	579200.000000
15.312500	-0.095155	579400.000000
15.416667	-0.094282	579600.000000
15.520833	-0.094856	579800.000000
15.625000	-0.094381	580000.000000
15.729167	-0.094715	580200.000000
15.833333	-0.095649	580400.000000
15.937500	-0.094960	580600.000000
16.041667	-0.095048	580800.000000
16.145833	-0.095598	581000.000000
16.250000	-0.094747	581200.000000
16.354167	-0.095598	581400.000000
16.458333	-0.095856	581600.000000
16.562500	-0.095391	581800.000000
16.666667	-0.094854	582000.000000
16.770833	-0.094714	582200.000000
16.875000	-0.095214	582400.000000
16.979167	-0.095452	582600.000000
17.083333	-0.095835	582800.000000
17.187500	-0.096117	583000.000000
17.291667	-0.095706	583200.000000
17.395833	-0.095474	583400.000000
17.500000	-0.095722	583600.000000
17.604167	-0.095034	583800.000000
17.708333	-0.094881	584000.000000
17.812500	-0.094349	584200.000000
17.916667	-0.094505	584400.000000
18.020833	-0.095305	584600.000000
18.125000	-0.095202	584800.000000
18.229167	-0.094402	585000.000000
18.333333	-0.094771	585200.000000
18.437500	-0.094342	585400.000000
18.541667	-0.094849	585600.000000
18.645833	-0.094796	585800.000000
18.750000	-0.094560	586000.000000
18.854167	-0.094499	586200.000000
18.958333	-0.094515	586400.000000
19.062500	-0.094135	586600.000000
19.166667	-0.094267	586800.000000
19.270833	-0.094154	587000.000000
19.375000	-0.092833	587200.000000
19.479167	-0.094331	587400.000000
19.583333	-0.093550	587600.000000
19.687500	-0.093921	587800.000000
19.791667	-0.093611	588000.000000
19.895833	-0.093669	588200.000000
20.000000	-0.094256	588400.000000
20.104167	-0.093314	588600.000000
20.208333	-0.093263	588800.000000
20.312500	-0.092397	589000.000000
20.416667	-0.092141	589200.000000
20.520833	-0.091765	589400.000000
20.625000	-0.091397	589600.000000
20.729167	-0.090344	589800.000000
20.833333	-0.090272	590000.000000
20.937500	-0.090167	590200.000000
21.041667	-0.089130	590400.000000
21.145833	-0.089049	590600.000000
21.250000	-0.087657	590800.000000
21.354167	-0.086662	591000.000000
21.458333	-0.086097	591200.000000
21.562500	-0.085390	591400.000000
21.666667	-0.083906	591600.000000
21.770833	-0.081956	591800.000000
21.875000	-0.081350	592000.000000
21.979167	-0.079749	592200.000000
22.083333	-0.077774	592400.000000
22.187500	-0.075240	592600.000000
22.291667	-0.073537	592800.000000
22.395833	-0.070023	593000.000000
22.500000	-0.066809	593200.000000
22.604167	-0.063606	593400.000000
22.708333	-0.059874	593600.000000
22.812500	-0.055522	593800.000000
22.916667	-0.051119	594000.000000
23.020833	-0.046756	594200.000000
23.125000	-0.041523	594400.000000
23.229167	-0.036899	594600.000000
23.333333	-0.033087	594800.000000
23.437500	-0.029612	595000.000000
23.541667	-0.027082	595200.000000
23.645833	-0.025793	595400.000000
23.750000	-0.026288	595600.000000
23.854167	-0.030535	595800.000000
23.958333	-0.040478	596000.000000
24.062500	-0.069335	596200.000000
24.166667	-0.127378	596400.000000
24.270833	-0.236474	596600.000000
24.375000	-0.394964	596800.000000
24.479167	-0.572268	597000.000000
24.583333	-0.708405	597200.000000
24.687500	-0.737983	597400.000000
24.791667	-0.641046	597600.000000
24.895833	-0.459921	597800.000000
25.000000	-0.263110	598000.000000
25.104167	-0.101148	598200.000000
25.208333	0.000221	598400.000000
25.312500	0.049124	598600.000000
25.416667	0.058353	598800.000000
25.520833	0.047070	599000.000000
25.625000	0.030572	599200.000000
25.729167	0.017200	599400.000000
25.833333	0.007176	599600.000000
25.937500	0.002678	599800.000000
26.041667	0.006158	600000.000000
26.145833	0.019867	600200.000000
26.250000	0.040653	600400.000000
26.354167	0.053229	600600.000000
26.458333	0.046876	600800.000000
26.562500	0.019325	601000.000000
26.666667	-0.014639	601200.000000
26.770833	-0.038384	601400.000000
26.875000	-0.045755	601600.000000
26.979167	-0.041374	601800.000000
27.083333	-0.034813	602000.000000
27.187500	-0.030555	602200.000000
27.291667	-0.028725	602400.000000
27.395833	-0.033950	602600.000000
27.500000	-0.044199	602800.000000
27.604167	-0.059173	603000.000000
27.708333	-0.075333	603200.000000
27.812500	-0.087374	603400.000000
27.916667	-0.086826	603600.000000
28.020833	-0.075327	603800.000000
28.125000	-0.062040	604000.000000
28.229167	-0.056505	604200.000000
28.333333	-0.066718	604400.000000
28.437500	-0.085815	604600.000000
28.541667	-0.101016	604800.000000
28.645833	-0.103100	605000.000000
28.750000	-0.095930	605200.000000
28.854167	-0.090460	605400.000000
28.958333	-0.092128	605600.000000
29.062500	-0.099808	605800.000000
29.166667	-0.108243	606000.000000
29.270833	-0.111107	606200.000000
29.375000	-0.109781	606400.000000
29.479167	-0.104429	606600.000000
29.583333	-0.097617	606800.000000
29.687500	-0.089919	607000.000000
29.791667	-0.083560	607200.000000
29.895833	-0.077033	607400.000000
30.000000	-0.074897	607600.000000
30.104167	-0.077892	607800.000000
30.208333	-0.084099	608000.000000
30.312500	-0.090452	608200.000000
30.416667	-0.096163	608400.000000
30.520833	-0.101435	608600.000000
30.625000	-0.105063	608800.000000
30.729167	-0.104509	609000.000000
30.833333	-0.099156	609200.000000
30.937500	-0.093982	609400.000000
31.041667	-0.089879	609600.000000
31.145833	-0.090410	609800.000000
31.250000	-0.095353	610000.000000
31.354167	-0.098105	610200.000000
31.458333	-0.098004	610400.000000
31.562500	-0.096323	610600.000000
31.666667	-0.091706	610800.000000
31.770833	-0.089240	611000.000000
31.875000	-0.088665	611200.000000
31.979167	-0.092315	611400.000000
32.083333	-0.099179	611600.000000
32.187500	-0.105361	611800.000000
32.291667	-0.109285	612000.000000
32.395833	-0.111258	612200.000000
32.500000	-0.111228	612400.000000
32.604167	-0.111844	612600.000000
32.708333	-0.111798	612800.000000
32.812500	-0.110897	613000.000000
32.916667	-0.108417	613200.000000
33.020833	-0.107139	613400.000000
33.125000	-0.108177	613600.000000
33.229167	-0.110648	613800.000000
33.333333	-0.110507	614000.000000
33.437500	-0.107032	614200.000000
33.541667	-0.099191	614400.000000
33.645833	-0.088971	614600.000000
33.750000	-0.080919	614800.000000
33.854167	-0.079761	615000.000000
33.958333	-0.086338	615200.000000
34.062500	-0.097954	615400.000000
34.166667	-0.109136	615600.000000
34.270833	-0.114442	615800.000000
34.375000	-0.115378	616000.000000
34.479167	-0.111195	616200.000000
34.583333	-0.105916	616400.000000
34.687500	-0.100331	616600.000000
34.791667	-0.095337	616800.000000
34.895833	-0.094028	617000.000000
35.000000	-0.094034	617200.000000
35.104167	-0.093761	617400.000000
35.208333	-0.092607	617600.000000
35.312500	-0.091214	617800.000000
35.416667	-0.089395	618000.000000
35.520833	-0.088307	618200.000000
35.625000	-0.089263	618400.000000
35.729167	-0.091587	618600.000000
35.833333	-0.096502	618800.000000
35.937500	-0.102516	619000.000000
36.041667	-0.109810	619200.000000
36.145833	-0.116513	619400.000000
36.250000	-0.118679	619600.000000
36.354167	-0.114344	619800.000000
36.458333	-0.104231	620000.000000
36.562500	-0.093097	620200.000000
36.666667	-0.085739	620400.000000
36.770833	-0.086382	620600.000000
36.875000	-0.096143	620800.000000
36.979167	-0.106627	621000.000000
37.083333	-0.110683	621200.000000
37.187500	-0.107736	621400.000000
37.291667	-0.098367	621600.000000
37.395833	-0.090329	621800.000000
37.500000	-0.088685	622000.000000
37.604167	-0.095004	622200.000000
37.708333	-0.103335	622400.000000
37.812500	-0.110737	622600.000000
37.916667	-0.112986	622800.000000
38.020833	-0.113278	623000.000000
38.125000	-0.112398	623200.000000
38.229167	-0.108672	623400.000000
38.333333	-0.103143	623600.000000
38.437500	-0.099269	623800.000000
38.541667	-0.100143	624000.000000
38.645833	-0.105250	624200.000000
38.750000	-0.111008	624400.000000
38.854167	-0.110126	624600.000000
38.958333	-0.102371	624800.000000
39.062500	-0.091914	625000.000000
39.166667	-0.085438	625200.000000
39.270833	-0.087199	625400.000000
39.375000	-0.095159	625600.000000
39.479167	-0.102841	625800.000000
39.583333	-0.110421	626000.000000
39.687500	-0.117469	626200.000000
39.791667	-0.121512	626400.000000
39.895833	-0.118201	626600.000000
40.000000	-0.107806	626800.000000
40.104167	-0.095894	627000.000000
40.208333	-0.088541	627200.000000
40.312500	-0.090224	627400.000000
40.416667	-0.098906	627600.000000
40.520833	-0.106737	627800.000000
40.625000	-0.104766	628000.000000
40.729167	-0.095201	628200.000000
40.833333	-0.083522	628400.000000
40.937500	-0.078543	628600.000000
41.041667	-0.082963	628800.000000
41.145833	-0.093362	629000.000000
41.250000	-0.106227	629200.000000
41.354167	-0.114510	629400.000000
41.458333	-0.115917	629600.000000
41.562500	-0.111640	629800.000000
41.666667	-0.100955	630000.000000
41.770833	-0.092292	630200.000000
41.875000	-0.086794	630400.000000
41.979167	-0.088186	630600.000000
42.083333	-0.092120	630800.000000
42.187500	-0.098246	631000.000000
42.291667	-0.101978	631200.000000
42.395833	-0.103007	631400.000000
42.500000	-0.098380	631600.000000
42.604167	-0.090890	631800.000000
42.708333	-0.082635	632000.000000
42.812500	-0.079726	632200.000000
42.916667	-0.084207	632400.000000
43.020833	-0.091111	632600.000000
43.125000	-0.097447	632800.000000
43.229167	-0.101897	633000.000000
43.333333	-0.101434	633200.000000
43.437500	-0.098983	633400.000000
43.541667	-0.095995	633600.000000
43.645833	-0.092879	633800.000000
43.750000	-0.090335	634000.000000
43.854167	-0.092010	634200.000000
43.958333	-0.095339	634400.000000
44.062500	-0.098001	634600.000000
44.166667	-0.096327	634800.000000
44.270833	-0.089236	635000.000000
44.375000	-0.081236	635200.000000
44.479167	-0.076564	635400.000000
44.583333	-0.077488	635600.000000
44.687500	-0.083403	635800.000000
44.791667	-0.090766	636000.000000
44.895833	-0.095266	636200.000000
45.000000	-0.098319	636400.000000
45.104167	-0.099145	636600.000000
45.208333	-0.098452	636800.000000
45.312500	-0.096706	637000.000000
45.416667	-0.096272	637200.000000
45.520833	-0.095009	637400.000000
45.625000	-0.093917	637600.000000
45.729167	-0.091474	637800.000000
45.833333	-0.086741	638000.000000
45.937500	-0.082845	638200.000000
46.041667	-0.082757	638400.000000
46.145833	-0.085290	638600.000000
46.250000	-0.089387	638800.000000
46.354167	-0.093365	639000.000000
46.458333	-0.094315	639200.000000
46.562500	-0.094621	639400.000000
46.666667	-0.095687	639600.000000
46.770833	-0.097431	639800.000000
46.875000	-0.097894	640000.000000
46.979167	-0.096751	640200.000000
47.083333	-0.093481	640400.000000
47.187500	-0.092293	640600.000000
47.291667	-0.093048	640800.000000
47.395833	-0.094323	641000.000000
47.500000	-0.094335	641200.000000
47.604167	-0.094244	641400.000000
47.708333	-0.092021	641600.000000
47.812500	-0.088452	641800.000000
47.916667	-0.086710	642000.000000
48.020833	-0.087987	642200.000000
48.125000	-0.090309	642400.000000
48.229167	-0.091970	642600.000000
48.333333	-0.093095	642800.000000
48.437500	-0.092354	643000.000000
48.541667	-0.092597	643200.000000
48.645833	-0.092916	643400.000000
48.750000	-0.094541	643600.000000
48.854167	-0.096523	643800.000000
48.958333	-0.099346	644000.000000
49.062500	-0.101904	644200.000000
49.166667	-0.101805	644400.000000
49.270833	-0.098823	644600.000000
49.375000	-0.094283	644800.000000
49.479167	-0.088666	645000.000000
49.583333	-0.084877	645200.000000
49.687500	-0.085607	645400.000000
49.791667	-0.089420	645600.000000
49.895833	-0.092511	645800.000000
50.000000	-0.092735	646000.000000
50.104167	-0.090880	646200.000000
50.208333	-0.091214	646400.000000
50.312500	-0.095626	646600.000000
50.416667	-0.102646	646800.000000
50.520833	-0.106347	647000.000000
50.625000	-0.106408	647200.000000
50.729167	-0.105229	647400.000000
50.833333	-0.102945	647600.000000
50.937500	-0.098394	647800.000000
51.041667	-0.094531	648000.000000
51.145833	-0.091095	648200.000000
51.250000	-0.087754	648400.000000
51.354167	-0.089293	648600.000000
51.458333	-0.092420	648800.000000
51.562500	-0.097666	649000.000000
51.666667	-0.100397	649200.000000
51.770833	-0.101154	649400.000000
51.875000	-0.099318	649600.000000
51.979167	-0.097148	649800.000000
52.083333	-0.096042	650000.000000
52.187500	-0.098328	650200.000000
52.291667	-0.101640	650400.000000
52.395833	-0.105602	650600.000000
52.500000	-0.107324	650800.000000
52.604167	-0.108812	651000.000000
52.708333	-0.105141	651200.000000
52.812500	-0.099690	651400.000000
52.916667	-0.094868	651600.000000
53.020833	-0.093759	651800.000000
53.125000	-0.096581	652000.000000
53.229167	-0.101291	652200.000000
53.333333	-0.104480	652400.000000
53.437500	-0.104719	652600.000000
53.541667	-0.102144	652800.000000
53.645833	-0.097373	653000.000000
53.750000	-0.094995	653200.000000
53.854167	-0.094280	653400.000000
53.958333	-0.097617	653600.000000
54.062500	-0.101588	653800.000000
54.166667	-0.106883	654000.000000
54.270833	-0.109917	654200.000000
54.375000	-0.109902	654400.000000
54.479167	-0.106686	654600.000000
54.583333	-0.102143	654800.000000
54.687500	-0.098269	655000.000000
54.791667	-0.094852	655200.000000
54.895833	-0.092911	655400.000000
55.000000	-0.090944	655600.000000
55.104167	-0.090429	655800.000000
55.208333	-0.091786	656000.000000
55.312500	-0.092954	656200.000000
55.416667	-0.094892	656400.000000
55.520833	-0.096490	656600.000000
55.625000	-0.096932	656800.000000
55.729167	-0.098529	657000.000000
55.833333	-0.101736	657200.000000
55.937500	-0.103380	657400.000000
56.041667	-0.104381	657600.000000
56.145833	-0.103390	657800.000000
56.250000	-0.100619	658000.000000
56.354167	-0.096400	658200.000000
56.458333	-0.092665	658400.000000
56.562500	-0.091203	658600.000000
56.666667	-0.091234	658800.000000
56.770833	-0.091229	659000.000000
56.875000	-0.091732	659200.000000
56.979167	-0.093187	659400.000000
57.083333	-0.094420	659600.000000
57.187500	-0.093772	659800.000000
57.291667	-0.095391	660000.000000
57.395833	-0.095859	660200.000000
57.500000	-0.097105	660400.000000
57.604167	-0.097746	660600.000000
57.708333	-0.097708	660800.000000
57.812500	-0.094158	661000.000000
57.916667	-0.092925	661200.000000
58.020833	-0.094110	661400.000000
58.125000	-0.095743	661600.000000
58.229167	-0.096402	661800.000000
58.333333	-0.095477	662000.000000
58.437500	-0.092671	662200.000000
58.541667	-0.091726	662400.000000
58.645833	-0.091139	662600.000000
58.750000	-0.091815	662800.000000
58.854167	-0.092576	663000.000000
58.958333	-0.093290	663200.000000
59.062500	-0.092850	663400.000000
59.166667	-0.092624	663600.000000
59.270833	-0.092897	663800.000000
59.375000	-0.094862	664000.000000
59.479167	-0.097164	664200.000000
59.583333	-0.099871	664400.000000
59.687500	-0.102066	664600.000000
59.791667	-0.102599	664800.000000
59.895833	-0.102112	665000.000000
60.000000	-0.098121	665200.000000
60.104167	-0.092341	665400.000000
60.208333	-0.088636	665600.000000
60.312500	-0.087623	665800.000000
60.416667	-0.088431	666000.000000
60.520833	-0.090728	666200.000000
60.625000	-0.093122	666400.000000
60.729167	-0.094383	666600.000000
60.833333	-0.093351	666800.000000
60.937500	-0.093822	667000.000000
61.041667	-0.096218	667200.000000
61.145833	-0.098397	667400.000000
61.250000	-0.100249	667600.000000
61.354167	-0.100679	667800.000000
61.458333	-0.101135	668000.000000
61.562500	-0.101300	668200.000000
61.666667	-0.100718	668400.000000
61.770833	-0.099738	668600.000000
61.875000	-0.096639	668800.000000
61.979167	-0.092798	669000.000000
62.083333	-0.090661	669200.000000
62.187500	-0.091726	669400.000000
62.291667	-0.096203	669600.000000
62.395833	-0.099891	669800.000000
62.500000	-0.101445	670000.000000
62.604167	-0.101682	670200.000000
62.708333	-0.099849	670400.000000
62.812500	-0.098555	670600.000000
62.916667	-0.097516	670800.000000
63.020833	-0.098765	671000.000000
63.125000	-0.098938	671200.000000
63.229167	-0.099624	671400.000000
63.333333	-0.100324	671600.000000
63.437500	-0.101169	671800.000000
63.541667	-0.101027	672000.000000
63.645833	-0.101202	672200.000000
63.750000	-0.099951	672400.000000
63.854167	-0.097062	672600.000000
63.958333	-0.096486	672800.000000
64.062500	-0.093707	673000.000000
64.166667	-0.093139	673200.000000
64.270833	-0.093765	673400.000000
64.375000	-0.095424	673600.000000
64.479167	-0.097529	673800.000000
64.583333	-0.099198	674000.000000
64.687500	-0.100642	674200.000000
64.791667	-0.101426	674400.000000
64.895833	-0.100997	674600.000000
65.000000	-0.100167	674800.000000
65.104167	-0.099455	675000.000000
65.208333	-0.100140	675200.000000
65.312500	-0.101912	675400.000000
65.416667	-0.103376	675600.000000
65.520833	-0.101961	675800.000000
65.625000	-0.097362	676000.000000
65.729167	-0.094397	676200.000000
65.833333	-0.093128	676400.000000
65.937500	-0.094189	676600.000000
66.041667	-0.096715	676800.000000
66.145833	-0.100731	677000.000000
66.250000	-0.102768	677200.000000
66.354167	-0.103804	677400.000000
66.458333	-0.104573	677600.000000
66.562500	-0.104350	677800.000000
66.666667	-0.101892	678000.000000
66.770833	-0.099541	678200.000000
66.875000	-0.098142	678400.000000
66.979167	-0.098019	678600.000000
67.083333	-0.098816	678800.000000
67.187500	-0.098158	679000.000000
67.291667	-0.097103	679200.000000
67.395833	-0.095314	679400.000000
67.500000	-0.092845	679600.000000
67.604167	-0.091012	679800.000000
67.708333	-0.092341	680000.000000
67.812500	-0.093271	680200.000000
67.916667	-0.096130	680400.000000
68.020833	-0.097846	680600.000000
68.125000	-0.098716	680800.000000
68.229167	-0.096333	681000.000000
68.333333	-0.093557	681200.000000
68.437500	-0.091376	681400.000000
68.541667	-0.093000	681600.000000
68.645833	-0.096208	681800.000000
68.750000	-0.100021	682000.000000
68.854167	-0.101615	682200.000000
68.958333	-0.101341	682400.000000
69.062500	-0.098507	682600.000000
69.166667	-0.093365	682800.000000
69.270833	-0.090052	683000.000000
69.375000	-0.089236	683200.000000
69.479167	-0.089946	683400.000000
69.583333	-0.093597	683600.000000
69.687500	-0.096042	683800.000000
69.791667	-0.097732	684000.000000
69.895833	-0.097247	684200.000000
70.000000	-0.096112	684400.000000
70.104167	-0.095335	684600.000000
70.208333	-0.096534	684800.000000
70.312500	-0.098965	685000.000000
70.416667	-0.101759	685200.000000
70.520833	-0.104973	685400.000000
70.625000	-0.105216	685600.000000
70.729167	-0.102878	685800.000000
70.833333	-0.099901	686000.000000
70.937500	-0.096621	686200.000000
71.041667	-0.094521	686400.000000
71.145833	-0.094644	686600.000000
71.250000	-0.094736	686800.000000
71.354167	-0.096808	687000.000000
71.458333	-0.100118	687200.000000
71.562500	-0.103769	687400.000000
71.666667	-0.105879	687600.000000
71.770833	-0.106789	687800.000000
71.875000	-0.105670	688000.000000
71.979167	-0.104800	688200.000000
72.083333	-0.105080	688400.000000
72.187500	-0.105981	688600.000000
72.291667	-0.105466	688800.000000
72.395833	-0.104249	689000.000000
72.500000	-0.103999	689200.000000
72.604167	-0.102225	689400.000000
72.708333	-0.101079	689600.000000
72.812500	-0.099286	689800.000000
72.916667	-0.098094	690000.000000
73.020833	-0.096889	690200.000000
73.125000	-0.095788	690400.000000
73.229167	-0.095227	690600.000000
73.333333	-0.092346	690800.000000
73.437500	-0.091321	691000.000000
73.541667	-0.091437	691200.000000
73.645833	-0.090865	691400.000000
73.750000	-0.090544	691600.000000
73.854167	-0.089984	691800.000000
73.958333	-0.088504	692000.000000
74.062500	-0.087805	692200.000000
74.166667	-0.086901	692400.000000
74.270833	-0.086768	692600.000000
74.375000	-0.088699	692800.000000
74.479167	-0.088995	693000.000000
74.583333	-0.089648	693200.000000
74.687500	-0.088972	693400.000000
74.791667	-0.087633	693600.000000
74.895833	-0.086252	693800.000000
75.000000	-0.085780	694000.000000
75.104167	-0.086626	694200.000000
75.208333	-0.090634	694400.000000
75.312500	-0.094249	694600.000000
75.416667	-0.097678	694800.000000
75.520833	-0.099210	695000.000000
75.625000	-0.100029	695200.000000
75.729167	-0.099032	695400.000000
75.833333	-0.099081	695600.000000
75.937500	-0.098951	695800.000000
76.041667	-0.099466	696000.000000
76.145833	-0.099024	696200.000000
76.250000	-0.098796	696400.000000
76.354167	-0.096791	696600.000000
76.458333	-0.095152	696800.000000
76.562500	-0.093102	697000.000000
76.666667	-0.091675	697200.000000
76.770833	-0.092781	697400.000000
76.875000	-0.095570	697600.000000
76.979167	-0.097303	697800.000000
77.083333	-0.098787	698000.000000
77.187500	-0.099904	698200.000000
77.291667	-0.098381	698400.000000
77.395833	-0.097027	698600.000000
77.500000	-0.094995	698800.000000
77.604167	-0.094748	699000.000000
77.708333	-0.096110	699200.000000
77.812500	-0.098649	699400.000000
77.916667	-0.099953	699600.000000
78.020833	-0.100063	699800.000000
78.125000	-0.099412	700000.000000
78.229167	-0.096727	700200.000000
78.333333	-0.094878	700400.000000
78.437500	-0.094584	700600.000000
78.541667	-0.095952	700800.000000
78.645833	-0.098229	701000.000000
78.750000	-0.099811	701200.000000
78.854167	-0.099108	701400.000000
78.958333	-0.098652	701600.000000
79.062500	-0.097095	701800.000000
79.166667	-0.095514	702000.000000
79.270833	-0.096087	702200.000000
79.375000	-0.097492	702400.000000
79.479167	-0.099000	702600.000000
79.583333	-0.100689	702800.000000
79.687500	-0.101420	703000.000000
79.791667	-0.101244	703200.000000
79.895833	-0.100079	703400.000000
80.000000	-0.096995	703600.000000
80.104167	-0.093853	703800.000000
80.208333	-0.092314	704000.000000
80.312500	-0.093137	704200.000000
80.416667	-0.095522	704400.000000
80.520833	-0.097121	704600.000000
80.625000	-0.099214	704800.000000
80.729167	-0.099638	705000.000000
80.833333	-0.099827	705200.000000
80.937500	-0.101357	705400.000000
81.041667	-0.100755	705600.000000
81.145833	-0.099189	705800.000000
81.250000	-0.097362	706000.000000
81.354167	-0.096076	706200.000000
81.458333	-0.094854	706400.000000
81.562500	-0.095723	706600.000000
81.666667	-0.094822	706800.000000
81.770833	-0.093153	707000.000000
81.875000	-0.091844	707200.000000
81.979167	-0.089230	707400.000000
82.083333	-0.089993	707600.000000
82.187500	-0.091176	707800.000000
82.291667	-0.092609	708000.000000
82.395833	-0.093378	708200.000000
82.500000	-0.093841	708400.000000
82.604167	-0.094797	708600.000000
82.708333	-0.094932	708800.000000
82.812500	-0.094886	709000.000000
82.916667	-0.093961	709200.000000
83.020833	-0.092076	709400.000000
83.125000	-0.091458	709600.000000
83.229167	-0.092447	709800.000000
83.333333	-0.093165	710000.000000
83.437500	-0.094106	710200.000000
83.541667	-0.094682	710400.000000
83.645833	-0.095366	710600.000000
83.750000	-0.096398	710800.000000
83.854167	-0.094232	711000.000000
83.958333	-0.093774	711200.000000
84.062500	-0.094934	711400.000000
84.166667	-0.095405	711600.000000
84.270833	-0.097436	711800.000000
84.375000	-0.098524	712000.000000
84.479167	-0.099219	712200.000000
84.583333	-0.098944	712400.000000
84.687500	-0.099568	712600.000000
84.791667	-0.100122	712800.000000
84.895833	-0.101512	713000.000000
85.000000	-0.103354	713200.000000
85.104167	-0.103810	713400.000000
85.208333	-0.102142	713600.000000
85.312500	-0.101403	713800.000000
85.416667	-0.099577	714000.000000
85.520833	-0.097769	714200.000000
85.625000	-0.097493	714400.000000
85.729167	-0.097452	714600.000000
85.833333	-0.100025	714800.000000
85.937500	-0.101817	715000.000000
86.041667	-0.103658	715200.000000
86.145833	-0.103753	715400.000000
86.250000	-0.102704	715600.000000
86.354167	-0.102432	715800.000000
86.458333	-0.102091	716000.000000
86.562500	-0.101757	716200.000000
86.666667	-0.102538	716400.000000
86.770833	-0.102163	716600.000000
86.875000	-0.102139	716800.000000
86.979167	-0.099491	717000.000000
87.083333	-0.098291	717200.000000
87.187500	-0.096588	717400.000000
87.291667	-0.096918	717600.000000
87.395833	-0.096108	717800.000000
87.500000	-0.097574	718000.000000
87.604167	-0.098696	718200.000000
87.708333	-0.099916	718400.000000
87.812500	-0.101177	718600.000000
87.916667	-0.101533	718800.000000
88.020833	-0.100632	719000.000000
88.125000	-0.098745	719200.000000
88.229167	-0.098062	719400.000000
88.333333	-0.097193	719600.000000
88.437500	-0.096563	719800.000000
88.541667	-0.098277	720000.000000
88.645833	-0.098280	720200.000000
88.750000	-0.098258	720400.000000
88.854167	-0.097940	720600.000000
88.958333	-0.096694	720800.000000
89.062500	-0.097239	721000.000000
89.166667	-0.096484	721200.000000
89.270833	-0.096233	721400.000000
89.375000	-0.096067	721600.000000
89.479167	-0.096230	721800.000000
89.583333	-0.096423	722000.000000
89.687500	-0.097171	722200.000000
89.791667	-0.098316	722400.000000
89.895833	-0.099205	722600.000000
90.000000	-0.100536	722800.000000
90.104167	-0.099570	723000.000000
90.208333	-0.099543	723200.000000
90.312500	-0.099035	723400.000000
90.416667	-0.099524	723600.000000
90.520833	-0.098723	723800.000000
90.625000	-0.097076	724000.000000
90.729167	-0.096397	724200.000000
90.833333	-0.096197	724400.000000
90.937500	-0.095802	724600.000000
91.041667	-0.095749	724800.000000
91.145833	-0.094832	725000.000000
91.250000	-0.095669	725200.000000
91.354167	-0.097025	725400.000000
91.458333	-0.097317	725600.000000
91.562500	-0.099071	725800.000000
91.666667	-0.100523	726000.000000
91.770833	-0.100566	726200.000000
91.875000	-0.099758	726400.000000
91.979167	-0.100044	726600.000000
92.083333	-0.099330	726800.000000
92.187500	-0.097937	727000.000000
92.291667	-0.096789	727200.000000
92.395833	-0.096505	727400.000000
92.500000	-0.095964	727600.000000
92.604167	-0.095789	727800.000000
92.708333	-0.096155	728000.000000
92.812500	-0.097212	728200.000000
92.916667	-0.097811	728400.000000
93.020833	-0.097611	728600.000000
93.125000	-0.098251	728800.000000
93.229167	-0.098468	729000.000000
93.333333	-0.098101	729200.000000
93.437500	-0.098140	729400.000000
93.541667	-0.098810	729600.000000
93.645833	-0.098107	729800.000000
93.750000	-0.097886	730000.000000
93.854167	-0.097765	730200.000000
93.958333	-0.098079	730400.000000
94.062500	-0.097619	730600.000000
94.166667	-0.098290	730800.000000
94.270833	-0.097560	731000.000000
94.375000	-0.097032	731200.000000
94.479167	-0.095991	731400.000000
94.583333	-0.095222	731600.000000
94.687500	-0.095874	731800.000000
94.791667	-0.096117	732000.000000
94.895833	-0.096902	732200.000000
95.000000	-0.097070	732400.000000
95.104167	-0.098648	732600.000000
95.208333	-0.098157	732800.000000
95.312500	-0.097276	733000.000000
95.416667	-0.097516	733200.000000
95.520833	-0.097696	733400.000000
95.625000	-0.096966	733600.000000
95.729167	-0.096917	733800.000000
95.833333	-0.096879	734000.000000
95.937500	-0.096430	734200.000000
96.041667	-0.096076	734400.000000
96.145833	-0.094641	734600.000000
96.250000	-0.093776	734800.000000
96.354167	-0.093304	735000.000000
96.458333	-0.093039	735200.000000
96.562500	-0.093375	735400.000000
96.666667	-0.094582	735600.000000
96.770833	-0.097373	735800.000000
96.875000	-0.099185	736000.000000
96.979167	-0.101181	736200.000000
97.083333	-0.101118	736400.000000
97.187500	-0.100050	736600.000000
97.291667	-0.099165	736800.000000
97.395833	-0.098352	737000.000000
97.500000	-0.096696	737200.000000
97.604167	-0.096525	737400.000000
97.708333	-0.097082	737600.000000
97.812500	-0.097274	737800.000000
97.916667	-0.096733	738000.000000
98.020833	-0.096646	738200.000000
98.125000	-0.096421	738400.000000
98.229167	-0.094927	738600.000000
98.333333	-0.096080	738800.000000
98.437500	-0.096778	739000.000000
98.541667	-0.098081	739200.000000
98.645833	-0.098769	739400.000000
98.750000	-0.098053	739600.000000
98.854167	-0.098590	739800.000000
98.958333	-0.098579	740000.000000
99.062500	-0.098562	740200.000000
99.166667	-0.098671	740400.000000
99.270833	-0.099561	740600.000000
99.375000	-0.098984	740800.000000
99.479167	-0.099202	741000.000000
99.583333	-0.099189	741200.000000
99.687500	-0.099095	741400.000000
99.791667	-0.098649	741600.000000
99.895833	-0.096650	741800.000000
100.000000	-0.096254	742000.000000
100.104167	-0.095253	742200.000000
100.208333	-0.095898	742400.000000
100.312500	-0.096644	742600.000000
100.416667	-0.098542	742800.000000
100.520833	-0.098745	743000.000000
100.625000	-0.099140	743200.000000
100.729167	-0.100214	743400.000000
100.833333	-0.100268	743600.000000
100.937500	-0.099755	743800.000000
101.041667	-0.100130	744000.000000
101.145833	-0.100660	744200.000000
101.250000	-0.099665	744400.000000
101.354167	-0.099346	744600.000000
101.458333	-0.098027	744800.000000
101.562500	-0.096945	745000.000000
101.666667	-0.097162	745200.000000
101.770833	-0.096154	745400.000000
101.875000	-0.096416	745600.000000
101.979167	-0.096882	745800.000000
102.083333	-0.098233	746000.000000
102.187500	-0.098462	746200.000000
102.291667	-0.099101	746400.000000
102.395833	-0.098820	746600.000000
102.500000	-0.097353	746800.000000
102.604167	-0.096435	747000.000000
102.708333	-0.095649	747200.000000
102.812500	-0.096944	747400.000000
102.916667	-0.096467	747600.000000
103.020833	-0.097401	747800.000000
103.125000	-0.096405	748000.000000
103.229167	-0.096328	748200.000000
103.333333	-0.095358	748400.000000
103.437500	-0.094937	748600.000000
103.541667	-0.094742	748800.000000
103.645833	-0.096563	749000.000000
103.750000	-0.096733	749200.000000
103.854167	-0.097398	749400.000000
103.958333	-0.098512	749600.000000
104.062500	-0.098497	749800.000000
104.166667	-0.098486	750000.000000
104.270833	-0.099312	750200.000000
104.375000	-0.098850	750400.000000
104.479167	-0.098579	750600.000000
104.583333	-0.099779	750800.000000
104.687500	-0.100339	751000.000000
104.791667	-0.100403	751200.000000
104.895833	-0.100463	751400.000000
105.000000	-0.099322	751600.000000
105.104167	-0.099268	751800.000000
105.208333	-0.097832	752000.000000
105.312500	-0.097816	752200.000000
105.416667	-0.097202	752400.000000
105.520833	-0.096900	752600.000000
105.625000	-0.096358	752800.000000
105.729167	-0.096646	753000.000000
105.833333	-0.097915	753200.000000
105.937500	-0.098137	753400.000000
106.041667	-0.098558	753600.000000
106.145833	-0.098843	753800.000000
106.250000	-0.098731	754000.000000
106.354167	-0.098347	754200.000000
106.458333	-0.098802	754400.000000
106.562500	-0.097748	754600.000000
106.666667	-0.096797	754800.000000
106.770833	-0.096769	755000.000000
106.875000	-0.096358	755200.000000
106.979167	-0.095859	755400.000000
107.083333	-0.095903	755600.000000
107.187500	-0.094695	755800.000000
107.291667	-0.095989	756000.000000
107.395833	-0.096882	756200.000000
107.500000	-0.096319	756400.000000
107.604167	-0.097867	756600.000000
107.708333	-0.098920	756800.000000
107.812500	-0.098431	757000.000000
107.916667	-0.097941	757200.000000
108.020833	-0.096670	757400.000000
108.125000	-0.095980	757600.000000
108.229167	-0.095443	757800.000000
108.333333	-0.095166	758000.000000
108.437500	-0.094718	758200.000000
108.541667	-0.094985	758400.000000
108.645833	-0.094446	758600.000000
108.750000	-0.093391	758800.000000
108.854167	-0.093175	759000.000000
108.958333	-0.093451	759200.000000
109.062500	-0.093009	759400.000000
109.166667	-0.093889	759600.000000
109.270833	-0.094639	759800.000000
109.375000	-0.095437	760000.000000
109.479167	-0.094603	760200.000000
109.583333	-0.094799	760400.000000
109.687500	-0.094177	760600.000000
109.791667	-0.094182	760800.000000
109.895833	-0.094249	761000.000000
110.000000	-0.095059	761200.000000
110.104167	-0.096741	761400.000000
110.208333	-0.097170	761600.000000
110.312500	-0.096769	761800.000000
110.416667	-0.096988	762000.000000
110.520833	-0.095569	762200.000000
110.625000	-0.094671	762400.000000
110.729167	-0.094513	762600.000000
110.833333	-0.094437	762800.000000
110.937500	-0.095018	763000.000000
111.041667	-0.096643	763200.000000
111.145833	-0.097682	763400.000000
111.250000	-0.097889	763600.000000
111.354167	-0.098126	763800.000000
111.458333	-0.097182	764000.000000
111.562500	-0.096646	764200.000000
111.666667	-0.097046	764400.000000
111.770833	-0.098974	764600.000000
111.875000	-0.100490	764800.000000
111.979167	-0.102668	765000.000000
112.083333	-0.103920	765200.000000
112.187500	-0.106533	765400.000000
112.291667	-0.108044	765600.000000
112.395833	-0.111069	765800.000000
112.500000	-0.113099	766000.000000
112.604167	-0.115093	766200.000000
112.708333	-0.113919	766400.000000
112.812500	-0.110909	766600.000000
112.916667	-0.106509	766800.000000
113.020833	-0.101700	767000.000000
113.125000	-0.097131	767200.000000
113.229167	-0.092588	767400.000000
113.333333	-0.089741	767600.000000
113.437500	-0.086624	767800.000000
113.541667	-0.084238	768000.000000
113.645833	-0.083106	768200.000000
113.750000	-0.082085	768400.000000
113.854167	-0.082684	768600.000000
113.958333	-0.085846	768800.000000
114.062500	-0.089141	769000.000000
114.166667	-0.093133	769200.000000
114.270833	-0.095647	769400.000000
114.375000	-0.097682	769600.000000
114.479167	-0.099472	769800.000000
114.583333	-0.099834	770000.000000
114.687500	-0.100345	770200.000000
114.791667	-0.100510	770400.000000
114.895833	-0.101354	770600.000000
115.000000	-0.102246	770800.000000
115.104167	-0.100316	771000.000000
115.208333	-0.100913	771200.000000
115.312500	-0.102099	771400.000000
115.416667	-0.103001	771600.000000
115.520833	-0.103408	771800.000000
115.625000	-0.104028	772000.000000
115.729167	-0.103529	772200.000000
115.833333	-0.103498	772400.000000
115.937500	-0.103539	772600.000000
116.041667	-0.102277	772800.000000
116.145833	-0.101936	773000.000000
116.250000	-0.102563	773200.000000
116.354167	-0.102267	773400.000000
116.458333	-0.102276	773600.000000
116.562500	-0.103299	773800.000000
116.666667	-0.102892	774000.000000
116.770833	-0.103465	774200.000000
116.875000	-0.102844	774400.000000
116.979167	-0.101803	774600.000000
117.083333	-0.100708	774800.000000
117.187500	-0.101049	775000.000000
117.291667	-0.100481	775200.000000
117.395833	-0.099874	775400.000000
117.500000	-0.098948	775600.000000
117.604167	-0.097890	775800.000000
117.708333	-0.097655	776000.000000
117.812500	-0.098378	776200.000000
117.916667	-0.097998	776400.000000
118.020833	-0.098788	776600.000000
118.125000	-0.100707	776800.000000
118.229167	-0.102051	777000.000000
118.333333	-0.102336	777200.000000
118.437500	-0.102625	777400.000000
118.541667	-0.103548	777600.000000
118.645833	-0.103871	777800.000000
118.750000	-0.103619	778000.000000
118.854167	-0.103804	778200.000000
118.958333	-0.104142	778400.000000
119.062500	-0.105077	778600.000000
119.166667	-0.104978	778800.000000
119.270833	-0.103632	779000.000000
119.375000	-0.102792	779200.000000
119.479167	-0.100761	779400.000000
119.583333	-0.099969	779600.000000
119.687500	-0.097191	779800.000000
119.791667	-0.095335	780000.000000
119.895833	-0.095889	780200.000000
120.000000	-0.096214	780400.000000
120.104167	-0.096616	780600.000000
120.208333	-0.096993	780800.000000
120.312500	-0.097409	781000.000000
120.416667	-0.096740	781200.000000
120.520833	-0.096296	781400.000000
120.625000	-0.096114	781600.000000
120.729167	-0.097083	781800.000000
120.833333	-0.097081	782000.000000
120.937500	-0.097800	782200.000000
121.041667	-0.098360	782400.000000
121.145833	-0.097435	782600.000000
121.250000	-0.097054	782800.000000
121.354167	-0.095892	783000.000000
121.458333	-0.095042	783200.000000
121.562500	-0.094861	783400.000000
121.666667	-0.094836	783600.000000
121.770833	-0.095038	783800.000000
121.875000	-0.095891	784000.000000
121.979167	-0.096149	784200.000000
122.083333	-0.096073	784400.000000
122.187500	-0.095423	784600.000000
122.291667	-0.094936	784800.000000
122.395833	-0.094621	785000.000000
122.500000	-0.094983	785200.000000
122.604167	-0.094260	785400.000000
122.708333	-0.093476	785600.000000
122.812500	-0.093235	785800.000000
122.916667	-0.093132	786000.000000
123.020833	-0.092940	786200.000000
123.125000	-0.092940	786400.000000
123.229167	-0.092822	786600.000000
123.333333	-0.093471	786800.000000
123.437500	-0.093722	787000.000000
123.541667	-0.093618	787200.000000
123.645833	-0.094062	787400.000000
123.750000	-0.094980	787600.000000
123.854167	-0.094874	787800.000000
123.958333	-0.095672	788000.000000
124.062500	-0.096193	788200.000000
124.166667	-0.096920	788400.000000
124.270833	-0.096997	788600.000000
124.375000	-0.096379	788800.000000
124.479167	-0.097516	789000.000000
124.583333	-0.097225	789200.000000
124.687500	-0.097127	789400.000000
124.791667	-0.097914	789600.000000
124.895833	-0.098567	789800.000000
125.000000	-0.098102	790000.000000
125.104167	-0.097955	790200.000000
125.208333	-0.099022	790400.000000
125.312500	-0.098607	790600.000000
125.416667	-0.098832	790800.000000
125.520833	-0.100178	791000.000000
125.625000	-0.101065	791200.000000
125.729167	-0.101152	791400.000000
125.833333	-0.101146	791600.000000
125.937500	-0.101359	791800.000000
126.041667	-0.100720	792000.000000
126.145833	-0.100150	792200.000000
126.250000	-0.100819	792400.000000
126.354167	-0.100665	792600.000000
126.458333	-0.099924	792800.000000
126.562500	-0.099902	793000.000000
126.666667	-0.099367	793200.000000
126.770833	-0.097810	793400.000000
126.875000	-0.097820	793600.000000
126.979167	-0.096677	793800.000000
127.083333	-0.096539	794000.000000
127.187500	-0.097636	794200.000000
127.291667	-0.098313	794400.000000
127.395833	-0.099397	794600.000000
127.500000	-0.101101	794800.000000
127.604167	-0.101028	795000.000000
127.708333	-0.100701	795200.000000
127.812500	-0.100384	795400.000000
127.916667	-0.099850	795600.000000
128.020833	-0.099903	795800.000000
128.125000	-0.099605	796000.000000
128.229167	-0.100058	796200.000000
128.333333	-0.100730	796400.000000
128.437500	-0.100717	796600.000000
128.541667	-0.098300	796800.000000
128.645833	-0.096460	797000.000000
128.750000	-0.094874	797200.000000
128.854167	-0.094590	797400.000000
128.958333	-0.094722	797600.000000
129.062500	-0.095558	797800.000000
129.166667	-0.096756	798000.000000
129.270833	-0.096385	798200.000000
129.375000	-0.097624	798400.000000
129.479167	-0.096638	798600.000000
129.583333	-0.095437	798800.000000
129.687500	-0.096464	799000.000000
129.791667	-0.096671	799200.000000
129.895833	-0.097640	799400.000000
130.000000	-0.098576	799600.000000
130.104167	-0.098990	799800.000000
130.208333	-0.100099	800000.000000
