0.000000	-0.094430	550000.000000
0.104167	-0.095026	550200.000000
0.208333	-0.094527	550400.000000
0.312500	-0.095591	550600.000000
0.416667	-0.095203	550800.000000
0.520833	-0.094906	551000.000000
0.625000	-0.094530	551200.000000
0.729167	-0.094519	551400.000000
0.833333	-0.094292	551600.000000
0.937500	-0.094791	551800.000000
1.041667	-0.094804	552000.000000
1.145833	-0.094163	552200.000000
1.250000	-0.094293	552400.000000
1.354167	-0.093965	552600.000000
1.458333	-0.094430	552800.000000
1.562500	-0.093835	553000.000000
1.666667	-0.094141	553200.000000
1.770833	-0.094723	553400.000000
1.875000	-0.094233	553600.000000
1.979167	-0.094082	553800.000000
2.083333	-0.094191	554000.000000
2.187500	-0.094849	554200.000000
2.291667	-0.094868	554400.000000
2.395833	-0.094676	554600.000000
2.500000	-0.094611	554800.000000
2.604167	-0.095066	555000.000000
2.708333	-0.094985	555200.000000
2.812500	-0.094812	555400.000000
2.916667	-0.095406	555600.000000
3.020833	-0.095135	555800.000000
3.125000	-0.094841	556000.000000
3.229167	-0.094373	556200.000000
3.333333	-0.095052	556400.000000
3.437500	-0.095204	556600.000000
3.541667	-0.095143	556800.000000
3.645833	-0.093905	557000.000000
3.750000	-0.094782	557200.000000
3.854167	-0.094980	557400.000000
3.958333	-0.095587	557600.000000
4.062500	-0.094779	557800.000000
4.166667	-0.094662	558000.000000
4.270833	-0.094651	558200.000000
4.375000	-0.094777	558400.000000
4.479167	-0.095128	558600.000000
4.583333	-0.094197	558800.000000
4.687500	-0.094623	559000.000000
4.791667	-0.095202	559200.000000
4.895833	-0.094719	559400.000000
5.000000	-0.095093	559600.000000
5.104167	-0.093764	559800.000000
5.208333	-0.095142	560000.000000
5.312500	-0.094523	560200.000000
5.416667	-0.094561	560400.000000
5.520833	-0.094805	560600.000000
5.625000	-0.094670	560800.000000
5.729167	-0.094621	561000.000000
5.833333	-0.094322	561200.000000
5.937500	-0.094609	561400.000000
6.041667	-0.094256	561600.000000
6.145833	-0.094157	561800.000000
6.250000	-0.094844	562000.000000
6.354167	-0.094679	562200.000000
6.458333	-0.094526	562400.000000
6.562500	-0.093964	562600.000000
6.666667	-0.095009	562800.000000
6.770833	-0.094234	563000.000000
6.875000	-0.094327	563200.000000
6.979167	-0.094783	563400.000000
7.083333	-0.095594	563600.000000
7.187500	-0.095697	563800.000000
7.291667	-0.094917	564000.000000
7.395833	-0.094718	564200.000000
7.500000	-0.094839	564400.000000
7.604167	-0.094974	564600.000000
7.708333	-0.094717	564800.000000
7.812500	-0.095638	565000.000000
7.916667	-0.096589	565200.000000
8.020833	-0.094900	565400.000000
8.125000	-0.094441	565600.000000
8.229167	-0.093876	565800.000000
8.333333	-0.093755	566000.000000
8.437500	-0.094461	566200.000000
8.541667	-0.095210	566400.000000
8.645833	-0.095678	566600.000000
8.750000	-0.095143	566800.000000
8.854167	-0.094671	567000.000000
8.958333	-0.094666	567200.000000
9.062500	-0.095206	567400.000000
9.166667	-0.094891	567600.000000
9.270833	-0.094309	567800.000000
9.375000	-0.094503	568000.000000
9.479167	-0.094247	568200.000000
9.583333	-0.094994	568400.000000
9.687500	-0.094676	568600.000000
9.791667	-0.094945	568800.000000
9.895833	-0.095132	569000.000000
10.000000	-0.094540	569200.000000
10.104167	-0.094449	569400.000000
10.208333	-0.095357	569600.000000
10.312500	-0.094458	569800.000000
10.416667	-0.094799	570000.000000
10.520833	-0.094529	570200.000000
10.625000	-0.093481	570400.000000
10.729167	-0.094212	570600.000000
10.833333	-0.094672	570800.000000
10.937500	-0.094324	571000.000000
11.041667	-0.094621	571200.000000
11.145833	-0.094454	571400.000000
11.250000	-0.095004	571600.000000
11.354167	-0.094510	571800.000000
11.458333	-0.094589	572000.000000
11.562500	-0.094903	572200.000000
11.666667	-0.095691	572400.000000
11.770833	-0.094716	572600.000000
11.875000	-0.093991	572800.000000
11.979167	-0.094257	573000.000000
12.083333	-0.095124	573200.000000
12.187500	-0.095301	573400.000000
12.291667	-0.095300	573600.000000
12.395833	-0.095295	573800.000000
12.500000	-0.094642	574000.000000
12.604167	-0.095102	574200.000000
12.708333	-0.095224	574400.000000
12.812500	-0.095437	574600.000000
12.916667	-0.095772	574800.000000
13.020833	-0.095734	575000.000000
13.125000	-0.095039	575200.000000
13.229167	-0.095199	575400.000000
13.333333	-0.095761	575600.000000
13.437500	-0.095800	575800.000000
13.541667	-0.096032	576000.000000
13.645833	-0.095620	576200.000000
13.750000	-0.095687	576400.000000
13.854167	-0.094854	576600.000000
13.958333	-0.095098	576800.000000
14.062500	-0.095798	577000.000000
14.166667	-0.095943	577200.000000
14.270833	-0.095327	577400.000000
14.375000	-0.095286	577600.000000
14.479167	-0.095360	577800.000000
14.583333	-0.094707	578000.000000
14.687500	-0.094668	578200.000000
14.791667	-0.095291	578400.000000
14.895833	-0.095000	578600.000000
15.000000	-0.094370	578800.000000
15.104167	-0.094398	579000.000000
15.208333	-0.095048	579200.000000
15.312500	-0.094512	579400.000000
15.416667	-0.094365	579600.000000
15.520833	-0.094650	579800.000000
15.625000	-0.094305	580000.000000
15.729167	-0.094549	580200.000000
15.833333	-0.095036	580400.000000
15.937500	-0.094021	580600.000000
16.041667	-0.094932	580800.000000
16.145833	-0.094642	581000.000000
16.250000	-0.095240	581200.000000
16.354167	-0.094224	581400.000000
16.458333	-0.095203	581600.000000
16.562500	-0.095561	581800.000000
16.666667	-0.095726	582000.000000
16.770833	-0.095794	582200.000000
16.875000	-0.095656	582400.000000
16.979167	-0.095512	582600.000000
17.083333	-0.095301	582800.000000
17.187500	-0.095726	583000.000000
17.291667	-0.095504	583200.000000
17.395833	-0.095113	583400.000000
17.500000	-0.095624	583600.000000
17.604167	-0.095784	583800.000000
17.708333	-0.095379	584000.000000
17.812500	-0.095066	584200.000000
17.916667	-0.094754	584400.000000
18.020833	-0.094988	584600.000000
18.125000	-0.095789	584800.000000
18.229167	-0.095342	585000.000000
18.333333	-0.094010	585200.000000
18.437500	-0.094678	585400.000000
18.541667	-0.094871	585600.000000
18.645833	-0.094911	585800.000000
18.750000	-0.095268	586000.000000
18.854167	-0.094996	586200.000000
18.958333	-0.094746	586400.000000
19.062500	-0.094419	586600.000000
19.166667	-0.094619	586800.000000
19.270833	-0.094417	587000.000000
19.375000	-0.094682	587200.000000
19.479167	-0.094079	587400.000000
19.583333	-0.094735	587600.000000
19.687500	-0.094027	587800.000000
19.791667	-0.094188	588000.000000
19.895833	-0.094018	588200.000000
20.000000	-0.093800	588400.000000
20.104167	-0.093997	588600.000000
20.208333	-0.093657	588800.000000
20.312500	-0.093610	589000.000000
20.416667	-0.092801	589200.000000
20.520833	-0.093446	589400.000000
20.625000	-0.093494	589600.000000
20.729167	-0.092493	589800.000000
20.833333	-0.092552	590000.000000
20.937500	-0.091667	590200.000000
21.041667	-0.091982	590400.000000
21.145833	-0.092408	590600.000000
21.250000	-0.090938	590800.000000
21.354167	-0.091315	591000.000000
21.458333	-0.090951	591200.000000
21.562500	-0.089963	591400.000000
21.666667	-0.089335	591600.000000
21.770833	-0.089116	591800.000000
21.875000	-0.088961	592000.000000
21.979167	-0.088077	592200.000000
22.083333	-0.086285	592400.000000
22.187500	-0.086261	592600.000000
22.291667	-0.085302	592800.000000
22.395833	-0.084270	593000.000000
22.500000	-0.082546	593200.000000
22.604167	-0.081063	593400.000000
22.708333	-0.079135	593600.000000
22.812500	-0.076665	593800.000000
22.916667	-0.074768	594000.000000
23.020833	-0.072993	594200.000000
23.125000	-0.071611	594400.000000
23.229167	-0.068966	594600.000000
23.333333	-0.067357	594800.000000
23.437500	-0.065588	595000.000000
23.541667	-0.063976	595200.000000
23.645833	-0.064152	595400.000000
23.750000	-0.064749	595600.000000
23.854167	-0.066565	595800.000000
23.958333	-0.073516	596000.000000
24.062500	-0.090054	596200.000000
24.166667	-0.122257	596400.000000
24.270833	-0.178843	596600.000000
24.375000	-0.255556	596800.000000
24.479167	-0.332533	597000.000000
24.583333	-0.379704	597200.000000
24.687500	-0.372450	597400.000000
24.791667	-0.312734	597600.000000
24.895833	-0.227256	597800.000000
25.000000	-0.144227	598000.000000
25.104167	-0.081096	598200.000000
25.208333	-0.044191	598400.000000
25.312500	-0.028784	598600.000000
25.416667	-0.027630	598800.000000
25.520833	-0.034269	599000.000000
25.625000	-0.041616	599200.000000
25.729167	-0.047438	599400.000000
25.833333	-0.051952	599600.000000
25.937500	-0.053081	599800.000000
26.041667	-0.049336	600000.000000
26.145833	-0.041603	600200.000000
26.250000	-0.032021	600400.000000
26.354167	-0.028042	600600.000000
26.458333	-0.034638	600800.000000
26.562500	-0.049345	601000.000000
26.666667	-0.063458	601200.000000
26.770833	-0.071077	601400.000000
26.875000	-0.071499	601600.000000
26.979167	-0.068485	601800.000000
27.083333	-0.066520	602000.000000
27.187500	-0.065018	602200.000000
27.291667	-0.063940	602400.000000
27.395833	-0.066714	602600.000000
27.500000	-0.073295	602800.000000
27.604167	-0.080945	603000.000000
27.708333	-0.088112	603200.000000
27.812500	-0.091941	603400.000000
27.916667	-0.089094	603600.000000
28.020833	-0.084147	603800.000000
28.125000	-0.079665	604000.000000
28.229167	-0.079651	604200.000000
28.333333	-0.085361	604400.000000
28.437500	-0.093997	604600.000000
28.541667	-0.099913	604800.000000
28.645833	-0.097925	605000.000000
28.750000	-0.095343	605200.000000
28.854167	-0.093600	605400.000000
28.958333	-0.096020	605600.000000
29.062500	-0.100152	605800.000000
29.166667	-0.102250	606000.000000
29.270833	-0.103164	606200.000000
29.375000	-0.101783	606400.000000
29.479167	-0.099118	606600.000000
29.583333	-0.095515	606800.000000
29.687500	-0.092674	607000.000000
29.791667	-0.089907	607200.000000
29.895833	-0.087423	607400.000000
30.000000	-0.086065	607600.000000
30.104167	-0.088588	607800.000000
30.208333	-0.091216	608000.000000
30.312500	-0.094446	608200.000000
30.416667	-0.096749	608400.000000
30.520833	-0.099151	608600.000000
30.625000	-0.100310	608800.000000
30.729167	-0.099167	609000.000000
30.833333	-0.096071	609200.000000
30.937500	-0.093585	609400.000000
31.041667	-0.092770	609600.000000
31.145833	-0.094103	609800.000000
31.250000	-0.096220	610000.000000
31.354167	-0.097046	610200.000000
31.458333	-0.096240	610400.000000
31.562500	-0.095081	610600.000000
31.666667	-0.093731	610800.000000
31.770833	-0.091733	611000.000000
31.875000	-0.092562	611200.000000
31.979167	-0.095201	611400.000000
32.083333	-0.098624	611600.000000
32.187500	-0.100161	611800.000000
32.291667	-0.100557	612000.000000
32.395833	-0.102082	612200.000000
32.500000	-0.102441	612400.000000
32.604167	-0.101991	612600.000000
32.708333	-0.101699	612800.000000
32.812500	-0.100021	613000.000000
32.916667	-0.099454	613200.000000
33.020833	-0.099549	613400.000000
33.125000	-0.099637	613600.000000
33.229167	-0.100922	613800.000000
33.333333	-0.100299	614000.000000
33.437500	-0.098250	614200.000000
33.541667	-0.093878	614400.000000
33.645833	-0.089483	614600.000000
33.750000	-0.087462	614800.000000
33.854167	-0.087862	615000.000000
33.958333	-0.092744	615200.000000
34.062500	-0.098351	615400.000000
34.166667	-0.102996	615600.000000
34.270833	-0.104609	615800.000000
34.375000	-0.105215	616000.000000
34.479167	-0.103288	616200.000000
34.583333	-0.100081	616400.000000
34.687500	-0.097742	616600.000000
34.791667	-0.095853	616800.000000
34.895833	-0.095883	617000.000000
35.000000	-0.096509	617200.000000
35.104167	-0.095780	617400.000000
35.208333	-0.096056	617600.000000
35.312500	-0.095294	617800.000000
35.416667	-0.094428	618000.000000
35.520833	-0.093276	618200.000000
35.625000	-0.094580	618400.000000
35.729167	-0.095330	618600.000000
35.833333	-0.096740	618800.000000
35.937500	-0.099372	619000.000000
36.041667	-0.102845	619200.000000
36.145833	-0.105924	619400.000000
36.250000	-0.104472	619600.000000
36.354167	-0.102012	619800.000000
36.458333	-0.096684	620000.000000
36.562500	-0.092108	620200.000000
36.666667	-0.089426	620400.000000
36.770833	-0.091470	620600.000000
36.875000	-0.095285	620800.000000
36.979167	-0.099820	621000.000000
37.083333	-0.100551	621200.000000
37.187500	-0.097629	621400.000000
37.291667	-0.093608	621600.000000
37.395833	-0.090940	621800.000000
37.500000	-0.092573	622000.000000
37.604167	-0.096637	622200.000000
37.708333	-0.099333	622400.000000
37.812500	-0.101717	622600.000000
37.916667	-0.102373	622800.000000
38.020833	-0.101939	623000.000000
38.125000	-0.101641	623200.000000
38.229167	-0.099480	623400.000000
38.333333	-0.096547	623600.000000
38.437500	-0.095195	623800.000000
38.541667	-0.096619	624000.000000
38.645833	-0.099905	624200.000000
38.750000	-0.101799	624400.000000
38.854167	-0.099748	624600.000000
38.958333	-0.095780	624800.000000
39.062500	-0.091667	625000.000000
39.166667	-0.090461	625200.000000
39.270833	-0.091856	625400.000000
39.375000	-0.095298	625600.000000
39.479167	-0.099164	625800.000000
39.583333	-0.102408	626000.000000
39.687500	-0.105632	626200.000000
39.791667	-0.106886	626400.000000
39.895833	-0.104552	626600.000000
40.000000	-0.100972	626800.000000
40.104167	-0.094934	627000.000000
40.208333	-0.092620	627200.000000
40.312500	-0.094135	627400.000000
40.416667	-0.098971	627600.000000
40.520833	-0.101449	627800.000000
40.625000	-0.098959	628000.000000
40.729167	-0.093852	628200.000000
40.833333	-0.089108	628400.000000
40.937500	-0.088612	628600.000000
41.041667	-0.091594	628800.000000
41.145833	-0.096849	629000.000000
41.250000	-0.101448	629200.000000
41.354167	-0.104928	629400.000000
41.458333	-0.104046	629600.000000
41.562500	-0.101077	629800.000000
41.666667	-0.096131	630000.000000
41.770833	-0.092492	630200.000000
41.875000	-0.091504	630400.000000
41.979167	-0.093507	630600.000000
42.083333	-0.095332	630800.000000
42.187500	-0.097258	631000.000000
42.291667	-0.099529	631200.000000
42.395833	-0.099041	631400.000000
42.500000	-0.096695	631600.000000
42.604167	-0.093440	631800.000000
42.708333	-0.089636	632000.000000
42.812500	-0.089776	632200.000000
42.916667	-0.091910	632400.000000
43.020833	-0.095263	632600.000000
43.125000	-0.097216	632800.000000
43.229167	-0.098185	633000.000000
43.333333	-0.097580	633200.000000
43.437500	-0.097584	633400.000000
43.541667	-0.095535	633600.000000
43.645833	-0.093606	633800.000000
43.750000	-0.092589	634000.000000
43.854167	-0.093710	634200.000000
43.958333	-0.095918	634400.000000
44.062500	-0.096707	634600.000000
44.166667	-0.095150	634800.000000
44.270833	-0.090570	635000.000000
44.375000	-0.087184	635200.000000
44.479167	-0.087148	635400.000000
44.583333	-0.088199	635600.000000
44.687500	-0.091386	635800.000000
44.791667	-0.094399	636000.000000
44.895833	-0.096033	636200.000000
45.000000	-0.096547	636400.000000
45.104167	-0.098118	636600.000000
45.208333	-0.096633	636800.000000
45.312500	-0.096163	637000.000000
45.416667	-0.095980	637200.000000
45.520833	-0.095651	637400.000000
45.625000	-0.094553	637600.000000
45.729167	-0.093344	637800.000000
45.833333	-0.091329	638000.000000
45.937500	-0.089924	638200.000000
46.041667	-0.090169	638400.000000
46.145833	-0.092455	638600.000000
46.250000	-0.093761	638800.000000
46.354167	-0.094470	639000.000000
46.458333	-0.095010	639200.000000
46.562500	-0.095417	639400.000000
46.666667	-0.096714	639600.000000
46.770833	-0.096446	639800.000000
46.875000	-0.096699	640000.000000
46.979167	-0.096356	640200.000000
47.083333	-0.094446	640400.000000
47.187500	-0.094492	640600.000000
47.291667	-0.095356	640800.000000
47.395833	-0.094720	641000.000000
47.500000	-0.095147	641200.000000
47.604167	-0.094677	641400.000000
47.708333	-0.093694	641600.000000
47.812500	-0.092086	641800.000000
47.916667	-0.092503	642000.000000
48.020833	-0.093100	642200.000000
48.125000	-0.094058	642400.000000
48.229167	-0.095572	642600.000000
48.333333	-0.094277	642800.000000
48.437500	-0.094611	643000.000000
48.541667	-0.094876	643200.000000
48.645833	-0.095769	643400.000000
48.750000	-0.096835	643600.000000
48.854167	-0.097342	643800.000000
48.958333	-0.098927	644000.000000
49.062500	-0.099042	644200.000000
49.166667	-0.098428	644400.000000
49.270833	-0.096112	644600.000000
49.375000	-0.093213	644800.000000
49.479167	-0.091136	645000.000000
49.583333	-0.089807	645200.000000
49.687500	-0.090813	645400.000000
49.791667	-0.093806	645600.000000
49.895833	-0.095064	645800.000000
50.000000	-0.093705	646000.000000
50.104167	-0.092748	646200.000000
50.208333	-0.093837	646400.000000
50.312500	-0.095854	646600.000000
50.416667	-0.099472	646800.000000
50.520833	-0.100208	647000.000000
50.625000	-0.099463	647200.000000
50.729167	-0.099941	647400.000000
50.833333	-0.098644	647600.000000
50.937500	-0.096632	647800.000000
51.041667	-0.094804	648000.000000
51.145833	-0.093312	648200.000000
51.250000	-0.092369	648400.000000
51.354167	-0.092641	648600.000000
51.458333	-0.094470	648800.000000
51.562500	-0.097589	649000.000000
51.666667	-0.097829	649200.000000
51.770833	-0.098169	649400.000000
51.875000	-0.096765	649600.000000
51.979167	-0.095502	649800.000000
52.083333	-0.096204	650000.000000
52.187500	-0.097068	650200.000000
52.291667	-0.098624	650400.000000
52.395833	-0.100513	650600.000000
52.500000	-0.101380	650800.000000
52.604167	-0.101106	651000.000000
52.708333	-0.099080	651200.000000
52.812500	-0.096089	651400.000000
52.916667	-0.095008	651600.000000
53.020833	-0.095161	651800.000000
53.125000	-0.096948	652000.000000
53.229167	-0.098576	652200.000000
53.333333	-0.100443	652400.000000
53.437500	-0.099333	652600.000000
53.541667	-0.098559	652800.000000
53.645833	-0.096579	653000.000000
53.750000	-0.095047	653200.000000
53.854167	-0.095949	653400.000000
53.958333	-0.097309	653600.000000
54.062500	-0.099572	653800.000000
54.166667	-0.101399	654000.000000
54.270833	-0.102716	654200.000000
54.375000	-0.101279	654400.000000
54.479167	-0.099883	654600.000000
54.583333	-0.098312	654800.000000
54.687500	-0.096737	655000.000000
54.791667	-0.096379	655200.000000
54.895833	-0.094875	655400.000000
55.000000	-0.093960	655600.000000
55.104167	-0.093800	655800.000000
55.208333	-0.094118	656000.000000
55.312500	-0.094864	656200.000000
55.416667	-0.095920	656400.000000
55.520833	-0.096396	656600.000000
55.625000	-0.096382	656800.000000
55.729167	-0.096717	657000.000000
55.833333	-0.098306	657200.000000
55.937500	-0.099461	657400.000000
56.041667	-0.098646	657600.000000
56.145833	-0.098716	657800.000000
56.250000	-0.097493	658000.000000
56.354167	-0.096210	658200.000000
56.458333	-0.094516	658400.000000
56.562500	-0.094503	658600.000000
56.666667	-0.094585	658800.000000
56.770833	-0.094666	659000.000000
56.875000	-0.094605	659200.000000
56.979167	-0.094958	659400.000000
57.083333	-0.095024	659600.000000
57.187500	-0.095238	659800.000000
57.291667	-0.095611	660000.000000
57.395833	-0.096720	660200.000000
57.500000	-0.097673	660400.000000
57.604167	-0.097338	660600.000000
57.708333	-0.095986	660800.000000
57.812500	-0.094789	661000.000000
57.916667	-0.094786	661200.000000
58.020833	-0.095643	661400.000000
58.125000	-0.096894	661600.000000
58.229167	-0.096377	661800.000000
58.333333	-0.095358	662000.000000
58.437500	-0.094364	662200.000000
58.541667	-0.094435	662400.000000
58.645833	-0.094475	662600.000000
58.750000	-0.094943	662800.000000
58.854167	-0.094915	663000.000000
58.958333	-0.095133	663200.000000
59.062500	-0.095163	663400.000000
59.166667	-0.094921	663600.000000
59.270833	-0.095519	663800.000000
59.375000	-0.096585	664000.000000
59.479167	-0.096698	664200.000000
59.583333	-0.098416	664400.000000
59.687500	-0.099138	664600.000000
59.791667	-0.099360	664800.000000
59.895833	-0.098724	665000.000000
60.000000	-0.097333	665200.000000
60.104167	-0.094213	665400.000000
60.208333	-0.093113	665600.000000
60.312500	-0.092223	665800.000000
60.416667	-0.093027	666000.000000
60.520833	-0.094306	666200.000000
60.625000	-0.094718	666400.000000
60.729167	-0.095306	666600.000000
60.833333	-0.094852	666800.000000
60.937500	-0.095066	667000.000000
61.041667	-0.095991	667200.000000
61.145833	-0.098019	667400.000000
61.250000	-0.098000	667600.000000
61.354167	-0.097941	667800.000000
61.458333	-0.097361	668000.000000
61.562500	-0.097750	668200.000000
61.666667	-0.097765	668400.000000
61.770833	-0.096973	668600.000000
61.875000	-0.095356	668800.000000
61.979167	-0.093919	669000.000000
62.083333	-0.093737	669200.000000
62.187500	-0.094399	669400.000000
62.291667	-0.096513	669600.000000
62.395833	-0.097719	669800.000000
62.500000	-0.098455	670000.000000
62.604167	-0.097847	670200.000000
62.708333	-0.097595	670400.000000
62.812500	-0.097718	670600.000000
62.916667	-0.097163	670800.000000
63.020833	-0.096980	671000.000000
63.125000	-0.097842	671200.000000
63.229167	-0.097728	671400.000000
63.333333	-0.097471	671600.000000
63.437500	-0.098470	671800.000000
63.541667	-0.098246	672000.000000
63.645833	-0.098728	672200.000000
63.750000	-0.097472	672400.000000
63.854167	-0.097143	672600.000000
63.958333	-0.097207	672800.000000
64.062500	-0.095309	673000.000000
64.166667	-0.094922	673200.000000
64.270833	-0.095517	673400.000000
64.375000	-0.096125	673600.000000
64.479167	-0.097213	673800.000000
64.583333	-0.097974	674000.000000
64.687500	-0.097588	674200.000000
64.791667	-0.097977	674400.000000
64.895833	-0.097695	674600.000000
65.000000	-0.097831	674800.000000
65.104167	-0.097560	675000.000000
65.208333	-0.097245	675200.000000
65.312500	-0.098544	675400.000000
65.416667	-0.097877	675600.000000
65.520833	-0.097746	675800.000000
65.625000	-0.095646	676000.000000
65.729167	-0.094464	676200.000000
65.833333	-0.094636	676400.000000
65.937500	-0.095353	676600.000000
66.041667	-0.097111	676800.000000
66.145833	-0.098212	677000.000000
66.250000	-0.099469	677200.000000
66.354167	-0.099114	677400.000000
66.458333	-0.099309	677600.000000
66.562500	-0.099701	677800.000000
66.666667	-0.098434	678000.000000
66.770833	-0.097157	678200.000000
66.875000	-0.096335	678400.000000
66.979167	-0.096360	678600.000000
67.083333	-0.096662	678800.000000
67.187500	-0.097320	679000.000000
67.291667	-0.096224	679200.000000
67.395833	-0.095352	679400.000000
67.500000	-0.094769	679600.000000
67.604167	-0.094173	679800.000000
67.708333	-0.094174	680000.000000
67.812500	-0.094655	680200.000000
67.916667	-0.095973	680400.000000
68.020833	-0.097118	680600.000000
68.125000	-0.097070	680800.000000
68.229167	-0.095183	681000.000000
68.333333	-0.094771	681200.000000
68.437500	-0.094503	681400.000000
68.541667	-0.094996	681600.000000
68.645833	-0.097057	681800.000000
68.750000	-0.097596	682000.000000
68.854167	-0.099645	682200.000000
68.958333	-0.099050	682400.000000
69.062500	-0.097386	682600.000000
69.166667	-0.094262	682800.000000
69.270833	-0.093900	683000.000000
69.375000	-0.093863	683200.000000
69.479167	-0.095226	683400.000000
69.583333	-0.096402	683600.000000
69.687500	-0.098002	683800.000000
69.791667	-0.098286	684000.000000
69.895833	-0.097203	684200.000000
70.000000	-0.096001	684400.000000
70.104167	-0.095564	684600.000000
70.208333	-0.096657	684800.000000
70.312500	-0.098330	685000.000000
70.416667	-0.099687	685200.000000
70.520833	-0.100719	685400.000000
70.625000	-0.099785	685600.000000
70.729167	-0.098396	685800.000000
70.833333	-0.096913	686000.000000
70.937500	-0.096087	686200.000000
71.041667	-0.095624	686400.000000
71.145833	-0.095151	686600.000000
71.250000	-0.096373	686800.000000
71.354167	-0.097570	687000.000000
71.458333	-0.098925	687200.000000
71.562500	-0.100573	687400.000000
71.666667	-0.100707	687600.000000
71.770833	-0.101058	687800.000000
71.875000	-0.100505	688000.000000
71.979167	-0.100052	688200.000000
72.083333	-0.100596	688400.000000
72.187500	-0.101343	688600.000000
72.291667	-0.100908	688800.000000
72.395833	-0.099216	689000.000000
72.500000	-0.099407	689200.000000
72.604167	-0.099220	689400.000000
72.708333	-0.097914	689600.000000
72.812500	-0.097557	689800.000000
72.916667	-0.097145	690000.000000
73.020833	-0.096479	690200.000000
73.125000	-0.095922	690400.000000
73.229167	-0.095194	690600.000000
73.333333	-0.094823	690800.000000
73.437500	-0.095105	691000.000000
73.541667	-0.094573	691200.000000
73.645833	-0.094802	691400.000000
73.750000	-0.094271	691600.000000
73.854167	-0.093560	691800.000000
73.958333	-0.093278	692000.000000
74.062500	-0.092263	692200.000000
74.166667	-0.091760	692400.000000
74.270833	-0.092185	692600.000000
74.375000	-0.092867	692800.000000
74.479167	-0.093397	693000.000000
74.583333	-0.093314	693200.000000
74.687500	-0.093134	693400.000000
74.791667	-0.092320	693600.000000
74.895833	-0.092019	693800.000000
75.000000	-0.092150	694000.000000
75.104167	-0.093503	694200.000000
75.208333	-0.094587	694400.000000
75.312500	-0.095941	694600.000000
75.416667	-0.096470	694800.000000
75.520833	-0.097743	695000.000000
75.625000	-0.098748	695200.000000
75.729167	-0.097632	695400.000000
75.833333	-0.097857	695600.000000
75.937500	-0.097558	695800.000000
76.041667	-0.097113	696000.000000
76.145833	-0.097586	696200.000000
76.250000	-0.096813	696400.000000
76.354167	-0.095999	696600.000000
76.458333	-0.095249	696800.000000
76.562500	-0.094801	697000.000000
76.666667	-0.094884	697200.000000
76.770833	-0.095221	697400.000000
76.875000	-0.096239	697600.000000
76.979167	-0.096906	697800.000000
77.083333	-0.097378	698000.000000
77.187500	-0.097433	698200.000000
77.291667	-0.096775	698400.000000
77.395833	-0.096140	698600.000000
77.500000	-0.096467	698800.000000
77.604167	-0.095939	699000.000000
77.708333	-0.095635	699200.000000
77.812500	-0.097856	699400.000000
77.916667	-0.097516	699600.000000
78.020833	-0.098114	699800.000000
78.125000	-0.098024	700000.000000
78.229167	-0.095193	700200.000000
78.333333	-0.094230	700400.000000
78.437500	-0.095309	700600.000000
78.541667	-0.096492	700800.000000
78.645833	-0.096290	701000.000000
78.750000	-0.097504	701200.000000
78.854167	-0.097937	701400.000000
78.958333	-0.097096	701600.000000
79.062500	-0.096172	701800.000000
79.166667	-0.095959	702000.000000
79.270833	-0.096713	702200.000000
79.375000	-0.097246	702400.000000
79.479167	-0.097936	702600.000000
79.583333	-0.098511	702800.000000
79.687500	-0.099399	703000.000000
79.791667	-0.099767	703200.000000
79.895833	-0.097255	703400.000000
80.000000	-0.095592	703600.000000
80.104167	-0.094976	703800.000000
80.208333	-0.094306	704000.000000
80.312500	-0.095144	704200.000000
80.416667	-0.095731	704400.000000
80.520833	-0.097131	704600.000000
80.625000	-0.098199	704800.000000
80.729167	-0.099089	705000.000000
80.833333	-0.098487	705200.000000
80.937500	-0.098883	705400.000000
81.041667	-0.099145	705600.000000
81.145833	-0.098558	705800.000000
81.250000	-0.097499	706000.000000
81.354167	-0.096688	706200.000000
81.458333	-0.096528	706400.000000
81.562500	-0.096565	706600.000000
81.666667	-0.096833	706800.000000
81.770833	-0.096188	707000.000000
81.875000	-0.094722	707200.000000
81.979167	-0.094825	707400.000000
82.083333	-0.094039	707600.000000
82.187500	-0.094952	707800.000000
82.291667	-0.095463	708000.000000
82.395833	-0.095649	708200.000000
82.500000	-0.096155	708400.000000
82.604167	-0.096077	708600.000000
82.708333	-0.095888	708800.000000
82.812500	-0.095735	709000.000000
82.916667	-0.095412	709200.000000
83.020833	-0.094330	709400.000000
83.125000	-0.094538	709600.000000
83.229167	-0.094637	709800.000000
83.333333	-0.095214	710000.000000
83.437500	-0.095378	710200.000000
83.541667	-0.095167	710400.000000
83.645833	-0.095150	710600.000000
83.750000	-0.095717	710800.000000
83.854167	-0.095040	711000.000000
83.958333	-0.095245	711200.000000
84.062500	-0.095085	711400.000000
84.166667	-0.096397	711600.000000
84.270833	-0.096947	711800.000000
84.375000	-0.096563	712000.000000
84.479167	-0.096667	712200.000000
84.583333	-0.097677	712400.000000
84.687500	-0.097749	712600.000000
84.791667	-0.097953	712800.000000
84.895833	-0.098259	713000.000000
85.000000	-0.099403	713200.000000
85.104167	-0.099397	713400.000000
85.208333	-0.099540	713600.000000
85.312500	-0.098800	713800.000000
85.416667	-0.098307	714000.000000
85.520833	-0.097475	714200.000000
85.625000	-0.097733	714400.000000
85.729167	-0.097815	714600.000000
85.833333	-0.098506	714800.000000
85.937500	-0.100222	715000.000000
86.041667	-0.100632	715200.000000
86.145833	-0.100066	715400.000000
86.250000	-0.100535	715600.000000
86.354167	-0.099975	715800.000000
86.458333	-0.099460	716000.000000
86.562500	-0.099605	716200.000000
86.666667	-0.099503	716400.000000
86.770833	-0.099926	716600.000000
86.875000	-0.099729	716800.000000
86.979167	-0.099156	717000.000000
87.083333	-0.098277	717200.000000
87.187500	-0.097803	717400.000000
87.291667	-0.097355	717600.000000
87.395833	-0.097132	717800.000000
87.500000	-0.098185	718000.000000
87.604167	-0.098500	718200.000000
87.708333	-0.098890	718400.000000
87.812500	-0.099107	718600.000000
87.916667	-0.099696	718800.000000
88.020833	-0.098426	719000.000000
88.125000	-0.098301	719200.000000
88.229167	-0.096751	719400.000000
88.333333	-0.097858	719600.000000
88.437500	-0.098060	719800.000000
88.541667	-0.098081	720000.000000
88.645833	-0.097643	720200.000000
88.750000	-0.097164	720400.000000
88.854167	-0.098033	720600.000000
88.958333	-0.097173	720800.000000
89.062500	-0.097094	721000.000000
89.166667	-0.096763	721200.000000
89.270833	-0.097345	721400.000000
89.375000	-0.096647	721600.000000
89.479167	-0.096196	721800.000000
89.583333	-0.097186	722000.000000
89.687500	-0.097379	722200.000000
89.791667	-0.097680	722400.000000
89.895833	-0.097955	722600.000000
90.000000	-0.098803	722800.000000
90.104167	-0.098563	723000.000000
90.208333	-0.097691	723200.000000
90.312500	-0.097758	723400.000000
90.416667	-0.098238	723600.000000
90.520833	-0.097780	723800.000000
90.625000	-0.097532	724000.000000
90.729167	-0.096367	724200.000000
90.833333	-0.096380	724400.000000
90.937500	-0.096040	724600.000000
91.041667	-0.096194	724800.000000
91.145833	-0.095928	725000.000000
91.250000	-0.095653	725200.000000
91.354167	-0.096388	725400.000000
91.458333	-0.096443	725600.000000
91.562500	-0.097921	725800.000000
91.666667	-0.099033	726000.000000
91.770833	-0.099422	726200.000000
91.875000	-0.098751	726400.000000
91.979167	-0.099232	726600.000000
92.083333	-0.098997	726800.000000
92.187500	-0.098249	727000.000000
92.291667	-0.097836	727200.000000
92.395833	-0.097287	727400.000000
92.500000	-0.097376	727600.000000
92.604167	-0.096749	727800.000000
92.708333	-0.097861	728000.000000
92.812500	-0.097198	728200.000000
92.916667	-0.097799	728400.000000
93.020833	-0.097247	728600.000000
93.125000	-0.098354	728800.000000
93.229167	-0.097463	729000.000000
93.333333	-0.098052	729200.000000
93.437500	-0.098138	729400.000000
93.541667	-0.097772	729600.000000
93.645833	-0.098622	729800.000000
93.750000	-0.097729	730000.000000
93.854167	-0.097739	730200.000000
93.958333	-0.098281	730400.000000
94.062500	-0.097691	730600.000000
94.166667	-0.098260	730800.000000
94.270833	-0.098861	731000.000000
94.375000	-0.098224	731200.000000
94.479167	-0.097896	731400.000000
94.583333	-0.097498	731600.000000
94.687500	-0.097509	731800.000000
94.791667	-0.098196	732000.000000
94.895833	-0.098186	732200.000000
95.000000	-0.097755	732400.000000
95.104167	-0.098469	732600.000000
95.208333	-0.098657	732800.000000
95.312500	-0.097359	733000.000000
95.416667	-0.097168	733200.000000
95.520833	-0.097807	733400.000000
95.625000	-0.097620	733600.000000
95.729167	-0.096070	733800.000000
95.833333	-0.095876	734000.000000
95.937500	-0.095815	734200.000000
96.041667	-0.094655	734400.000000
96.145833	-0.095177	734600.000000
96.250000	-0.094944	734800.000000
96.354167	-0.094441	735000.000000
96.458333	-0.094173	735200.000000
96.562500	-0.093786	735400.000000
96.666667	-0.095129	735600.000000
96.770833	-0.096547	735800.000000
96.875000	-0.097492	736000.000000
96.979167	-0.097769	736200.000000
97.083333	-0.098666	736400.000000
97.187500	-0.098195	736600.000000
97.291667	-0.097006	736800.000000
97.395833	-0.097549	737000.000000
97.500000	-0.096546	737200.000000
97.604167	-0.096443	737400.000000
97.708333	-0.097424	737600.000000
97.812500	-0.097193	737800.000000
97.916667	-0.097070	738000.000000
98.020833	-0.097387	738200.000000
98.125000	-0.097944	738400.000000
98.229167	-0.097332	738600.000000
98.333333	-0.097739	738800.000000
98.437500	-0.098513	739000.000000
98.541667	-0.099206	739200.000000
98.645833	-0.099807	739400.000000
98.750000	-0.099153	739600.000000
98.854167	-0.098936	739800.000000
98.958333	-0.098886	740000.000000
99.062500	-0.099139	740200.000000
99.166667	-0.099161	740400.000000
99.270833	-0.099797	740600.000000
99.375000	-0.098867	740800.000000
99.479167	-0.098559	741000.000000
99.583333	-0.098531	741200.000000
99.687500	-0.098458	741400.000000
99.791667	-0.098421	741600.000000
99.895833	-0.097679	741800.000000
100.000000	-0.096426	742000.000000
100.104167	-0.096548	742200.000000
100.208333	-0.095842	742400.000000
100.312500	-0.097012	742600.000000
100.416667	-0.098028	742800.000000
100.520833	-0.098288	743000.000000
100.625000	-0.098935	743200.000000
100.729167	-0.098857	743400.000000
100.833333	-0.098792	743600.000000
100.937500	-0.099012	743800.000000
101.041667	-0.099319	744000.000000
101.145833	-0.099256	744200.000000
101.250000	-0.098864	744400.000000
101.354167	-0.098770	744600.000000
101.458333	-0.098022	744800.000000
101.562500	-0.097474	745000.000000
101.666667	-0.096766	745200.000000
101.770833	-0.096664	745400.000000
101.875000	-0.097587	745600.000000
101.979167	-0.098354	745800.000000
102.083333	-0.098408	746000.000000
102.187500	-0.098850	746200.000000
102.291667	-0.098743	746400.000000
102.395833	-0.098239	746600.000000
102.500000	-0.097298	746800.000000
102.604167	-0.096755	747000.000000
102.708333	-0.097704	747200.000000
102.812500	-0.097745	747400.000000
102.916667	-0.097292	747600.000000
103.020833	-0.098428	747800.000000
103.125000	-0.097501	748000.000000
103.229167	-0.096790	748200.000000
103.333333	-0.097418	748400.000000
103.437500	-0.096809	748600.000000
103.541667	-0.096883	748800.000000
103.645833	-0.096970	749000.000000
103.750000	-0.098166	749200.000000
103.854167	-0.098123	749400.000000
103.958333	-0.098146	749600.000000
104.062500	-0.097856	749800.000000
104.166667	-0.098181	750000.000000
104.270833	-0.098020	750200.000000
104.375000	-0.097735	750400.000000
104.479167	-0.097964	750600.000000
104.583333	-0.098120	750800.000000
104.687500	-0.098609	751000.000000
104.791667	-0.098530	751200.000000
104.895833	-0.098046	751400.000000
105.000000	-0.099414	751600.000000
105.104167	-0.097228	751800.000000
105.208333	-0.097973	752000.000000
105.312500	-0.097185	752200.000000
105.416667	-0.097315	752400.000000
105.520833	-0.097420	752600.000000
105.625000	-0.097423	752800.000000
105.729167	-0.096886	753000.000000
105.833333	-0.097836	753200.000000
105.937500	-0.098128	753400.000000
106.041667	-0.097950	753600.000000
106.145833	-0.097991	753800.000000
106.250000	-0.098307	754000.000000
106.354167	-0.097094	754200.000000
106.458333	-0.097923	754400.000000
106.562500	-0.097698	754600.000000
106.666667	-0.096796	754800.000000
106.770833	-0.096560	755000.000000
106.875000	-0.097201	755200.000000
106.979167	-0.097083	755400.000000
107.083333	-0.097058	755600.000000
107.187500	-0.097287	755800.000000
107.291667	-0.097445	756000.000000
107.395833	-0.096620	756200.000000
107.500000	-0.097381	756400.000000
107.604167	-0.097255	756600.000000
107.708333	-0.097552	756800.000000
107.812500	-0.098146	757000.000000
107.916667	-0.096902	757200.000000
108.020833	-0.096335	757400.000000
108.125000	-0.096271	757600.000000
108.229167	-0.096292	757800.000000
108.333333	-0.095621	758000.000000
108.437500	-0.096780	758200.000000
108.541667	-0.095455	758400.000000
108.645833	-0.095888	758600.000000
108.750000	-0.096376	758800.000000
108.854167	-0.096249	759000.000000
108.958333	-0.096184	759200.000000
109.062500	-0.096053	759400.000000
109.166667	-0.095999	759600.000000
109.270833	-0.097140	759800.000000
109.375000	-0.096602	760000.000000
109.479167	-0.096195	760200.000000
109.583333	-0.096537	760400.000000
109.687500	-0.096013	760600.000000
109.791667	-0.096462	760800.000000
109.895833	-0.097009	761000.000000
110.000000	-0.097357	761200.000000
110.104167	-0.097966	761400.000000
110.208333	-0.098362	761600.000000
110.312500	-0.098568	761800.000000
110.416667	-0.097997	762000.000000
110.520833	-0.096296	762200.000000
110.625000	-0.096316	762400.000000
110.729167	-0.095254	762600.000000
110.833333	-0.095728	762800.000000
110.937500	-0.096381	763000.000000
111.041667	-0.097209	763200.000000
111.145833	-0.097478	763400.000000
111.250000	-0.097537	763600.000000
111.354167	-0.097503	763800.000000
111.458333	-0.097440	764000.000000
111.562500	-0.097721	764200.000000
111.666667	-0.097946	764400.000000
111.770833	-0.098783	764600.000000
111.875000	-0.099644	764800.000000
111.979167	-0.099850	765000.000000
112.083333	-0.100966	765200.000000
112.187500	-0.101961	765400.000000
112.291667	-0.103042	765600.000000
112.395833	-0.103292	765800.000000
112.500000	-0.104400	766000.000000
112.604167	-0.104860	766200.000000
112.708333	-0.103849	766400.000000
112.812500	-0.102874	766600.000000
112.916667	-0.101514	766800.000000
113.020833	-0.098673	767000.000000
113.125000	-0.096838	767200.000000
113.229167	-0.095710	767400.000000
113.333333	-0.093991	767600.000000
113.437500	-0.092784	767800.000000
113.541667	-0.091769	768000.000000
113.645833	-0.090804	768200.000000
113.750000	-0.090725	768400.000000
113.854167	-0.091308	768600.000000
113.958333	-0.092519	768800.000000
114.062500	-0.094694	769000.000000
114.166667	-0.096272	769200.000000
114.270833	-0.097325	769400.000000
114.375000	-0.097957	769600.000000
114.479167	-0.098244	769800.000000
114.583333	-0.098493	770000.000000
114.687500	-0.098529	770200.000000
114.791667	-0.098468	770400.000000
114.895833	-0.099165	770600.000000
115.000000	-0.100036	770800.000000
115.104167	-0.099799	771000.000000
115.208333	-0.099733	771200.000000
115.312500	-0.100740	771400.000000
115.416667	-0.100919	771600.000000
115.520833	-0.100937	771800.000000
115.625000	-0.100997	772000.000000
115.729167	-0.099898	772200.000000
115.833333	-0.100134	772400.000000
115.937500	-0.100043	772600.000000
116.041667	-0.100040	772800.000000
116.145833	-0.099587	773000.000000
116.250000	-0.100570	773200.000000
116.354167	-0.100027	773400.000000
116.458333	-0.099980	773600.000000
116.562500	-0.099982	773800.000000
116.666667	-0.101046	774000.000000
116.770833	-0.100452	774200.000000
116.875000	-0.100371	774400.000000
116.979167	-0.100051	774600.000000
117.083333	-0.099760	774800.000000
117.187500	-0.099354	775000.000000
117.291667	-0.099228	775200.000000
117.395833	-0.099009	775400.000000
117.500000	-0.098268	775600.000000
117.604167	-0.097448	775800.000000
117.708333	-0.097543	776000.000000
117.812500	-0.098163	776200.000000
117.916667	-0.097859	776400.000000
118.020833	-0.098102	776600.000000
118.125000	-0.098721	776800.000000
118.229167	-0.099399	777000.000000
118.333333	-0.100399	777200.000000
118.437500	-0.100829	777400.000000
118.541667	-0.101089	777600.000000
118.645833	-0.100112	777800.000000
118.750000	-0.099992	778000.000000
118.854167	-0.099690	778200.000000
118.958333	-0.100266	778400.000000
119.062500	-0.101190	778600.000000
119.166667	-0.101112	778800.000000
119.270833	-0.100819	779000.000000
119.375000	-0.100133	779200.000000
119.479167	-0.099558	779400.000000
119.583333	-0.098022	779600.000000
119.687500	-0.097593	779800.000000
119.791667	-0.097632	780000.000000
119.895833	-0.097658	780200.000000
120.000000	-0.098202	780400.000000
120.104167	-0.097592	780600.000000
120.208333	-0.098258	780800.000000
120.312500	-0.098076	781000.000000
120.416667	-0.098380	781200.000000
120.520833	-0.097989	781400.000000
120.625000	-0.098435	781600.000000
120.729167	-0.097723	781800.000000
120.833333	-0.097514	782000.000000
120.937500	-0.098122	782200.000000
121.041667	-0.098573	782400.000000
121.145833	-0.097706	782600.000000
121.250000	-0.097355	782800.000000
121.354167	-0.097288	783000.000000
121.458333	-0.095818	783200.000000
121.562500	-0.096169	783400.000000
121.666667	-0.096537	783600.000000
121.770833	-0.096238	783800.000000
121.875000	-0.096692	784000.000000
121.979167	-0.097728	784200.000000
122.083333	-0.096649	784400.000000
122.187500	-0.097296	784600.000000
122.291667	-0.096851	784800.000000
122.395833	-0.096754	785000.000000
122.500000	-0.096525	785200.000000
122.604167	-0.096063	785400.000000
122.708333	-0.096340	785600.000000
122.812500	-0.096072	785800.000000
122.916667	-0.095737	786000.000000
123.020833	-0.096446	786200.000000
123.125000	-0.095627	786400.000000
123.229167	-0.095565	786600.000000
123.333333	-0.096638	786800.000000
123.437500	-0.096395	787000.000000
123.541667	-0.095887	787200.000000
123.645833	-0.096341	787400.000000
123.750000	-0.097127	787600.000000
123.854167	-0.097385	787800.000000
123.958333	-0.096823	788000.000000
124.062500	-0.097944	788200.000000
124.166667	-0.098057	788400.000000
124.270833	-0.097656	788600.000000
124.375000	-0.097764	788800.000000
124.479167	-0.097466	789000.000000
124.583333	-0.097907	789200.000000
124.687500	-0.097319	789400.000000
124.791667	-0.097782	789600.000000
124.895833	-0.097994	789800.000000
125.000000	-0.098282	790000.000000
125.104167	-0.098055	790200.000000
125.208333	-0.097994	790400.000000
125.312500	-0.098596	790600.000000
125.416667	-0.098408	790800.000000
125.520833	-0.098725	791000.000000
125.625000	-0.099465	791200.000000
125.729167	-0.099471	791400.000000
125.833333	-0.098590	791600.000000
125.937500	-0.098892	791800.000000
126.041667	-0.098721	792000.000000
126.145833	-0.098213	792200.000000
126.250000	-0.098950	792400.000000
126.354167	-0.099378	792600.000000
126.458333	-0.098315	792800.000000
126.562500	-0.097701	793000.000000
126.666667	-0.097825	793200.000000
126.770833	-0.098223	793400.000000
126.875000	-0.096666	793600.000000
126.979167	-0.097811	793800.000000
127.083333	-0.096815	794000.000000
127.187500	-0.096978	794200.000000
127.291667	-0.097855	794400.000000
127.395833	-0.097537	794600.000000
127.500000	-0.098517	794800.000000
127.604167	-0.098733	795000.000000
127.708333	-0.098530	795200.000000
127.812500	-0.098914	795400.000000
127.916667	-0.098450	795600.000000
128.020833	-0.098045	795800.000000
128.125000	-0.098736	796000.000000
128.229167	-0.099092	796200.000000
128.333333	-0.098942	796400.000000
128.437500	-0.098715	796600.000000
128.541667	-0.099748	796800.000000
128.645833	-0.099069	797000.000000
128.750000	-0.096568	797200.000000
128.854167	-0.097552	797400.000000
128.958333	-0.097562	797600.000000
129.062500	-0.097521	797800.000000
129.166667	-0.099241	798000.000000
129.270833	-0.098866	798200.000000
129.375000	-0.098266	798400.000000
129.479167	-0.098663	798600.000000
129.583333	-0.098156	798800.000000
129.687500	-0.097440	799000.000000
129.791667	-0.097884	799200.000000
129.895833	-0.098268	799400.000000
130.000000	-0.098448	799600.000000
130.104167	-0.099071	799800.000000
130.208333	-0.099161	800000.000000
