0.000000	-0.094672	550000.000000
0.104167	-0.093504	550200.000000
0.208333	-0.093773	550400.000000
0.312500	-0.094292	550600.000000
0.416667	-0.094365	550800.000000
0.520833	-0.093920	551000.000000
0.625000	-0.094296	551200.000000
0.729167	-0.093269	551400.000000
0.833333	-0.093595	551600.000000
0.937500	-0.094118	551800.000000
1.041667	-0.094483	552000.000000
1.145833	-0.094115	552200.000000
1.250000	-0.093182	552400.000000
1.354167	-0.093177	552600.000000
1.458333	-0.093760	552800.000000
1.562500	-0.094009	553000.000000
1.666667	-0.093297	553200.000000
1.770833	-0.094194	553400.000000
1.875000	-0.094231	553600.000000
1.979167	-0.093686	553800.000000
2.083333	-0.094181	554000.000000
2.187500	-0.094397	554200.000000
2.291667	-0.093616	554400.000000
2.395833	-0.093935	554600.000000
2.500000	-0.094164	554800.000000
2.604167	-0.093923	555000.000000
2.708333	-0.094413	555200.000000
2.812500	-0.094492	555400.000000
2.916667	-0.094719	555600.000000
3.020833	-0.094802	555800.000000
3.125000	-0.094810	556000.000000
3.229167	-0.094377	556200.000000
3.333333	-0.094209	556400.000000
3.437500	-0.094824	556600.000000
3.541667	-0.093989	556800.000000
3.645833	-0.093900	557000.000000
3.750000	-0.093841	557200.000000
3.854167	-0.094436	557400.000000
3.958333	-0.093960	557600.000000
4.062500	-0.093739	557800.000000
4.166667	-0.094646	558000.000000
4.270833	-0.094323	558200.000000
4.375000	-0.094196	558400.000000
4.479167	-0.094030	558600.000000
4.583333	-0.093896	558800.000000
4.687500	-0.094850	559000.000000
4.791667	-0.094734	559200.000000
4.895833	-0.094507	559400.000000
5.000000	-0.094445	559600.000000
5.104167	-0.094625	559800.000000
5.208333	-0.094303	560000.000000
5.312500	-0.094704	560200.000000
5.416667	-0.094146	560400.000000
5.520833	-0.093733	560600.000000
5.625000	-0.094766	560800.000000
5.729167	-0.094573	561000.000000
5.833333	-0.094565	561200.000000
5.937500	-0.094637	561400.000000
6.041667	-0.094445	561600.000000
6.145833	-0.094495	561800.000000
6.250000	-0.095501	562000.000000
6.354167	-0.094501	562200.000000
6.458333	-0.093743	562400.000000
6.562500	-0.094225	562600.000000
6.666667	-0.094530	562800.000000
6.770833	-0.094200	563000.000000
6.875000	-0.094538	563200.000000
6.979167	-0.094296	563400.000000
7.083333	-0.094039	563600.000000
7.187500	-0.094272	563800.000000
7.291667	-0.094257	564000.000000
7.395833	-0.094110	564200.000000
7.500000	-0.094723	564400.000000
7.604167	-0.094695	564600.000000
7.708333	-0.094748	564800.000000
7.812500	-0.094983	565000.000000
7.916667	-0.094425	565200.000000
8.020833	-0.094172	565400.000000
8.125000	-0.094599	565600.000000
8.229167	-0.095502	565800.000000
8.333333	-0.094781	566000.000000
8.437500	-0.094273	566200.000000
8.541667	-0.094138	566400.000000
8.645833	-0.093897	566600.000000
8.750000	-0.094073	566800.000000
8.854167	-0.094795	567000.000000
8.958333	-0.094394	567200.000000
9.062500	-0.094550	567400.000000
9.166667	-0.094681	567600.000000
9.270833	-0.094777	567800.000000
9.375000	-0.093932	568000.000000
9.479167	-0.094906	568200.000000
9.583333	-0.094902	568400.000000
9.687500	-0.094915	568600.000000
9.791667	-0.095167	568800.000000
9.895833	-0.094437	569000.000000
10.000000	-0.094264	569200.000000
10.104167	-0.094036	569400.000000
10.208333	-0.094809	569600.000000
10.312500	-0.094557	569800.000000
10.416667	-0.094707	570000.000000
10.520833	-0.094088	570200.000000
10.625000	-0.094741	570400.000000
10.729167	-0.094553	570600.000000
10.833333	-0.094303	570800.000000
10.937500	-0.094549	571000.000000
11.041667	-0.094835	571200.000000
11.145833	-0.094713	571400.000000
11.250000	-0.095342	571600.000000
11.354167	-0.095043	571800.000000
11.458333	-0.094529	572000.000000
11.562500	-0.094432	572200.000000
11.666667	-0.094668	572400.000000
11.770833	-0.094509	572600.000000
11.875000	-0.094929	572800.000000
11.979167	-0.094578	573000.000000
12.083333	-0.094101	573200.000000
12.187500	-0.094646	573400.000000
12.291667	-0.094408	573600.000000
12.395833	-0.095313	573800.000000
12.500000	-0.095409	574000.000000
12.604167	-0.094776	574200.000000
12.708333	-0.094781	574400.000000
12.812500	-0.095608	574600.000000
12.916667	-0.094875	574800.000000
13.020833	-0.095032	575000.000000
13.125000	-0.094957	575200.000000
13.229167	-0.094958	575400.000000
13.333333	-0.094783	575600.000000
13.437500	-0.095289	575800.000000
13.541667	-0.094902	576000.000000
13.645833	-0.095235	576200.000000
13.750000	-0.095620	576400.000000
13.854167	-0.095039	576600.000000
13.958333	-0.094573	576800.000000
14.062500	-0.095703	577000.000000
14.166667	-0.094351	577200.000000
14.270833	-0.094730	577400.000000
14.375000	-0.095615	577600.000000
14.479167	-0.094894	577800.000000
14.583333	-0.095161	578000.000000
14.687500	-0.095647	578200.000000
14.791667	-0.095626	578400.000000
14.895833	-0.095294	578600.000000
15.000000	-0.094884	578800.000000
15.104167	-0.094467	579000.000000
15.208333	-0.094553	579200.000000
15.312500	-0.095342	579400.000000
15.416667	-0.095342	579600.000000
15.520833	-0.094830	579800.000000
15.625000	-0.094449	580000.000000
15.729167	-0.094115	580200.000000
15.833333	-0.094431	580400.000000
15.937500	-0.094567	580600.000000
16.041667	-0.095036	580800.000000
16.145833	-0.095332	581000.000000
16.250000	-0.095017	581200.000000
16.354167	-0.094606	581400.000000
16.458333	-0.095261	581600.000000
16.562500	-0.095441	581800.000000
16.666667	-0.095321	582000.000000
16.770833	-0.094668	582200.000000
16.875000	-0.094704	582400.000000
16.979167	-0.095392	582600.000000
17.083333	-0.095236	582800.000000
17.187500	-0.095131	583000.000000
17.291667	-0.094695	583200.000000
17.395833	-0.095301	583400.000000
17.500000	-0.095353	583600.000000
17.604167	-0.095041	583800.000000
17.708333	-0.094442	584000.000000
17.812500	-0.095250	584200.000000
17.916667	-0.095160	584400.000000
18.020833	-0.095161	584600.000000
18.125000	-0.095101	584800.000000
18.229167	-0.095171	585000.000000
18.333333	-0.095446	585200.000000
18.437500	-0.095907	585400.000000
18.541667	-0.095177	585600.000000
18.645833	-0.094625	585800.000000
18.750000	-0.095783	586000.000000
18.854167	-0.095120	586200.000000
18.958333	-0.094288	586400.000000
19.062500	-0.095441	586600.000000
19.166667	-0.095233	586800.000000
19.270833	-0.094565	587000.000000
19.375000	-0.095453	587200.000000
19.479167	-0.094677	587400.000000
19.583333	-0.095150	587600.000000
19.687500	-0.095108	587800.000000
19.791667	-0.095437	588000.000000
19.895833	-0.094916	588200.000000
20.000000	-0.094743	588400.000000
20.104167	-0.095218	588600.000000
20.208333	-0.095448	588800.000000
20.312500	-0.095018	589000.000000
20.416667	-0.095000	589200.000000
20.520833	-0.094557	589400.000000
20.625000	-0.094655	589600.000000
20.729167	-0.094873	589800.000000
20.833333	-0.095183	590000.000000
20.937500	-0.094547	590200.000000
21.041667	-0.094598	590400.000000
21.145833	-0.093952	590600.000000
21.250000	-0.094279	590800.000000
21.354167	-0.094919	591000.000000
21.458333	-0.093737	591200.000000
21.562500	-0.093966	591400.000000
21.666667	-0.094809	591600.000000
21.770833	-0.094295	591800.000000
21.875000	-0.094592	592000.000000
21.979167	-0.094431	592200.000000
22.083333	-0.094392	592400.000000
22.187500	-0.093178	592600.000000
22.291667	-0.094031	592800.000000
22.395833	-0.093492	593000.000000
22.500000	-0.093246	593200.000000
22.604167	-0.093754	593400.000000
22.708333	-0.093529	593600.000000
22.812500	-0.092511	593800.000000
22.916667	-0.092727	594000.000000
23.020833	-0.092350	594200.000000
23.125000	-0.091513	594400.000000
23.229167	-0.091255	594600.000000
23.333333	-0.091225	594800.000000
23.437500	-0.092039	595000.000000
23.541667	-0.092472	595200.000000
23.645833	-0.092051	595400.000000
23.750000	-0.093071	595600.000000
23.854167	-0.094482	595800.000000
23.958333	-0.097013	596000.000000
24.062500	-0.103931	596200.000000
24.166667	-0.115341	596400.000000
24.270833	-0.132032	596600.000000
24.375000	-0.149210	596800.000000
24.479167	-0.154748	597000.000000
24.583333	-0.141785	597200.000000
24.687500	-0.111371	597400.000000
24.791667	-0.079130	597600.000000
24.895833	-0.060337	597800.000000
25.000000	-0.056418	598000.000000
25.104167	-0.064321	598200.000000
25.208333	-0.074840	598400.000000
25.312500	-0.084316	598600.000000
25.416667	-0.091035	598800.000000
25.520833	-0.093705	599000.000000
25.625000	-0.094442	599200.000000
25.729167	-0.094115	599400.000000
25.833333	-0.092719	599600.000000
25.937500	-0.091396	599800.000000
26.041667	-0.089869	600000.000000
26.145833	-0.086230	600200.000000
26.250000	-0.084456	600400.000000
26.354167	-0.087250	600600.000000
26.458333	-0.094314	600800.000000
26.562500	-0.099721	601000.000000
26.666667	-0.101451	601200.000000
26.770833	-0.097125	601400.000000
26.875000	-0.092696	601600.000000
26.979167	-0.090431	601800.000000
27.083333	-0.090298	602000.000000
27.187500	-0.091392	602200.000000
27.291667	-0.092339	602400.000000
27.395833	-0.093200	602600.000000
27.500000	-0.095970	602800.000000
27.604167	-0.097337	603000.000000
27.708333	-0.097481	603200.000000
27.812500	-0.095881	603400.000000
27.916667	-0.093406	603600.000000
28.020833	-0.090641	603800.000000
28.125000	-0.091146	604000.000000
28.229167	-0.094469	604200.000000
28.333333	-0.098736	604400.000000
28.437500	-0.100659	604600.000000
28.541667	-0.098729	604800.000000
28.645833	-0.095028	605000.000000
28.750000	-0.093084	605200.000000
28.854167	-0.094451	605400.000000
28.958333	-0.097157	605600.000000
29.062500	-0.098148	605800.000000
29.166667	-0.098117	606000.000000
29.270833	-0.096030	606200.000000
29.375000	-0.094916	606400.000000
29.479167	-0.093830	606600.000000
29.583333	-0.093517	606800.000000
29.687500	-0.093220	607000.000000
29.791667	-0.093062	607200.000000
29.895833	-0.093419	607400.000000
30.000000	-0.094709	607600.000000
30.104167	-0.095859	607800.000000
30.208333	-0.096361	608000.000000
30.312500	-0.096120	608200.000000
30.416667	-0.097107	608400.000000
30.520833	-0.097074	608600.000000
30.625000	-0.095984	608800.000000
30.729167	-0.095057	609000.000000
30.833333	-0.093924	609200.000000
30.937500	-0.092400	609400.000000
31.041667	-0.095149	609600.000000
31.145833	-0.096752	609800.000000
31.250000	-0.096901	610000.000000
31.354167	-0.096299	610200.000000
31.458333	-0.095608	610400.000000
31.562500	-0.094939	610600.000000
31.666667	-0.093740	610800.000000
31.770833	-0.094511	611000.000000
31.875000	-0.095223	611200.000000
31.979167	-0.095584	611400.000000
32.083333	-0.097774	611600.000000
32.187500	-0.097281	611800.000000
32.291667	-0.096465	612000.000000
32.395833	-0.095940	612200.000000
32.500000	-0.095544	612400.000000
32.604167	-0.095609	612600.000000
32.708333	-0.095741	612800.000000
32.812500	-0.095162	613000.000000
32.916667	-0.094842	613200.000000
33.020833	-0.095021	613400.000000
33.125000	-0.095562	613600.000000
33.229167	-0.096913	613800.000000
33.333333	-0.095306	614000.000000
33.437500	-0.093090	614200.000000
33.541667	-0.091829	614400.000000
33.645833	-0.091181	614600.000000
33.750000	-0.091929	614800.000000
33.854167	-0.094878	615000.000000
33.958333	-0.096565	615200.000000
34.062500	-0.098318	615400.000000
34.166667	-0.097590	615600.000000
34.270833	-0.095901	615800.000000
34.375000	-0.094590	616000.000000
34.479167	-0.093529	616200.000000
34.583333	-0.093845	616400.000000
34.687500	-0.093020	616600.000000
34.791667	-0.093633	616800.000000
34.895833	-0.095047	617000.000000
35.000000	-0.094736	617200.000000
35.104167	-0.094816	617400.000000
35.208333	-0.094242	617600.000000
35.312500	-0.095013	617800.000000
35.416667	-0.094893	618000.000000
35.520833	-0.095668	618200.000000
35.625000	-0.096437	618400.000000
35.729167	-0.096563	618600.000000
35.833333	-0.097526	618800.000000
35.937500	-0.098579	619000.000000
36.041667	-0.098973	619200.000000
36.145833	-0.098615	619400.000000
36.250000	-0.097276	619600.000000
36.354167	-0.094399	619800.000000
36.458333	-0.092491	620000.000000
36.562500	-0.093078	620200.000000
36.666667	-0.093835	620400.000000
36.770833	-0.097088	620600.000000
36.875000	-0.098865	620800.000000
36.979167	-0.098681	621000.000000
37.083333	-0.095969	621200.000000
37.187500	-0.092600	621400.000000
37.291667	-0.091891	621600.000000
37.395833	-0.093057	621800.000000
37.500000	-0.094519	622000.000000
37.604167	-0.095900	622200.000000
37.708333	-0.097583	622400.000000
37.812500	-0.096616	622600.000000
37.916667	-0.096214	622800.000000
38.020833	-0.095649	623000.000000
38.125000	-0.094481	623200.000000
38.229167	-0.094871	623400.000000
38.333333	-0.094607	623600.000000
38.437500	-0.094495	623800.000000
38.541667	-0.097010	624000.000000
38.645833	-0.097866	624200.000000
38.750000	-0.096632	624400.000000
38.854167	-0.094638	624600.000000
38.958333	-0.093397	624800.000000
39.062500	-0.093495	625000.000000
39.166667	-0.094539	625200.000000
39.270833	-0.096610	625400.000000
39.375000	-0.098098	625600.000000
39.479167	-0.097930	625800.000000
39.583333	-0.097975	626000.000000
39.687500	-0.097615	626200.000000
39.791667	-0.096985	626400.000000
39.895833	-0.094670	626600.000000
40.000000	-0.092414	626800.000000
40.104167	-0.092839	627000.000000
40.208333	-0.094580	627200.000000
40.312500	-0.097690	627400.000000
40.416667	-0.099315	627600.000000
40.520833	-0.097192	627800.000000
40.625000	-0.094487	628000.000000
40.729167	-0.092782	628200.000000
40.833333	-0.093264	628400.000000
40.937500	-0.095223	628600.000000
41.041667	-0.097529	628800.000000
41.145833	-0.099376	629000.000000
41.250000	-0.098377	629200.000000
41.354167	-0.098394	629400.000000
41.458333	-0.096345	629600.000000
41.562500	-0.094205	629800.000000
41.666667	-0.092916	630000.000000
41.770833	-0.093894	630200.000000
41.875000	-0.094998	630400.000000
41.979167	-0.096359	630600.000000
42.083333	-0.096824	630800.000000
42.187500	-0.096626	631000.000000
42.291667	-0.097397	631200.000000
42.395833	-0.096025	631400.000000
42.500000	-0.094015	631600.000000
42.604167	-0.093481	631800.000000
42.708333	-0.093852	632000.000000
42.812500	-0.095576	632200.000000
42.916667	-0.096749	632400.000000
43.020833	-0.097212	632600.000000
43.125000	-0.097925	632800.000000
43.229167	-0.096376	633000.000000
43.333333	-0.096285	633200.000000
43.437500	-0.095054	633400.000000
43.541667	-0.094543	633600.000000
43.645833	-0.095710	633800.000000
43.750000	-0.096221	634000.000000
43.854167	-0.096648	634200.000000
43.958333	-0.096893	634400.000000
44.062500	-0.096334	634600.000000
44.166667	-0.094954	634800.000000
44.270833	-0.093451	635000.000000
44.375000	-0.093725	635200.000000
44.479167	-0.094400	635400.000000
44.583333	-0.096455	635600.000000
44.687500	-0.096684	635800.000000
44.791667	-0.097143	636000.000000
44.895833	-0.096410	636200.000000
45.000000	-0.096608	636400.000000
45.104167	-0.095881	636600.000000
45.208333	-0.095906	636800.000000
45.312500	-0.095300	637000.000000
45.416667	-0.095557	637200.000000
45.520833	-0.096035	637400.000000
45.625000	-0.094963	637600.000000
45.729167	-0.093987	637800.000000
45.833333	-0.094418	638000.000000
45.937500	-0.094654	638200.000000
46.041667	-0.095983	638400.000000
46.145833	-0.096236	638600.000000
46.250000	-0.096637	638800.000000
46.354167	-0.096161	639000.000000
46.458333	-0.096128	639200.000000
46.562500	-0.096454	639400.000000
46.666667	-0.095814	639600.000000
46.770833	-0.096389	639800.000000
46.875000	-0.095994	640000.000000
46.979167	-0.095784	640200.000000
47.083333	-0.094862	640400.000000
47.187500	-0.095227	640600.000000
47.291667	-0.096387	640800.000000
47.395833	-0.096860	641000.000000
47.500000	-0.096292	641200.000000
47.604167	-0.095511	641400.000000
47.708333	-0.094647	641600.000000
47.812500	-0.095303	641800.000000
47.916667	-0.095315	642000.000000
48.020833	-0.096652	642200.000000
48.125000	-0.097245	642400.000000
48.229167	-0.096260	642600.000000
48.333333	-0.095874	642800.000000
48.437500	-0.095896	643000.000000
48.541667	-0.096440	643200.000000
48.645833	-0.096453	643400.000000
48.750000	-0.096808	643600.000000
48.854167	-0.097188	643800.000000
48.958333	-0.096874	644000.000000
49.062500	-0.096857	644200.000000
49.166667	-0.096502	644400.000000
49.270833	-0.095623	644600.000000
49.375000	-0.094558	644800.000000
49.479167	-0.094033	645000.000000
49.583333	-0.094804	645200.000000
49.687500	-0.096338	645400.000000
49.791667	-0.096274	645600.000000
49.895833	-0.096053	645800.000000
50.000000	-0.094961	646000.000000
50.104167	-0.095587	646200.000000
50.208333	-0.096608	646400.000000
50.312500	-0.097929	646600.000000
50.416667	-0.097996	646800.000000
50.520833	-0.097286	647000.000000
50.625000	-0.095944	647200.000000
50.729167	-0.095841	647400.000000
50.833333	-0.095899	647600.000000
50.937500	-0.095757	647800.000000
51.041667	-0.095206	648000.000000
51.145833	-0.095411	648200.000000
51.250000	-0.096178	648400.000000
51.354167	-0.095740	648600.000000
51.458333	-0.096875	648800.000000
51.562500	-0.097382	649000.000000
51.666667	-0.096138	649200.000000
51.770833	-0.095949	649400.000000
51.875000	-0.095429	649600.000000
51.979167	-0.095171	649800.000000
52.083333	-0.095292	650000.000000
52.187500	-0.096830	650200.000000
52.291667	-0.097458	650400.000000
52.395833	-0.097742	650600.000000
52.500000	-0.096792	650800.000000
52.604167	-0.095957	651000.000000
52.708333	-0.095451	651200.000000
52.812500	-0.095546	651400.000000
52.916667	-0.095475	651600.000000
53.020833	-0.096584	651800.000000
53.125000	-0.097481	652000.000000
53.229167	-0.097143	652200.000000
53.333333	-0.096621	652400.000000
53.437500	-0.096797	652600.000000
53.541667	-0.095642	652800.000000
53.645833	-0.095852	653000.000000
53.750000	-0.096373	653200.000000
53.854167	-0.096124	653400.000000
53.958333	-0.097196	653600.000000
54.062500	-0.097869	653800.000000
54.166667	-0.097111	654000.000000
54.270833	-0.097772	654200.000000
54.375000	-0.097091	654400.000000
54.479167	-0.095333	654600.000000
54.583333	-0.095586	654800.000000
54.687500	-0.095835	655000.000000
54.791667	-0.094920	655200.000000
54.895833	-0.095188	655400.000000
55.000000	-0.095654	655600.000000
55.104167	-0.095073	655800.000000
55.208333	-0.096088	656000.000000
55.312500	-0.096705	656200.000000
55.416667	-0.096763	656400.000000
55.520833	-0.096506	656600.000000
55.625000	-0.096144	656800.000000
55.729167	-0.097600	657000.000000
55.833333	-0.097040	657200.000000
55.937500	-0.097150	657400.000000
56.041667	-0.096324	657600.000000
56.145833	-0.095848	657800.000000
56.250000	-0.095364	658000.000000
56.354167	-0.095670	658200.000000
56.458333	-0.096196	658400.000000
56.562500	-0.096376	658600.000000
56.666667	-0.096149	658800.000000
56.770833	-0.095150	659000.000000
56.875000	-0.096810	659200.000000
56.979167	-0.095928	659400.000000
57.083333	-0.096620	659600.000000
57.187500	-0.095669	659800.000000
57.291667	-0.096488	660000.000000
57.395833	-0.096861	660200.000000
57.500000	-0.096585	660400.000000
57.604167	-0.096546	660600.000000
57.708333	-0.095082	660800.000000
57.812500	-0.095505	661000.000000
57.916667	-0.095445	661200.000000
58.020833	-0.096586	661400.000000
58.125000	-0.097116	661600.000000
58.229167	-0.096717	661800.000000
58.333333	-0.095503	662000.000000
58.437500	-0.094684	662200.000000
58.541667	-0.095642	662400.000000
58.645833	-0.095945	662600.000000
58.750000	-0.096114	662800.000000
58.854167	-0.096539	663000.000000
58.958333	-0.096389	663200.000000
59.062500	-0.095795	663400.000000
59.166667	-0.095807	663600.000000
59.270833	-0.096260	663800.000000
59.375000	-0.096535	664000.000000
59.479167	-0.097327	664200.000000
59.583333	-0.096828	664400.000000
59.687500	-0.097604	664600.000000
59.791667	-0.096266	664800.000000
59.895833	-0.095733	665000.000000
60.000000	-0.095273	665200.000000
60.104167	-0.094794	665400.000000
60.208333	-0.094656	665600.000000
60.312500	-0.095946	665800.000000
60.416667	-0.095832	666000.000000
60.520833	-0.096253	666200.000000
60.625000	-0.096536	666400.000000
60.729167	-0.096256	666600.000000
60.833333	-0.095332	666800.000000
60.937500	-0.096425	667000.000000
61.041667	-0.096714	667200.000000
61.145833	-0.096889	667400.000000
61.250000	-0.096449	667600.000000
61.354167	-0.096276	667800.000000
61.458333	-0.095785	668000.000000
61.562500	-0.095689	668200.000000
61.666667	-0.096400	668400.000000
61.770833	-0.096009	668600.000000
61.875000	-0.095696	668800.000000
61.979167	-0.095705	669000.000000
62.083333	-0.095065	669200.000000
62.187500	-0.096534	669400.000000
62.291667	-0.097744	669600.000000
62.395833	-0.096630	669800.000000
62.500000	-0.096917	670000.000000
62.604167	-0.096934	670200.000000
62.708333	-0.096385	670400.000000
62.812500	-0.096823	670600.000000
62.916667	-0.096512	670800.000000
63.020833	-0.095995	671000.000000
63.125000	-0.096216	671200.000000
63.229167	-0.096670	671400.000000
63.333333	-0.097157	671600.000000
63.437500	-0.096399	671800.000000
63.541667	-0.095951	672000.000000
63.645833	-0.096257	672200.000000
63.750000	-0.096616	672400.000000
63.854167	-0.095594	672600.000000
63.958333	-0.095353	672800.000000
64.062500	-0.095955	673000.000000
64.166667	-0.095835	673200.000000
64.270833	-0.096973	673400.000000
64.375000	-0.097205	673600.000000
64.479167	-0.096152	673800.000000
64.583333	-0.095922	674000.000000
64.687500	-0.097662	674200.000000
64.791667	-0.096701	674400.000000
64.895833	-0.096017	674600.000000
65.000000	-0.096356	674800.000000
65.104167	-0.096009	675000.000000
65.208333	-0.097617	675200.000000
65.312500	-0.097070	675400.000000
65.416667	-0.097346	675600.000000
65.520833	-0.095332	675800.000000
65.625000	-0.095423	676000.000000
65.729167	-0.095275	676200.000000
65.833333	-0.095904	676400.000000
65.937500	-0.096891	676600.000000
66.041667	-0.097667	676800.000000
66.145833	-0.097212	677000.000000
66.250000	-0.097689	677200.000000
66.354167	-0.097407	677400.000000
66.458333	-0.096681	677600.000000
66.562500	-0.096001	677800.000000
66.666667	-0.096022	678000.000000
66.770833	-0.095238	678200.000000
66.875000	-0.096117	678400.000000
66.979167	-0.096399	678600.000000
67.083333	-0.096466	678800.000000
67.187500	-0.096505	679000.000000
67.291667	-0.096989	679200.000000
67.395833	-0.096283	679400.000000
67.500000	-0.096493	679600.000000
67.604167	-0.096597	679800.000000
67.708333	-0.096241	680000.000000
67.812500	-0.096510	680200.000000
67.916667	-0.097301	680400.000000
68.020833	-0.096893	680600.000000
68.125000	-0.097058	680800.000000
68.229167	-0.096187	681000.000000
68.333333	-0.094753	681200.000000
68.437500	-0.096502	681400.000000
68.541667	-0.097229	681600.000000
68.645833	-0.097978	681800.000000
68.750000	-0.097643	682000.000000
68.854167	-0.097600	682200.000000
68.958333	-0.096724	682400.000000
69.062500	-0.095394	682600.000000
69.166667	-0.094789	682800.000000
69.270833	-0.095434	683000.000000
69.375000	-0.097088	683200.000000
69.479167	-0.097380	683400.000000
69.583333	-0.097344	683600.000000
69.687500	-0.097219	683800.000000
69.791667	-0.097544	684000.000000
69.895833	-0.095985	684200.000000
70.000000	-0.096940	684400.000000
70.104167	-0.097309	684600.000000
70.208333	-0.097516	684800.000000
70.312500	-0.097405	685000.000000
70.416667	-0.098618	685200.000000
70.520833	-0.097520	685400.000000
70.625000	-0.096914	685600.000000
70.729167	-0.096339	685800.000000
70.833333	-0.095794	686000.000000
70.937500	-0.095479	686200.000000
71.041667	-0.096397	686400.000000
71.145833	-0.096805	686600.000000
71.250000	-0.097658	686800.000000
71.354167	-0.097390	687000.000000
71.458333	-0.096996	687200.000000
71.562500	-0.097716	687400.000000
71.666667	-0.097254	687600.000000
71.770833	-0.097444	687800.000000
71.875000	-0.097198	688000.000000
71.979167	-0.096996	688200.000000
72.083333	-0.097251	688400.000000
72.187500	-0.097632	688600.000000
72.291667	-0.096937	688800.000000
72.395833	-0.096725	689000.000000
72.500000	-0.096882	689200.000000
72.604167	-0.096944	689400.000000
72.708333	-0.096061	689600.000000
72.812500	-0.096330	689800.000000
72.916667	-0.096397	690000.000000
73.020833	-0.096272	690200.000000
73.125000	-0.096602	690400.000000
73.229167	-0.096464	690600.000000
73.333333	-0.096578	690800.000000
73.437500	-0.096286	691000.000000
73.541667	-0.096605	691200.000000
73.645833	-0.096776	691400.000000
73.750000	-0.096385	691600.000000
73.854167	-0.095778	691800.000000
73.958333	-0.096158	692000.000000
74.062500	-0.096162	692200.000000
74.166667	-0.096181	692400.000000
74.270833	-0.096503	692600.000000
74.375000	-0.097229	692800.000000
74.479167	-0.097505	693000.000000
74.583333	-0.096811	693200.000000
74.687500	-0.096203	693400.000000
74.791667	-0.095502	693600.000000
74.895833	-0.094931	693800.000000
75.000000	-0.095876	694000.000000
75.104167	-0.096558	694200.000000
75.208333	-0.097937	694400.000000
75.312500	-0.097305	694600.000000
75.416667	-0.097744	694800.000000
75.520833	-0.096070	695000.000000
75.625000	-0.096693	695200.000000
75.729167	-0.096837	695400.000000
75.833333	-0.096864	695600.000000
75.937500	-0.096785	695800.000000
76.041667	-0.097197	696000.000000
76.145833	-0.096955	696200.000000
76.250000	-0.096019	696400.000000
76.354167	-0.095433	696600.000000
76.458333	-0.095950	696800.000000
76.562500	-0.095781	697000.000000
76.666667	-0.096499	697200.000000
76.770833	-0.096710	697400.000000
76.875000	-0.097372	697600.000000
76.979167	-0.097793	697800.000000
77.083333	-0.096685	698000.000000
77.187500	-0.095805	698200.000000
77.291667	-0.095512	698400.000000
77.395833	-0.096352	698600.000000
77.500000	-0.096637	698800.000000
77.604167	-0.096209	699000.000000
77.708333	-0.095896	699200.000000
77.812500	-0.096633	699400.000000
77.916667	-0.096982	699600.000000
78.020833	-0.096305	699800.000000
78.125000	-0.096140	700000.000000
78.229167	-0.095767	700200.000000
78.333333	-0.095482	700400.000000
78.437500	-0.096732	700600.000000
78.541667	-0.096560	700800.000000
78.645833	-0.096733	701000.000000
78.750000	-0.096071	701200.000000
78.854167	-0.096079	701400.000000
78.958333	-0.095283	701600.000000
79.062500	-0.095567	701800.000000
79.166667	-0.096558	702000.000000
79.270833	-0.097005	702200.000000
79.375000	-0.097181	702400.000000
79.479167	-0.097075	702600.000000
79.583333	-0.097513	702800.000000
79.687500	-0.097245	703000.000000
79.791667	-0.096326	703200.000000
79.895833	-0.095760	703400.000000
80.000000	-0.095639	703600.000000
80.104167	-0.095238	703800.000000
80.208333	-0.096206	704000.000000
80.312500	-0.095896	704200.000000
80.416667	-0.096532	704400.000000
80.520833	-0.096474	704600.000000
80.625000	-0.096005	704800.000000
80.729167	-0.097229	705000.000000
80.833333	-0.097393	705200.000000
80.937500	-0.096771	705400.000000
81.041667	-0.096162	705600.000000
81.145833	-0.096050	705800.000000
81.250000	-0.095701	706000.000000
81.354167	-0.096198	706200.000000
81.458333	-0.096179	706400.000000
81.562500	-0.096703	706600.000000
81.666667	-0.096167	706800.000000
81.770833	-0.096543	707000.000000
81.875000	-0.096166	707200.000000
81.979167	-0.096494	707400.000000
82.083333	-0.096595	707600.000000
82.187500	-0.096984	707800.000000
82.291667	-0.097692	708000.000000
82.395833	-0.097448	708200.000000
82.500000	-0.097252	708400.000000
82.604167	-0.096649	708600.000000
82.708333	-0.096861	708800.000000
82.812500	-0.096431	709000.000000
82.916667	-0.096569	709200.000000
83.020833	-0.096727	709400.000000
83.125000	-0.096777	709600.000000
83.229167	-0.097350	709800.000000
83.333333	-0.096475	710000.000000
83.437500	-0.095942	710200.000000
83.541667	-0.096912	710400.000000
83.645833	-0.096107	710600.000000
83.750000	-0.096363	710800.000000
83.854167	-0.096498	711000.000000
83.958333	-0.096896	711200.000000
84.062500	-0.097051	711400.000000
84.166667	-0.095973	711600.000000
84.270833	-0.096859	711800.000000
84.375000	-0.096806	712000.000000
84.479167	-0.096673	712200.000000
84.583333	-0.097515	712400.000000
84.687500	-0.097856	712600.000000
84.791667	-0.097350	712800.000000
84.895833	-0.097650	713000.000000
85.000000	-0.096900	713200.000000
85.104167	-0.096740	713400.000000
85.208333	-0.096836	713600.000000
85.312500	-0.096454	713800.000000
85.416667	-0.096850	714000.000000
85.520833	-0.097385	714200.000000
85.625000	-0.096771	714400.000000
85.729167	-0.096544	714600.000000
85.833333	-0.097308	714800.000000
85.937500	-0.097062	715000.000000
86.041667	-0.096918	715200.000000
86.145833	-0.096717	715400.000000
86.250000	-0.096284	715600.000000
86.354167	-0.096327	715800.000000
86.458333	-0.096765	716000.000000
86.562500	-0.096600	716200.000000
86.666667	-0.097578	716400.000000
86.770833	-0.096913	716600.000000
86.875000	-0.096503	716800.000000
86.979167	-0.096319	717000.000000
87.083333	-0.096247	717200.000000
87.187500	-0.096667	717400.000000
87.291667	-0.097152	717600.000000
87.395833	-0.096915	717800.000000
87.500000	-0.096926	718000.000000
87.604167	-0.096307	718200.000000
87.708333	-0.097524	718400.000000
87.812500	-0.096477	718600.000000
87.916667	-0.096727	718800.000000
88.020833	-0.096907	719000.000000
88.125000	-0.096467	719200.000000
88.229167	-0.096873	719400.000000
88.333333	-0.097507	719600.000000
88.437500	-0.096871	719800.000000
88.541667	-0.096765	720000.000000
88.645833	-0.097779	720200.000000
88.750000	-0.096476	720400.000000
88.854167	-0.097279	720600.000000
88.958333	-0.097439	720800.000000
89.062500	-0.097008	721000.000000
89.166667	-0.097306	721200.000000
89.270833	-0.096681	721400.000000
89.375000	-0.097108	721600.000000
89.479167	-0.097031	721800.000000
89.583333	-0.098677	722000.000000
89.687500	-0.097293	722200.000000
89.791667	-0.097685	722400.000000
89.895833	-0.097670	722600.000000
90.000000	-0.096935	722800.000000
90.104167	-0.096736	723000.000000
90.208333	-0.097384	723200.000000
90.312500	-0.097560	723400.000000
90.416667	-0.097390	723600.000000
90.520833	-0.096664	723800.000000
90.625000	-0.096619	724000.000000
90.729167	-0.096885	724200.000000
90.833333	-0.096696	724400.000000
90.937500	-0.096343	724600.000000
91.041667	-0.095737	724800.000000
91.145833	-0.097095	725000.000000
91.250000	-0.096588	725200.000000
91.354167	-0.097204	725400.000000
91.458333	-0.097713	725600.000000
91.562500	-0.096966	725800.000000
91.666667	-0.097271	726000.000000
91.770833	-0.097243	726200.000000
91.875000	-0.097699	726400.000000
91.979167	-0.097700	726600.000000
92.083333	-0.096595	726800.000000
92.187500	-0.096538	727000.000000
92.291667	-0.096355	727200.000000
92.395833	-0.096944	727400.000000
92.500000	-0.096274	727600.000000
92.604167	-0.096039	727800.000000
92.708333	-0.096640	728000.000000
92.812500	-0.097103	728200.000000
92.916667	-0.097052	728400.000000
93.020833	-0.097727	728600.000000
93.125000	-0.097497	728800.000000
93.229167	-0.096963	729000.000000
93.333333	-0.096815	729200.000000
93.437500	-0.097228	729400.000000
93.541667	-0.096840	729600.000000
93.645833	-0.097689	729800.000000
93.750000	-0.096802	730000.000000
93.854167	-0.097537	730200.000000
93.958333	-0.097796	730400.000000
94.062500	-0.097045	730600.000000
94.166667	-0.097766	730800.000000
94.270833	-0.098390	731000.000000
94.375000	-0.097772	731200.000000
94.479167	-0.097693	731400.000000
94.583333	-0.097361	731600.000000
94.687500	-0.096251	731800.000000
94.791667	-0.097398	732000.000000
94.895833	-0.098170	732200.000000
95.000000	-0.097467	732400.000000
95.104167	-0.097057	732600.000000
95.208333	-0.097337	732800.000000
95.312500	-0.097434	733000.000000
95.416667	-0.097050	733200.000000
95.520833	-0.097336	733400.000000
95.625000	-0.097313	733600.000000
95.729167	-0.096926	733800.000000
95.833333	-0.097294	734000.000000
95.937500	-0.097506	734200.000000
96.041667	-0.097108	734400.000000
96.145833	-0.096666	734600.000000
96.250000	-0.096013	734800.000000
96.354167	-0.096019	735000.000000
96.458333	-0.096566	735200.000000
96.562500	-0.097288	735400.000000
96.666667	-0.097518	735600.000000
96.770833	-0.097853	735800.000000
96.875000	-0.096476	736000.000000
96.979167	-0.096463	736200.000000
97.083333	-0.096711	736400.000000
97.187500	-0.096132	736600.000000
97.291667	-0.096958	736800.000000
97.395833	-0.097404	737000.000000
97.500000	-0.096984	737200.000000
97.604167	-0.095717	737400.000000
97.708333	-0.096524	737600.000000
97.812500	-0.097018	737800.000000
97.916667	-0.096987	738000.000000
98.020833	-0.097046	738200.000000
98.125000	-0.096928	738400.000000
98.229167	-0.097252	738600.000000
98.333333	-0.097577	738800.000000
98.437500	-0.097791	739000.000000
98.541667	-0.097918	739200.000000
98.645833	-0.098434	739400.000000
98.750000	-0.097594	739600.000000
98.854167	-0.096849	739800.000000
98.958333	-0.097290	740000.000000
99.062500	-0.096985	740200.000000
99.166667	-0.097295	740400.000000
99.270833	-0.097609	740600.000000
99.375000	-0.096913	740800.000000
99.479167	-0.097801	741000.000000
99.583333	-0.097134	741200.000000
99.687500	-0.097138	741400.000000
99.791667	-0.096941	741600.000000
99.895833	-0.097462	741800.000000
100.000000	-0.096856	742000.000000
100.104167	-0.096857	742200.000000
100.208333	-0.097179	742400.000000
100.312500	-0.097705	742600.000000
100.416667	-0.096149	742800.000000
100.520833	-0.096269	743000.000000
100.625000	-0.097467	743200.000000
100.729167	-0.097322	743400.000000
100.833333	-0.098622	743600.000000
100.937500	-0.097682	743800.000000
101.041667	-0.098294	744000.000000
101.145833	-0.097928	744200.000000
101.250000	-0.096626	744400.000000
101.354167	-0.096685	744600.000000
101.458333	-0.096499	744800.000000
101.562500	-0.096485	745000.000000
101.666667	-0.097330	745200.000000
101.770833	-0.098103	745400.000000
101.875000	-0.098007	745600.000000
101.979167	-0.097026	745800.000000
102.083333	-0.097381	746000.000000
102.187500	-0.097452	746200.000000
102.291667	-0.096611	746400.000000
102.395833	-0.097053	746600.000000
102.500000	-0.096923	746800.000000
102.604167	-0.096595	747000.000000
102.708333	-0.097397	747200.000000
102.812500	-0.097232	747400.000000
102.916667	-0.097123	747600.000000
103.020833	-0.097085	747800.000000
103.125000	-0.096796	748000.000000
103.229167	-0.096985	748200.000000
103.333333	-0.097150	748400.000000
103.437500	-0.096756	748600.000000
103.541667	-0.097025	748800.000000
103.645833	-0.096513	749000.000000
103.750000	-0.097218	749200.000000
103.854167	-0.096697	749400.000000
103.958333	-0.096409	749600.000000
104.062500	-0.096572	749800.000000
104.166667	-0.097426	750000.000000
104.270833	-0.096935	750200.000000
104.375000	-0.096716	750400.000000
104.479167	-0.097769	750600.000000
104.583333	-0.097133	750800.000000
104.687500	-0.097602	751000.000000
104.791667	-0.096561	751200.000000
104.895833	-0.097251	751400.000000
105.000000	-0.096531	751600.000000
105.104167	-0.097704	751800.000000
105.208333	-0.097116	752000.000000
105.312500	-0.097658	752200.000000
105.416667	-0.097658	752400.000000
105.520833	-0.097535	752600.000000
105.625000	-0.097606	752800.000000
105.729167	-0.096696	753000.000000
105.833333	-0.097372	753200.000000
105.937500	-0.097954	753400.000000
106.041667	-0.096667	753600.000000
106.145833	-0.096566	753800.000000
106.250000	-0.096922	754000.000000
106.354167	-0.096835	754200.000000
106.458333	-0.097228	754400.000000
106.562500	-0.096523	754600.000000
106.666667	-0.096314	754800.000000
106.770833	-0.096324	755000.000000
106.875000	-0.097326	755200.000000
106.979167	-0.096559	755400.000000
107.083333	-0.096569	755600.000000
107.187500	-0.097323	755800.000000
107.291667	-0.096961	756000.000000
107.395833	-0.096903	756200.000000
107.500000	-0.097260	756400.000000
107.604167	-0.097012	756600.000000
107.708333	-0.096987	756800.000000
107.812500	-0.097992	757000.000000
107.916667	-0.097251	757200.000000
108.020833	-0.097296	757400.000000
108.125000	-0.097294	757600.000000
108.229167	-0.097343	757800.000000
108.333333	-0.097815	758000.000000
108.437500	-0.097068	758200.000000
108.541667	-0.097269	758400.000000
108.645833	-0.096619	758600.000000
108.750000	-0.096674	758800.000000
108.854167	-0.097112	759000.000000
108.958333	-0.096994	759200.000000
109.062500	-0.097237	759400.000000
109.166667	-0.097223	759600.000000
109.270833	-0.096715	759800.000000
109.375000	-0.096962	760000.000000
109.479167	-0.096763	760200.000000
109.583333	-0.096303	760400.000000
109.687500	-0.097187	760600.000000
109.791667	-0.096815	760800.000000
109.895833	-0.097067	761000.000000
110.000000	-0.097487	761200.000000
110.104167	-0.097637	761400.000000
110.208333	-0.097332	761600.000000
110.312500	-0.097387	761800.000000
110.416667	-0.097413	762000.000000
110.520833	-0.097041	762200.000000
110.625000	-0.097014	762400.000000
110.729167	-0.097067	762600.000000
110.833333	-0.096755	762800.000000
110.937500	-0.097481	763000.000000
111.041667	-0.097516	763200.000000
111.145833	-0.096792	763400.000000
111.250000	-0.097642	763600.000000
111.354167	-0.096855	763800.000000
111.458333	-0.096961	764000.000000
111.562500	-0.097272	764200.000000
111.666667	-0.098160	764400.000000
111.770833	-0.098105	764600.000000
111.875000	-0.097703	764800.000000
111.979167	-0.097644	765000.000000
112.083333	-0.098596	765200.000000
112.187500	-0.098575	765400.000000
112.291667	-0.098838	765600.000000
112.395833	-0.098321	765800.000000
112.500000	-0.098237	766000.000000
112.604167	-0.097918	766200.000000
112.708333	-0.097403	766400.000000
112.812500	-0.097259	766600.000000
112.916667	-0.096219	766800.000000
113.020833	-0.096447	767000.000000
113.125000	-0.096655	767200.000000
113.229167	-0.096455	767400.000000
113.333333	-0.096931	767600.000000
113.437500	-0.096572	767800.000000
113.541667	-0.096786	768000.000000
113.645833	-0.096750	768200.000000
113.750000	-0.097471	768400.000000
113.854167	-0.097781	768600.000000
113.958333	-0.098039	768800.000000
114.062500	-0.098569	769000.000000
114.166667	-0.098252	769200.000000
114.270833	-0.097447	769400.000000
114.375000	-0.096811	769600.000000
114.479167	-0.097768	769800.000000
114.583333	-0.097844	770000.000000
114.687500	-0.097800	770200.000000
114.791667	-0.097288	770400.000000
114.895833	-0.097498	770600.000000
115.000000	-0.098017	770800.000000
115.104167	-0.097646	771000.000000
115.208333	-0.098112	771200.000000
115.312500	-0.098758	771400.000000
115.416667	-0.097733	771600.000000
115.520833	-0.098085	771800.000000
115.625000	-0.098197	772000.000000
115.729167	-0.098378	772200.000000
115.833333	-0.097730	772400.000000
115.937500	-0.097783	772600.000000
116.041667	-0.098482	772800.000000
116.145833	-0.098001	773000.000000
116.250000	-0.098091	773200.000000
116.354167	-0.097794	773400.000000
116.458333	-0.098204	773600.000000
116.562500	-0.098809	773800.000000
116.666667	-0.098534	774000.000000
116.770833	-0.097936	774200.000000
116.875000	-0.097872	774400.000000
116.979167	-0.097890	774600.000000
117.083333	-0.098120	774800.000000
117.187500	-0.098177	775000.000000
117.291667	-0.097815	775200.000000
117.395833	-0.097907	775400.000000
117.500000	-0.098015	775600.000000
117.604167	-0.098473	775800.000000
117.708333	-0.098275	776000.000000
117.812500	-0.097979	776200.000000
117.916667	-0.097806	776400.000000
118.020833	-0.097586	776600.000000
118.125000	-0.098355	776800.000000
118.229167	-0.098862	777000.000000
118.333333	-0.098237	777200.000000
118.437500	-0.098603	777400.000000
118.541667	-0.098316	777600.000000
118.645833	-0.098631	777800.000000
118.750000	-0.098862	778000.000000
118.854167	-0.099116	778200.000000
118.958333	-0.097813	778400.000000
119.062500	-0.097703	778600.000000
119.166667	-0.097942	778800.000000
119.270833	-0.097490	779000.000000
119.375000	-0.097651	779200.000000
119.479167	-0.097198	779400.000000
119.583333	-0.097615	779600.000000
119.687500	-0.097443	779800.000000
119.791667	-0.097066	780000.000000
119.895833	-0.097530	780200.000000
120.000000	-0.098413	780400.000000
120.104167	-0.098732	780600.000000
120.208333	-0.098107	780800.000000
120.312500	-0.096899	781000.000000
120.416667	-0.097297	781200.000000
120.520833	-0.098013	781400.000000
120.625000	-0.097905	781600.000000
120.729167	-0.097553	781800.000000
120.833333	-0.097767	782000.000000
120.937500	-0.097905	782200.000000
121.041667	-0.097698	782400.000000
121.145833	-0.096118	782600.000000
121.250000	-0.097392	782800.000000
121.354167	-0.097419	783000.000000
121.458333	-0.096954	783200.000000
121.562500	-0.097607	783400.000000
121.666667	-0.097835	783600.000000
121.770833	-0.097611	783800.000000
121.875000	-0.097972	784000.000000
121.979167	-0.097761	784200.000000
122.083333	-0.097848	784400.000000
122.187500	-0.097501	784600.000000
122.291667	-0.097808	784800.000000
122.395833	-0.098022	785000.000000
122.500000	-0.097309	785200.000000
122.604167	-0.097396	785400.000000
122.708333	-0.098150	785600.000000
122.812500	-0.097348	785800.000000
122.916667	-0.098194	786000.000000
123.020833	-0.097399	786200.000000
123.125000	-0.097721	786400.000000
123.229167	-0.097478	786600.000000
123.333333	-0.097838	786800.000000
123.437500	-0.097461	787000.000000
123.541667	-0.098384	787200.000000
123.645833	-0.097416	787400.000000
123.750000	-0.097983	787600.000000
123.854167	-0.097591	787800.000000
123.958333	-0.097911	788000.000000
124.062500	-0.099044	788200.000000
124.166667	-0.098288	788400.000000
124.270833	-0.097662	788600.000000
124.375000	-0.097839	788800.000000
124.479167	-0.098078	789000.000000
124.583333	-0.097291	789200.000000
124.687500	-0.097790	789400.000000
124.791667	-0.097644	789600.000000
124.895833	-0.097465	789800.000000
125.000000	-0.097195	790000.000000
125.104167	-0.098382	790200.000000
125.208333	-0.097866	790400.000000
125.312500	-0.097259	790600.000000
125.416667	-0.097889	790800.000000
125.520833	-0.098101	791000.000000
125.625000	-0.098405	791200.000000
125.729167	-0.097907	791400.000000
125.833333	-0.097320	791600.000000
125.937500	-0.097737	791800.000000
126.041667	-0.098101	792000.000000
126.145833	-0.096943	792200.000000
126.250000	-0.096717	792400.000000
126.354167	-0.097925	792600.000000
126.458333	-0.097748	792800.000000
126.562500	-0.098041	793000.000000
126.666667	-0.098105	793200.000000
126.770833	-0.097571	793400.000000
126.875000	-0.097467	793600.000000
126.979167	-0.097411	793800.000000
127.083333	-0.096840	794000.000000
127.187500	-0.097683	794200.000000
127.291667	-0.097863	794400.000000
127.395833	-0.097661	794600.000000
127.500000	-0.097433	794800.000000
127.604167	-0.097487	795000.000000
127.708333	-0.097320	795200.000000
127.812500	-0.097271	795400.000000
127.916667	-0.097122	795600.000000
128.020833	-0.097167	795800.000000
128.125000	-0.096959	796000.000000
128.229167	-0.098132	796200.000000
128.333333	-0.097959	796400.000000
128.437500	-0.097589	796600.000000
128.541667	-0.098448	796800.000000
128.645833	-0.097273	797000.000000
128.750000	-0.097214	797200.000000
128.854167	-0.097562	797400.000000
128.958333	-0.097618	797600.000000
129.062500	-0.098239	797800.000000
129.166667	-0.098640	798000.000000
129.270833	-0.098341	798200.000000
129.375000	-0.098034	798400.000000
129.479167	-0.097860	798600.000000
129.583333	-0.098639	798800.000000
129.687500	-0.097624	799000.000000
129.791667	-0.098091	799200.000000
129.895833	-0.097890	799400.000000
130.000000	-0.098371	799600.000000
130.104167	-0.098692	799800.000000
130.208333	-0.098077	800000.000000
