0.000000	-0.095425	550000.000000
0.104167	-0.094815	550200.000000
0.208333	-0.094549	550400.000000
0.312500	-0.094193	550600.000000
0.416667	-0.094306	550800.000000
0.520833	-0.093856	551000.000000
0.625000	-0.093095	551200.000000
0.729167	-0.093650	551400.000000
0.833333	-0.093138	551600.000000
0.937500	-0.092915	551800.000000
1.041667	-0.093336	552000.000000
1.145833	-0.095026	552200.000000
1.250000	-0.093958	552400.000000
1.354167	-0.093573	552600.000000
1.458333	-0.094292	552800.000000
1.562500	-0.094187	553000.000000
1.666667	-0.094128	553200.000000
1.770833	-0.095089	553400.000000
1.875000	-0.095594	553600.000000
1.979167	-0.095910	553800.000000
2.083333	-0.094660	554000.000000
2.187500	-0.094587	554200.000000
2.291667	-0.094855	554400.000000
2.395833	-0.094681	554600.000000
2.500000	-0.095278	554800.000000
2.604167	-0.094791	555000.000000
2.708333	-0.094599	555200.000000
2.812500	-0.094675	555400.000000
2.916667	-0.094435	555600.000000
3.020833	-0.094245	555800.000000
3.125000	-0.096493	556000.000000
3.229167	-0.095273	556200.000000
3.333333	-0.094547	556400.000000
3.437500	-0.095441	556600.000000
3.541667	-0.095437	556800.000000
3.645833	-0.094777	557000.000000
3.750000	-0.094796	557200.000000
3.854167	-0.094934	557400.000000
3.958333	-0.094231	557600.000000
4.062500	-0.094265	557800.000000
4.166667	-0.094244	558000.000000
4.270833	-0.093614	558200.000000
4.375000	-0.093999	558400.000000
4.479167	-0.093685	558600.000000
4.583333	-0.094170	558800.000000
4.687500	-0.094039	559000.000000
4.791667	-0.094188	559200.000000
4.895833	-0.094728	559400.000000
5.000000	-0.094680	559600.000000
5.104167	-0.093759	559800.000000
5.208333	-0.095037	560000.000000
5.312500	-0.094461	560200.000000
5.416667	-0.094149	560400.000000
5.520833	-0.094569	560600.000000
5.625000	-0.094540	560800.000000
5.729167	-0.094448	561000.000000
5.833333	-0.094333	561200.000000
5.937500	-0.094374	561400.000000
6.041667	-0.094645	561600.000000
6.145833	-0.095074	561800.000000
6.250000	-0.094396	562000.000000
6.354167	-0.094255	562200.000000
6.458333	-0.095172	562400.000000
6.562500	-0.094952	562600.000000
6.666667	-0.094202	562800.000000
6.770833	-0.094325	563000.000000
6.875000	-0.094085	563200.000000
6.979167	-0.094832	563400.000000
7.083333	-0.094905	563600.000000
7.187500	-0.094335	563800.000000
7.291667	-0.094672	564000.000000
7.395833	-0.094905	564200.000000
7.500000	-0.095064	564400.000000
7.604167	-0.094953	564600.000000
7.708333	-0.094193	564800.000000
7.812500	-0.094316	565000.000000
7.916667	-0.094316	565200.000000
8.020833	-0.094606	565400.000000
8.125000	-0.094622	565600.000000
8.229167	-0.094262	565800.000000
8.333333	-0.094466	566000.000000
8.437500	-0.094559	566200.000000
8.541667	-0.093888	566400.000000
8.645833	-0.093900	566600.000000
8.750000	-0.094294	566800.000000
8.854167	-0.094852	567000.000000
8.958333	-0.094301	567200.000000
9.062500	-0.094682	567400.000000
9.166667	-0.094714	567600.000000
9.270833	-0.094262	567800.000000
9.375000	-0.094742	568000.000000
9.479167	-0.093951	568200.000000
9.583333	-0.094888	568400.000000
9.687500	-0.094644	568600.000000
9.791667	-0.094862	568800.000000
9.895833	-0.094968	569000.000000
10.000000	-0.094453	569200.000000
10.104167	-0.094347	569400.000000
10.208333	-0.094563	569600.000000
10.312500	-0.094666	569800.000000
10.416667	-0.093575	570000.000000
10.520833	-0.094715	570200.000000
10.625000	-0.094775	570400.000000
10.729167	-0.094557	570600.000000
10.833333	-0.094468	570800.000000
10.937500	-0.095094	571000.000000
11.041667	-0.094262	571200.000000
11.145833	-0.095231	571400.000000
11.250000	-0.094924	571600.000000
11.354167	-0.094276	571800.000000
11.458333	-0.094312	572000.000000
11.562500	-0.094873	572200.000000
11.666667	-0.095022	572400.000000
11.770833	-0.095088	572600.000000
11.875000	-0.095015	572800.000000
11.979167	-0.094481	573000.000000
12.083333	-0.094949	573200.000000
12.187500	-0.094767	573400.000000
12.291667	-0.094083	573600.000000
12.395833	-0.095268	573800.000000
12.500000	-0.095830	574000.000000
12.604167	-0.095091	574200.000000
12.708333	-0.094632	574400.000000
12.812500	-0.094756	574600.000000
12.916667	-0.094580	574800.000000
13.020833	-0.094987	575000.000000
13.125000	-0.094365	575200.000000
13.229167	-0.094960	575400.000000
13.333333	-0.094894	575600.000000
13.437500	-0.095589	575800.000000
13.541667	-0.095024	576000.000000
13.645833	-0.094464	576200.000000
13.750000	-0.094659	576400.000000
13.854167	-0.094463	576600.000000
13.958333	-0.094788	576800.000000
14.062500	-0.094652	577000.000000
14.166667	-0.094722	577200.000000
14.270833	-0.094469	577400.000000
14.375000	-0.094954	577600.000000
14.479167	-0.094993	577800.000000
14.583333	-0.095044	578000.000000
14.687500	-0.094823	578200.000000
14.791667	-0.094788	578400.000000
14.895833	-0.094463	578600.000000
15.000000	-0.094773	578800.000000
15.104167	-0.093804	579000.000000
15.208333	-0.094480	579200.000000
15.312500	-0.094490	579400.000000
15.416667	-0.095266	579600.000000
15.520833	-0.094964	579800.000000
15.625000	-0.094967	580000.000000
15.729167	-0.094899	580200.000000
15.833333	-0.094781	580400.000000
15.937500	-0.094377	580600.000000
16.041667	-0.095082	580800.000000
16.145833	-0.094616	581000.000000
16.250000	-0.095299	581200.000000
16.354167	-0.094968	581400.000000
16.458333	-0.094777	581600.000000
16.562500	-0.094744	581800.000000
16.666667	-0.094913	582000.000000
16.770833	-0.094085	582200.000000
16.875000	-0.094727	582400.000000
16.979167	-0.095453	582600.000000
17.083333	-0.095255	582800.000000
17.187500	-0.095017	583000.000000
17.291667	-0.094900	583200.000000
17.395833	-0.094502	583400.000000
17.500000	-0.094912	583600.000000
17.604167	-0.095054	583800.000000
17.708333	-0.095443	584000.000000
17.812500	-0.094720	584200.000000
17.916667	-0.095589	584400.000000
18.020833	-0.094840	584600.000000
18.125000	-0.095198	584800.000000
18.229167	-0.094194	585000.000000
18.333333	-0.094306	585200.000000
18.437500	-0.094998	585400.000000
18.541667	-0.094632	585600.000000
18.645833	-0.094414	585800.000000
18.750000	-0.095343	586000.000000
18.854167	-0.094943	586200.000000
18.958333	-0.094750	586400.000000
19.062500	-0.095533	586600.000000
19.166667	-0.094988	586800.000000
19.270833	-0.094644	587000.000000
19.375000	-0.094256	587200.000000
19.479167	-0.094481	587400.000000
19.583333	-0.094662	587600.000000
19.687500	-0.095498	587800.000000
19.791667	-0.094908	588000.000000
19.895833	-0.094926	588200.000000
20.000000	-0.095108	588400.000000
20.104167	-0.094992	588600.000000
20.208333	-0.094717	588800.000000
20.312500	-0.094644	589000.000000
20.416667	-0.094529	589200.000000
20.520833	-0.094314	589400.000000
20.625000	-0.094688	589600.000000
20.729167	-0.094714	589800.000000
20.833333	-0.094381	590000.000000
20.937500	-0.094572	590200.000000
21.041667	-0.094033	590400.000000
21.145833	-0.094565	590600.000000
21.250000	-0.094573	590800.000000
21.354167	-0.094624	591000.000000
21.458333	-0.094641	591200.000000
21.562500	-0.093991	591400.000000
21.666667	-0.094175	591600.000000
21.770833	-0.094617	591800.000000
21.875000	-0.094694	592000.000000
21.979167	-0.094311	592200.000000
22.083333	-0.094390	592400.000000
22.187500	-0.093701	592600.000000
22.291667	-0.093871	592800.000000
22.395833	-0.093767	593000.000000
22.500000	-0.094271	593200.000000
22.604167	-0.094566	593400.000000
22.708333	-0.093636	593600.000000
22.812500	-0.093307	593800.000000
22.916667	-0.093232	594000.000000
23.020833	-0.093108	594200.000000
23.125000	-0.093807	594400.000000
23.229167	-0.093914	594600.000000
23.333333	-0.093976	594800.000000
23.437500	-0.093629	595000.000000
23.541667	-0.094406	595200.000000
23.645833	-0.094837	595400.000000
23.750000	-0.095364	595600.000000
23.854167	-0.096298	595800.000000
23.958333	-0.099150	596000.000000
24.062500	-0.105682	596200.000000
24.166667	-0.115391	596400.000000
24.270833	-0.129378	596600.000000
24.375000	-0.141486	596800.000000
24.479167	-0.141064	597000.000000
24.583333	-0.121357	597200.000000
24.687500	-0.090360	597400.000000
24.791667	-0.060388	597600.000000
24.895833	-0.045821	597800.000000
25.000000	-0.048085	598000.000000
25.104167	-0.060994	598200.000000
25.208333	-0.075430	598400.000000
25.312500	-0.087291	598600.000000
25.416667	-0.094733	598800.000000
25.520833	-0.097258	599000.000000
25.625000	-0.097384	599200.000000
25.729167	-0.096536	599400.000000
25.833333	-0.096248	599600.000000
25.937500	-0.095722	599800.000000
26.041667	-0.092876	600000.000000
26.145833	-0.089580	600200.000000
26.250000	-0.088880	600400.000000
26.354167	-0.091567	600600.000000
26.458333	-0.098627	600800.000000
26.562500	-0.104330	601000.000000
26.666667	-0.104889	601200.000000
26.770833	-0.099887	601400.000000
26.875000	-0.094501	601600.000000
26.979167	-0.093196	601800.000000
27.083333	-0.093437	602000.000000
27.187500	-0.094513	602200.000000
27.291667	-0.094909	602400.000000
27.395833	-0.096726	602600.000000
27.500000	-0.098119	602800.000000
27.604167	-0.099223	603000.000000
27.708333	-0.098839	603200.000000
27.812500	-0.096024	603400.000000
27.916667	-0.092658	603600.000000
28.020833	-0.090616	603800.000000
28.125000	-0.091603	604000.000000
28.229167	-0.095060	604200.000000
28.333333	-0.098622	604400.000000
28.437500	-0.100341	604600.000000
28.541667	-0.097422	604800.000000
28.645833	-0.093085	605000.000000
28.750000	-0.092485	605200.000000
28.854167	-0.094312	605400.000000
28.958333	-0.096085	605600.000000
29.062500	-0.097006	605800.000000
29.166667	-0.096309	606000.000000
29.270833	-0.094022	606200.000000
29.375000	-0.092829	606400.000000
29.479167	-0.093012	606600.000000
29.583333	-0.092491	606800.000000
29.687500	-0.093178	607000.000000
29.791667	-0.094064	607200.000000
29.895833	-0.094286	607400.000000
30.000000	-0.094810	607600.000000
30.104167	-0.096378	607800.000000
30.208333	-0.096086	608000.000000
30.312500	-0.096192	608200.000000
30.416667	-0.097080	608400.000000
30.520833	-0.095931	608600.000000
30.625000	-0.094782	608800.000000
30.729167	-0.093919	609000.000000
30.833333	-0.093066	609200.000000
30.937500	-0.093182	609400.000000
31.041667	-0.093667	609600.000000
31.145833	-0.095538	609800.000000
31.250000	-0.095706	610000.000000
31.354167	-0.095321	610200.000000
31.458333	-0.094786	610400.000000
31.562500	-0.094027	610600.000000
31.666667	-0.094306	610800.000000
31.770833	-0.095009	611000.000000
31.875000	-0.095654	611200.000000
31.979167	-0.095910	611400.000000
32.083333	-0.096463	611600.000000
32.187500	-0.096296	611800.000000
32.291667	-0.094616	612000.000000
32.395833	-0.095124	612200.000000
32.500000	-0.095411	612400.000000
32.604167	-0.095345	612600.000000
32.708333	-0.094671	612800.000000
32.812500	-0.093596	613000.000000
32.916667	-0.094167	613200.000000
33.020833	-0.094979	613400.000000
33.125000	-0.095728	613600.000000
33.229167	-0.096171	613800.000000
33.333333	-0.095306	614000.000000
33.437500	-0.093687	614200.000000
33.541667	-0.092365	614400.000000
33.645833	-0.091816	614600.000000
33.750000	-0.092256	614800.000000
33.854167	-0.095427	615000.000000
33.958333	-0.097675	615200.000000
34.062500	-0.099355	615400.000000
34.166667	-0.097446	615600.000000
34.270833	-0.095650	615800.000000
34.375000	-0.094879	616000.000000
34.479167	-0.094595	616200.000000
34.583333	-0.093313	616400.000000
34.687500	-0.092782	616600.000000
34.791667	-0.094007	616800.000000
34.895833	-0.094544	617000.000000
35.000000	-0.094198	617200.000000
35.104167	-0.094553	617400.000000
35.208333	-0.095256	617600.000000
35.312500	-0.093647	617800.000000
35.416667	-0.094615	618000.000000
35.520833	-0.095804	618200.000000
35.625000	-0.094258	618400.000000
35.729167	-0.095995	618600.000000
35.833333	-0.096346	618800.000000
35.937500	-0.096690	619000.000000
36.041667	-0.097344	619200.000000
36.145833	-0.096199	619400.000000
36.250000	-0.095170	619600.000000
36.354167	-0.093661	619800.000000
36.458333	-0.092373	620000.000000
36.562500	-0.092180	620200.000000
36.666667	-0.094470	620400.000000
36.770833	-0.096595	620600.000000
36.875000	-0.098953	620800.000000
36.979167	-0.098595	621000.000000
37.083333	-0.096312	621200.000000
37.187500	-0.093230	621400.000000
37.291667	-0.092619	621600.000000
37.395833	-0.094448	621800.000000
37.500000	-0.095920	622000.000000
37.604167	-0.098471	622200.000000
37.708333	-0.098426	622400.000000
37.812500	-0.097241	622600.000000
37.916667	-0.096628	622800.000000
38.020833	-0.095411	623000.000000
38.125000	-0.094684	623200.000000
38.229167	-0.094757	623400.000000
38.333333	-0.094071	623600.000000
38.437500	-0.093585	623800.000000
38.541667	-0.095760	624000.000000
38.645833	-0.097602	624200.000000
38.750000	-0.096427	624400.000000
38.854167	-0.094260	624600.000000
38.958333	-0.092758	624800.000000
39.062500	-0.092751	625000.000000
39.166667	-0.094971	625200.000000
39.270833	-0.096785	625400.000000
39.375000	-0.096862	625600.000000
39.479167	-0.097641	625800.000000
39.583333	-0.097491	626000.000000
39.687500	-0.096785	626200.000000
39.791667	-0.095607	626400.000000
39.895833	-0.093731	626600.000000
40.000000	-0.091754	626800.000000
40.104167	-0.092747	627000.000000
40.208333	-0.095323	627200.000000
40.312500	-0.096925	627400.000000
40.416667	-0.098167	627600.000000
40.520833	-0.097296	627800.000000
40.625000	-0.094486	628000.000000
40.729167	-0.091833	628200.000000
40.833333	-0.092930	628400.000000
40.937500	-0.095573	628600.000000
41.041667	-0.098641	628800.000000
41.145833	-0.099586	629000.000000
41.250000	-0.098358	629200.000000
41.354167	-0.097359	629400.000000
41.458333	-0.096176	629600.000000
41.562500	-0.094393	629800.000000
41.666667	-0.092456	630000.000000
41.770833	-0.093481	630200.000000
41.875000	-0.094869	630400.000000
41.979167	-0.096497	630600.000000
42.083333	-0.096669	630800.000000
42.187500	-0.096646	631000.000000
42.291667	-0.096500	631200.000000
42.395833	-0.095818	631400.000000
42.500000	-0.093509	631600.000000
42.604167	-0.093101	631800.000000
42.708333	-0.094468	632000.000000
42.812500	-0.095671	632200.000000
42.916667	-0.097512	632400.000000
43.020833	-0.098351	632600.000000
43.125000	-0.097634	632800.000000
43.229167	-0.096103	633000.000000
43.333333	-0.096187	633200.000000
43.437500	-0.095771	633400.000000
43.541667	-0.094937	633600.000000
43.645833	-0.095290	633800.000000
43.750000	-0.095422	634000.000000
43.854167	-0.096263	634200.000000
43.958333	-0.096892	634400.000000
44.062500	-0.096642	634600.000000
44.166667	-0.094762	634800.000000
44.270833	-0.093153	635000.000000
44.375000	-0.094002	635200.000000
44.479167	-0.094740	635400.000000
44.583333	-0.096425	635600.000000
44.687500	-0.097142	635800.000000
44.791667	-0.097232	636000.000000
44.895833	-0.096928	636200.000000
45.000000	-0.095880	636400.000000
45.104167	-0.096422	636600.000000
45.208333	-0.096006	636800.000000
45.312500	-0.095721	637000.000000
45.416667	-0.095459	637200.000000
45.520833	-0.095324	637400.000000
45.625000	-0.094993	637600.000000
45.729167	-0.094968	637800.000000
45.833333	-0.094795	638000.000000
45.937500	-0.094760	638200.000000
46.041667	-0.095071	638400.000000
46.145833	-0.096937	638600.000000
46.250000	-0.096752	638800.000000
46.354167	-0.096608	639000.000000
46.458333	-0.096564	639200.000000
46.562500	-0.096179	639400.000000
46.666667	-0.096432	639600.000000
46.770833	-0.096656	639800.000000
46.875000	-0.095610	640000.000000
46.979167	-0.095257	640200.000000
47.083333	-0.095094	640400.000000
47.187500	-0.095411	640600.000000
47.291667	-0.096604	640800.000000
47.395833	-0.096778	641000.000000
47.500000	-0.096123	641200.000000
47.604167	-0.095611	641400.000000
47.708333	-0.094987	641600.000000
47.812500	-0.094975	641800.000000
47.916667	-0.096167	642000.000000
48.020833	-0.096835	642200.000000
48.125000	-0.095998	642400.000000
48.229167	-0.096710	642600.000000
48.333333	-0.095446	642800.000000
48.437500	-0.095053	643000.000000
48.541667	-0.095667	643200.000000
48.645833	-0.095432	643400.000000
48.750000	-0.096317	643600.000000
48.854167	-0.097769	643800.000000
48.958333	-0.096903	644000.000000
49.062500	-0.095939	644200.000000
49.166667	-0.095487	644400.000000
49.270833	-0.095480	644600.000000
49.375000	-0.094620	644800.000000
49.479167	-0.093831	645000.000000
49.583333	-0.095579	645200.000000
49.687500	-0.096945	645400.000000
49.791667	-0.097026	645600.000000
49.895833	-0.096835	645800.000000
50.000000	-0.094951	646000.000000
50.104167	-0.094542	646200.000000
50.208333	-0.096056	646400.000000
50.312500	-0.097283	646600.000000
50.416667	-0.097083	646800.000000
50.520833	-0.096627	647000.000000
50.625000	-0.096325	647200.000000
50.729167	-0.095488	647400.000000
50.833333	-0.095251	647600.000000
50.937500	-0.094444	647800.000000
51.041667	-0.094887	648000.000000
51.145833	-0.095078	648200.000000
51.250000	-0.095421	648400.000000
51.354167	-0.095996	648600.000000
51.458333	-0.096366	648800.000000
51.562500	-0.096937	649000.000000
51.666667	-0.096626	649200.000000
51.770833	-0.096048	649400.000000
51.875000	-0.095262	649600.000000
51.979167	-0.095185	649800.000000
52.083333	-0.095739	650000.000000
52.187500	-0.096823	650200.000000
52.291667	-0.096992	650400.000000
52.395833	-0.096950	650600.000000
52.500000	-0.097192	650800.000000
52.604167	-0.096278	651000.000000
52.708333	-0.094823	651200.000000
52.812500	-0.094433	651400.000000
52.916667	-0.094312	651600.000000
53.020833	-0.096783	651800.000000
53.125000	-0.097564	652000.000000
53.229167	-0.097068	652200.000000
53.333333	-0.096835	652400.000000
53.437500	-0.095317	652600.000000
53.541667	-0.093984	652800.000000
53.645833	-0.094844	653000.000000
53.750000	-0.095193	653200.000000
53.854167	-0.096373	653400.000000
53.958333	-0.097190	653600.000000
54.062500	-0.097471	653800.000000
54.166667	-0.097004	654000.000000
54.270833	-0.096370	654200.000000
54.375000	-0.095931	654400.000000
54.479167	-0.094886	654600.000000
54.583333	-0.095075	654800.000000
54.687500	-0.095371	655000.000000
54.791667	-0.096069	655200.000000
54.895833	-0.095149	655400.000000
55.000000	-0.095981	655600.000000
55.104167	-0.095212	655800.000000
55.208333	-0.096377	656000.000000
55.312500	-0.096301	656200.000000
55.416667	-0.096498	656400.000000
55.520833	-0.096423	656600.000000
55.625000	-0.096225	656800.000000
55.729167	-0.096280	657000.000000
55.833333	-0.096117	657200.000000
55.937500	-0.096460	657400.000000
56.041667	-0.095793	657600.000000
56.145833	-0.096431	657800.000000
56.250000	-0.095443	658000.000000
56.354167	-0.095466	658200.000000
56.458333	-0.095794	658400.000000
56.562500	-0.096149	658600.000000
56.666667	-0.096432	658800.000000
56.770833	-0.096463	659000.000000
56.875000	-0.096262	659200.000000
56.979167	-0.096694	659400.000000
57.083333	-0.096884	659600.000000
57.187500	-0.096734	659800.000000
57.291667	-0.096527	660000.000000
57.395833	-0.096877	660200.000000
57.500000	-0.097339	660400.000000
57.604167	-0.095576	660600.000000
57.708333	-0.095474	660800.000000
57.812500	-0.095759	661000.000000
57.916667	-0.096519	661200.000000
58.020833	-0.097408	661400.000000
58.125000	-0.096661	661600.000000
58.229167	-0.095790	661800.000000
58.333333	-0.095713	662000.000000
58.437500	-0.095499	662200.000000
58.541667	-0.095728	662400.000000
58.645833	-0.096459	662600.000000
58.750000	-0.096105	662800.000000
58.854167	-0.095934	663000.000000
58.958333	-0.096174	663200.000000
59.062500	-0.095914	663400.000000
59.166667	-0.095947	663600.000000
59.270833	-0.095839	663800.000000
59.375000	-0.097319	664000.000000
59.479167	-0.096556	664200.000000
59.583333	-0.096734	664400.000000
59.687500	-0.096504	664600.000000
59.791667	-0.096648	664800.000000
59.895833	-0.095725	665000.000000
60.000000	-0.094876	665200.000000
60.104167	-0.094692	665400.000000
60.208333	-0.095588	665600.000000
60.312500	-0.095844	665800.000000
60.416667	-0.096122	666000.000000
60.520833	-0.096861	666200.000000
60.625000	-0.096503	666400.000000
60.729167	-0.096754	666600.000000
60.833333	-0.096704	666800.000000
60.937500	-0.096431	667000.000000
61.041667	-0.096946	667200.000000
61.145833	-0.097011	667400.000000
61.250000	-0.096858	667600.000000
61.354167	-0.096165	667800.000000
61.458333	-0.096970	668000.000000
61.562500	-0.096530	668200.000000
61.666667	-0.095554	668400.000000
61.770833	-0.095518	668600.000000
61.875000	-0.095016	668800.000000
61.979167	-0.094807	669000.000000
62.083333	-0.095260	669200.000000
62.187500	-0.096768	669400.000000
62.291667	-0.096703	669600.000000
62.395833	-0.096784	669800.000000
62.500000	-0.096445	670000.000000
62.604167	-0.095754	670200.000000
62.708333	-0.095934	670400.000000
62.812500	-0.096277	670600.000000
62.916667	-0.096437	670800.000000
63.020833	-0.096781	671000.000000
63.125000	-0.096646	671200.000000
63.229167	-0.096289	671400.000000
63.333333	-0.096762	671600.000000
63.437500	-0.096698	671800.000000
63.541667	-0.096340	672000.000000
63.645833	-0.095890	672200.000000
63.750000	-0.096127	672400.000000
63.854167	-0.094940	672600.000000
63.958333	-0.095596	672800.000000
64.062500	-0.096519	673000.000000
64.166667	-0.095592	673200.000000
64.270833	-0.096193	673400.000000
64.375000	-0.096975	673600.000000
64.479167	-0.096611	673800.000000
64.583333	-0.096864	674000.000000
64.687500	-0.096433	674200.000000
64.791667	-0.096034	674400.000000
64.895833	-0.096495	674600.000000
65.000000	-0.095867	674800.000000
65.104167	-0.095860	675000.000000
65.208333	-0.096443	675200.000000
65.312500	-0.097644	675400.000000
65.416667	-0.097080	675600.000000
65.520833	-0.095788	675800.000000
65.625000	-0.095178	676000.000000
65.729167	-0.094453	676200.000000
65.833333	-0.096669	676400.000000
65.937500	-0.097062	676600.000000
66.041667	-0.096767	676800.000000
66.145833	-0.096140	677000.000000
66.250000	-0.097075	677200.000000
66.354167	-0.096036	677400.000000
66.458333	-0.096602	677600.000000
66.562500	-0.096594	677800.000000
66.666667	-0.095605	678000.000000
66.770833	-0.095620	678200.000000
66.875000	-0.096020	678400.000000
66.979167	-0.096148	678600.000000
67.083333	-0.096667	678800.000000
67.187500	-0.096192	679000.000000
67.291667	-0.096097	679200.000000
67.395833	-0.095620	679400.000000
67.500000	-0.096389	679600.000000
67.604167	-0.096325	679800.000000
67.708333	-0.096916	680000.000000
67.812500	-0.096702	680200.000000
67.916667	-0.097843	680400.000000
68.020833	-0.096807	680600.000000
68.125000	-0.095824	680800.000000
68.229167	-0.096000	681000.000000
68.333333	-0.095576	681200.000000
68.437500	-0.096264	681400.000000
68.541667	-0.097323	681600.000000
68.645833	-0.097446	681800.000000
68.750000	-0.097614	682000.000000
68.854167	-0.096846	682200.000000
68.958333	-0.096020	682400.000000
69.062500	-0.096258	682600.000000
69.166667	-0.096001	682800.000000
69.270833	-0.095772	683000.000000
69.375000	-0.096353	683200.000000
69.479167	-0.096993	683400.000000
69.583333	-0.097285	683600.000000
69.687500	-0.097463	683800.000000
69.791667	-0.096352	684000.000000
69.895833	-0.096308	684200.000000
70.000000	-0.096111	684400.000000
70.104167	-0.096175	684600.000000
70.208333	-0.096897	684800.000000
70.312500	-0.097379	685000.000000
70.416667	-0.097183	685200.000000
70.520833	-0.097098	685400.000000
70.625000	-0.095818	685600.000000
70.729167	-0.095971	685800.000000
70.833333	-0.096065	686000.000000
70.937500	-0.096378	686200.000000
71.041667	-0.095415	686400.000000
71.145833	-0.096248	686600.000000
71.250000	-0.097361	686800.000000
71.354167	-0.097121	687000.000000
71.458333	-0.097367	687200.000000
71.562500	-0.096690	687400.000000
71.666667	-0.096992	687600.000000
71.770833	-0.096634	687800.000000
71.875000	-0.096672	688000.000000
71.979167	-0.096971	688200.000000
72.083333	-0.096921	688400.000000
72.187500	-0.096646	688600.000000
72.291667	-0.096026	688800.000000
72.395833	-0.095837	689000.000000
72.500000	-0.096355	689200.000000
72.604167	-0.096789	689400.000000
72.708333	-0.096223	689600.000000
72.812500	-0.096762	689800.000000
72.916667	-0.096519	690000.000000
73.020833	-0.096737	690200.000000
73.125000	-0.096436	690400.000000
73.229167	-0.095969	690600.000000
73.333333	-0.096571	690800.000000
73.437500	-0.096279	691000.000000
73.541667	-0.097137	691200.000000
73.645833	-0.096413	691400.000000
73.750000	-0.096440	691600.000000
73.854167	-0.096356	691800.000000
73.958333	-0.094987	692000.000000
74.062500	-0.095687	692200.000000
74.166667	-0.096549	692400.000000
74.270833	-0.096884	692600.000000
74.375000	-0.097608	692800.000000
74.479167	-0.096279	693000.000000
74.583333	-0.096283	693200.000000
74.687500	-0.096519	693400.000000
74.791667	-0.095832	693600.000000
74.895833	-0.096150	693800.000000
75.000000	-0.097004	694000.000000
75.104167	-0.096673	694200.000000
75.208333	-0.097387	694400.000000
75.312500	-0.097206	694600.000000
75.416667	-0.096656	694800.000000
75.520833	-0.096062	695000.000000
75.625000	-0.096269	695200.000000
75.729167	-0.095632	695400.000000
75.833333	-0.096082	695600.000000
75.937500	-0.097225	695800.000000
76.041667	-0.096976	696000.000000
76.145833	-0.096622	696200.000000
76.250000	-0.096836	696400.000000
76.354167	-0.095780	696600.000000
76.458333	-0.095056	696800.000000
76.562500	-0.096167	697000.000000
76.666667	-0.096852	697200.000000
76.770833	-0.096840	697400.000000
76.875000	-0.097876	697600.000000
76.979167	-0.096689	697800.000000
77.083333	-0.096018	698000.000000
77.187500	-0.096552	698200.000000
77.291667	-0.095583	698400.000000
77.395833	-0.095810	698600.000000
77.500000	-0.096608	698800.000000
77.604167	-0.097073	699000.000000
77.708333	-0.096293	699200.000000
77.812500	-0.096931	699400.000000
77.916667	-0.097011	699600.000000
78.020833	-0.097272	699800.000000
78.125000	-0.096106	700000.000000
78.229167	-0.096328	700200.000000
78.333333	-0.096687	700400.000000
78.437500	-0.096607	700600.000000
78.541667	-0.097553	700800.000000
78.645833	-0.096443	701000.000000
78.750000	-0.096497	701200.000000
78.854167	-0.096053	701400.000000
78.958333	-0.095220	701600.000000
79.062500	-0.096856	701800.000000
79.166667	-0.096942	702000.000000
79.270833	-0.096620	702200.000000
79.375000	-0.096809	702400.000000
79.479167	-0.096355	702600.000000
79.583333	-0.096837	702800.000000
79.687500	-0.096988	703000.000000
79.791667	-0.095811	703200.000000
79.895833	-0.095670	703400.000000
80.000000	-0.095139	703600.000000
80.104167	-0.095601	703800.000000
80.208333	-0.096501	704000.000000
80.312500	-0.097321	704200.000000
80.416667	-0.097384	704400.000000
80.520833	-0.096332	704600.000000
80.625000	-0.096830	704800.000000
80.729167	-0.097297	705000.000000
80.833333	-0.096580	705200.000000
80.937500	-0.096269	705400.000000
81.041667	-0.096247	705600.000000
81.145833	-0.096183	705800.000000
81.250000	-0.095680	706000.000000
81.354167	-0.096614	706200.000000
81.458333	-0.096939	706400.000000
81.562500	-0.096756	706600.000000
81.666667	-0.096561	706800.000000
81.770833	-0.096207	707000.000000
81.875000	-0.096244	707200.000000
81.979167	-0.096850	707400.000000
82.083333	-0.096693	707600.000000
82.187500	-0.097205	707800.000000
82.291667	-0.097080	708000.000000
82.395833	-0.096908	708200.000000
82.500000	-0.097083	708400.000000
82.604167	-0.096925	708600.000000
82.708333	-0.096562	708800.000000
82.812500	-0.096412	709000.000000
82.916667	-0.096198	709200.000000
83.020833	-0.096776	709400.000000
83.125000	-0.096573	709600.000000
83.229167	-0.097449	709800.000000
83.333333	-0.096769	710000.000000
83.437500	-0.096070	710200.000000
83.541667	-0.096607	710400.000000
83.645833	-0.096710	710600.000000
83.750000	-0.096210	710800.000000
83.854167	-0.095777	711000.000000
83.958333	-0.096398	711200.000000
84.062500	-0.096843	711400.000000
84.166667	-0.096430	711600.000000
84.270833	-0.096612	711800.000000
84.375000	-0.096780	712000.000000
84.479167	-0.097411	712200.000000
84.583333	-0.096623	712400.000000
84.687500	-0.097465	712600.000000
84.791667	-0.097557	712800.000000
84.895833	-0.096801	713000.000000
85.000000	-0.096580	713200.000000
85.104167	-0.096489	713400.000000
85.208333	-0.096688	713600.000000
85.312500	-0.096363	713800.000000
85.416667	-0.096466	714000.000000
85.520833	-0.097018	714200.000000
85.625000	-0.096483	714400.000000
85.729167	-0.097101	714600.000000
85.833333	-0.097453	714800.000000
85.937500	-0.097849	715000.000000
86.041667	-0.097705	715200.000000
86.145833	-0.097037	715400.000000
86.250000	-0.096823	715600.000000
86.354167	-0.096452	715800.000000
86.458333	-0.096539	716000.000000
86.562500	-0.097092	716200.000000
86.666667	-0.097212	716400.000000
86.770833	-0.096967	716600.000000
86.875000	-0.097474	716800.000000
86.979167	-0.097039	717000.000000
87.083333	-0.096618	717200.000000
87.187500	-0.096881	717400.000000
87.291667	-0.097013	717600.000000
87.395833	-0.097582	717800.000000
87.500000	-0.097411	718000.000000
87.604167	-0.097320	718200.000000
87.708333	-0.097213	718400.000000
87.812500	-0.097582	718600.000000
87.916667	-0.097953	718800.000000
88.020833	-0.097533	719000.000000
88.125000	-0.096018	719200.000000
88.229167	-0.097191	719400.000000
88.333333	-0.097366	719600.000000
88.437500	-0.097549	719800.000000
88.541667	-0.096907	720000.000000
88.645833	-0.096834	720200.000000
88.750000	-0.096730	720400.000000
88.854167	-0.095901	720600.000000
88.958333	-0.096679	720800.000000
89.062500	-0.096514	721000.000000
89.166667	-0.097314	721200.000000
89.270833	-0.097478	721400.000000
89.375000	-0.097125	721600.000000
89.479167	-0.097914	721800.000000
89.583333	-0.097844	722000.000000
89.687500	-0.096968	722200.000000
89.791667	-0.097219	722400.000000
89.895833	-0.097670	722600.000000
90.000000	-0.097393	722800.000000
90.104167	-0.097464	723000.000000
90.208333	-0.098214	723200.000000
90.312500	-0.097412	723400.000000
90.416667	-0.097948	723600.000000
90.520833	-0.097663	723800.000000
90.625000	-0.097088	724000.000000
90.729167	-0.096855	724200.000000
90.833333	-0.097630	724400.000000
90.937500	-0.096343	724600.000000
91.041667	-0.096664	724800.000000
91.145833	-0.097442	725000.000000
91.250000	-0.096326	725200.000000
91.354167	-0.097270	725400.000000
91.458333	-0.097042	725600.000000
91.562500	-0.097652	725800.000000
91.666667	-0.097169	726000.000000
91.770833	-0.097566	726200.000000
91.875000	-0.097437	726400.000000
91.979167	-0.097679	726600.000000
92.083333	-0.097439	726800.000000
92.187500	-0.097631	727000.000000
92.291667	-0.096962	727200.000000
92.395833	-0.097414	727400.000000
92.500000	-0.096638	727600.000000
92.604167	-0.097247	727800.000000
92.708333	-0.097550	728000.000000
92.812500	-0.097184	728200.000000
92.916667	-0.097896	728400.000000
93.020833	-0.098264	728600.000000
93.125000	-0.097682	728800.000000
93.229167	-0.097106	729000.000000
93.333333	-0.097133	729200.000000
93.437500	-0.097089	729400.000000
93.541667	-0.096928	729600.000000
93.645833	-0.097632	729800.000000
93.750000	-0.097385	730000.000000
93.854167	-0.096981	730200.000000
93.958333	-0.097714	730400.000000
94.062500	-0.097228	730600.000000
94.166667	-0.096473	730800.000000
94.270833	-0.096868	731000.000000
94.375000	-0.097299	731200.000000
94.479167	-0.097151	731400.000000
94.583333	-0.097548	731600.000000
94.687500	-0.097890	731800.000000
94.791667	-0.096953	732000.000000
94.895833	-0.096611	732200.000000
95.000000	-0.097198	732400.000000
95.104167	-0.098057	732600.000000
95.208333	-0.097756	732800.000000
95.312500	-0.097352	733000.000000
95.416667	-0.097266	733200.000000
95.520833	-0.097983	733400.000000
95.625000	-0.097384	733600.000000
95.729167	-0.097099	733800.000000
95.833333	-0.097122	734000.000000
95.937500	-0.097633	734200.000000
96.041667	-0.097119	734400.000000
96.145833	-0.097433	734600.000000
96.250000	-0.097283	734800.000000
96.354167	-0.096799	735000.000000
96.458333	-0.097079	735200.000000
96.562500	-0.097888	735400.000000
96.666667	-0.098235	735600.000000
96.770833	-0.098032	735800.000000
96.875000	-0.097603	736000.000000
96.979167	-0.097953	736200.000000
97.083333	-0.097426	736400.000000
97.187500	-0.097583	736600.000000
97.291667	-0.097114	736800.000000
97.395833	-0.097648	737000.000000
97.500000	-0.097146	737200.000000
97.604167	-0.098129	737400.000000
97.708333	-0.097024	737600.000000
97.812500	-0.097267	737800.000000
97.916667	-0.097060	738000.000000
98.020833	-0.097733	738200.000000
98.125000	-0.097713	738400.000000
98.229167	-0.096929	738600.000000
98.333333	-0.097161	738800.000000
98.437500	-0.097835	739000.000000
98.541667	-0.097872	739200.000000
98.645833	-0.098046	739400.000000
98.750000	-0.097876	739600.000000
98.854167	-0.097096	739800.000000
98.958333	-0.097312	740000.000000
99.062500	-0.096983	740200.000000
99.166667	-0.096935	740400.000000
99.270833	-0.098059	740600.000000
99.375000	-0.097960	740800.000000
99.479167	-0.097058	741000.000000
99.583333	-0.097428	741200.000000
99.687500	-0.097583	741400.000000
99.791667	-0.097668	741600.000000
99.895833	-0.097539	741800.000000
100.000000	-0.097005	742000.000000
100.104167	-0.096974	742200.000000
100.208333	-0.097197	742400.000000
100.312500	-0.098389	742600.000000
100.416667	-0.097243	742800.000000
100.520833	-0.097083	743000.000000
100.625000	-0.097100	743200.000000
100.729167	-0.097149	743400.000000
100.833333	-0.097898	743600.000000
100.937500	-0.096885	743800.000000
101.041667	-0.097492	744000.000000
101.145833	-0.098570	744200.000000
101.250000	-0.097176	744400.000000
101.354167	-0.096597	744600.000000
101.458333	-0.097292	744800.000000
101.562500	-0.096761	745000.000000
101.666667	-0.097818	745200.000000
101.770833	-0.098241	745400.000000
101.875000	-0.097510	745600.000000
101.979167	-0.097301	745800.000000
102.083333	-0.097693	746000.000000
102.187500	-0.097488	746200.000000
102.291667	-0.096721	746400.000000
102.395833	-0.097558	746600.000000
102.500000	-0.097637	746800.000000
102.604167	-0.097911	747000.000000
102.708333	-0.098166	747200.000000
102.812500	-0.097969	747400.000000
102.916667	-0.097637	747600.000000
103.020833	-0.098044	747800.000000
103.125000	-0.097911	748000.000000
103.229167	-0.097853	748200.000000
103.333333	-0.097940	748400.000000
103.437500	-0.097810	748600.000000
103.541667	-0.098153	748800.000000
103.645833	-0.098080	749000.000000
103.750000	-0.097958	749200.000000
103.854167	-0.097380	749400.000000
103.958333	-0.097940	749600.000000
104.062500	-0.097971	749800.000000
104.166667	-0.097213	750000.000000
104.270833	-0.097118	750200.000000
104.375000	-0.097378	750400.000000
104.479167	-0.097725	750600.000000
104.583333	-0.098472	750800.000000
104.687500	-0.098032	751000.000000
104.791667	-0.097894	751200.000000
104.895833	-0.097542	751400.000000
105.000000	-0.097503	751600.000000
105.104167	-0.097362	751800.000000
105.208333	-0.097591	752000.000000
105.312500	-0.097013	752200.000000
105.416667	-0.097346	752400.000000
105.520833	-0.096939	752600.000000
105.625000	-0.096739	752800.000000
105.729167	-0.097355	753000.000000
105.833333	-0.097969	753200.000000
105.937500	-0.097678	753400.000000
106.041667	-0.097542	753600.000000
106.145833	-0.098271	753800.000000
106.250000	-0.097595	754000.000000
106.354167	-0.097652	754200.000000
106.458333	-0.097434	754400.000000
106.562500	-0.097510	754600.000000
106.666667	-0.097198	754800.000000
106.770833	-0.097624	755000.000000
106.875000	-0.096885	755200.000000
106.979167	-0.097015	755400.000000
107.083333	-0.097213	755600.000000
107.187500	-0.098080	755800.000000
107.291667	-0.097326	756000.000000
107.395833	-0.097302	756200.000000
107.500000	-0.096839	756400.000000
107.604167	-0.098002	756600.000000
107.708333	-0.097300	756800.000000
107.812500	-0.097948	757000.000000
107.916667	-0.096809	757200.000000
108.020833	-0.096672	757400.000000
108.125000	-0.097777	757600.000000
108.229167	-0.097082	757800.000000
108.333333	-0.096825	758000.000000
108.437500	-0.096855	758200.000000
108.541667	-0.097033	758400.000000
108.645833	-0.097132	758600.000000
108.750000	-0.097922	758800.000000
108.854167	-0.097246	759000.000000
108.958333	-0.097690	759200.000000
109.062500	-0.098328	759400.000000
109.166667	-0.097752	759600.000000
109.270833	-0.097387	759800.000000
109.375000	-0.097562	760000.000000
109.479167	-0.097485	760200.000000
109.583333	-0.097263	760400.000000
109.687500	-0.097023	760600.000000
109.791667	-0.096618	760800.000000
109.895833	-0.097986	761000.000000
110.000000	-0.097609	761200.000000
110.104167	-0.097878	761400.000000
110.208333	-0.097315	761600.000000
110.312500	-0.097364	761800.000000
110.416667	-0.097960	762000.000000
110.520833	-0.097464	762200.000000
110.625000	-0.097408	762400.000000
110.729167	-0.097384	762600.000000
110.833333	-0.098080	762800.000000
110.937500	-0.098665	763000.000000
111.041667	-0.098085	763200.000000
111.145833	-0.098126	763400.000000
111.250000	-0.098316	763600.000000
111.354167	-0.097871	763800.000000
111.458333	-0.098003	764000.000000
111.562500	-0.097877	764200.000000
111.666667	-0.097977	764400.000000
111.770833	-0.098835	764600.000000
111.875000	-0.099621	764800.000000
111.979167	-0.098278	765000.000000
112.083333	-0.097746	765200.000000
112.187500	-0.098081	765400.000000
112.291667	-0.098804	765600.000000
112.395833	-0.098800	765800.000000
112.500000	-0.098208	766000.000000
112.604167	-0.097048	766200.000000
112.708333	-0.097092	766400.000000
112.812500	-0.097567	766600.000000
112.916667	-0.096526	766800.000000
113.020833	-0.096128	767000.000000
113.125000	-0.096295	767200.000000
113.229167	-0.096288	767400.000000
113.333333	-0.097022	767600.000000
113.437500	-0.096514	767800.000000
113.541667	-0.096426	768000.000000
113.645833	-0.097158	768200.000000
113.750000	-0.097960	768400.000000
113.854167	-0.097788	768600.000000
113.958333	-0.097686	768800.000000
114.062500	-0.098484	769000.000000
114.166667	-0.099049	769200.000000
114.270833	-0.098874	769400.000000
114.375000	-0.098042	769600.000000
114.479167	-0.098182	769800.000000
114.583333	-0.098416	770000.000000
114.687500	-0.098250	770200.000000
114.791667	-0.097541	770400.000000
114.895833	-0.098198	770600.000000
115.000000	-0.098006	770800.000000
115.104167	-0.097997	771000.000000
115.208333	-0.098224	771200.000000
115.312500	-0.098211	771400.000000
115.416667	-0.098357	771600.000000
115.520833	-0.097474	771800.000000
115.625000	-0.097447	772000.000000
115.729167	-0.097471	772200.000000
115.833333	-0.097814	772400.000000
115.937500	-0.097994	772600.000000
116.041667	-0.097906	772800.000000
116.145833	-0.097475	773000.000000
116.250000	-0.098530	773200.000000
116.354167	-0.097946	773400.000000
116.458333	-0.098236	773600.000000
116.562500	-0.099020	773800.000000
116.666667	-0.098661	774000.000000
116.770833	-0.098122	774200.000000
116.875000	-0.098182	774400.000000
116.979167	-0.098319	774600.000000
117.083333	-0.098398	774800.000000
117.187500	-0.098950	775000.000000
117.291667	-0.098632	775200.000000
117.395833	-0.097535	775400.000000
117.500000	-0.098296	775600.000000
117.604167	-0.098109	775800.000000
117.708333	-0.098393	776000.000000
117.812500	-0.098931	776200.000000
117.916667	-0.098621	776400.000000
118.020833	-0.098722	776600.000000
118.125000	-0.098872	776800.000000
118.229167	-0.098412	777000.000000
118.333333	-0.099063	777200.000000
118.437500	-0.099112	777400.000000
118.541667	-0.098536	777600.000000
118.645833	-0.098032	777800.000000
118.750000	-0.098351	778000.000000
118.854167	-0.098337	778200.000000
118.958333	-0.098685	778400.000000
119.062500	-0.097475	778600.000000
119.166667	-0.098165	778800.000000
119.270833	-0.098051	779000.000000
119.375000	-0.097759	779200.000000
119.479167	-0.097399	779400.000000
119.583333	-0.097465	779600.000000
119.687500	-0.097275	779800.000000
119.791667	-0.097698	780000.000000
119.895833	-0.098696	780200.000000
120.000000	-0.098895	780400.000000
120.104167	-0.098025	780600.000000
120.208333	-0.098469	780800.000000
120.312500	-0.097872	781000.000000
120.416667	-0.098329	781200.000000
120.520833	-0.097917	781400.000000
120.625000	-0.098091	781600.000000
120.729167	-0.098145	781800.000000
120.833333	-0.097887	782000.000000
120.937500	-0.098243	782200.000000
121.041667	-0.097274	782400.000000
121.145833	-0.097580	782600.000000
121.250000	-0.098196	782800.000000
121.354167	-0.098501	783000.000000
121.458333	-0.097788	783200.000000
121.562500	-0.098047	783400.000000
121.666667	-0.098534	783600.000000
121.770833	-0.098118	783800.000000
121.875000	-0.098315	784000.000000
121.979167	-0.097370	784200.000000
122.083333	-0.098376	784400.000000
122.187500	-0.097937	784600.000000
122.291667	-0.098033	784800.000000
122.395833	-0.098693	785000.000000
122.500000	-0.098991	785200.000000
122.604167	-0.098673	785400.000000
122.708333	-0.097713	785600.000000
122.812500	-0.098511	785800.000000
122.916667	-0.098486	786000.000000
123.020833	-0.098076	786200.000000
123.125000	-0.098678	786400.000000
123.229167	-0.097988	786600.000000
123.333333	-0.098138	786800.000000
123.437500	-0.099139	787000.000000
123.541667	-0.098490	787200.000000
123.645833	-0.097993	787400.000000
123.750000	-0.098804	787600.000000
123.854167	-0.098634	787800.000000
123.958333	-0.098133	788000.000000
124.062500	-0.098533	788200.000000
124.166667	-0.097415	788400.000000
124.270833	-0.098295	788600.000000
124.375000	-0.097588	788800.000000
124.479167	-0.098598	789000.000000
124.583333	-0.098468	789200.000000
124.687500	-0.098038	789400.000000
124.791667	-0.098535	789600.000000
124.895833	-0.098846	789800.000000
125.000000	-0.098325	790000.000000
125.104167	-0.097979	790200.000000
125.208333	-0.098170	790400.000000
125.312500	-0.097970	790600.000000
125.416667	-0.097808	790800.000000
125.520833	-0.098434	791000.000000
125.625000	-0.098714	791200.000000
125.729167	-0.097984	791400.000000
125.833333	-0.098772	791600.000000
125.937500	-0.098847	791800.000000
126.041667	-0.098307	792000.000000
126.145833	-0.098660	792200.000000
126.250000	-0.097901	792400.000000
126.354167	-0.098307	792600.000000
126.458333	-0.098020	792800.000000
126.562500	-0.097997	793000.000000
126.666667	-0.097727	793200.000000
126.770833	-0.097532	793400.000000
126.875000	-0.097982	793600.000000
126.979167	-0.097829	793800.000000
127.083333	-0.098609	794000.000000
127.187500	-0.098514	794200.000000
127.291667	-0.098598	794400.000000
127.395833	-0.098405	794600.000000
127.500000	-0.098048	794800.000000
127.604167	-0.098200	795000.000000
127.708333	-0.097911	795200.000000
127.812500	-0.098089	795400.000000
127.916667	-0.097837	795600.000000
128.020833	-0.097466	795800.000000
128.125000	-0.098451	796000.000000
128.229167	-0.098651	796200.000000
128.333333	-0.097564	796400.000000
128.437500	-0.098231	796600.000000
128.541667	-0.098150	796800.000000
128.645833	-0.098967	797000.000000
128.750000	-0.098259	797200.000000
128.854167	-0.097972	797400.000000
128.958333	-0.098279	797600.000000
129.062500	-0.098861	797800.000000
129.166667	-0.098983	798000.000000
129.270833	-0.098857	798200.000000
129.375000	-0.098364	798400.000000
129.479167	-0.098823	798600.000000
129.583333	-0.098660	798800.000000
129.687500	-0.099286	799000.000000
129.791667	-0.098782	799200.000000
129.895833	-0.098752	799400.000000
130.000000	-0.098274	799600.000000
130.104167	-0.098691	799800.000000
130.208333	-0.098884	800000.000000
