0.000000	-0.101607	550000.000000
0.104167	-0.101680	550200.000000
0.208333	-0.101600	550400.000000
0.312500	-0.100911	550600.000000
0.416667	-0.101061	550800.000000
0.520833	-0.101003	551000.000000
0.625000	-0.100645	551200.000000
0.729167	-0.100268	551400.000000
0.833333	-0.101547	551600.000000
0.937500	-0.100989	551800.000000
1.041667	-0.100625	552000.000000
1.145833	-0.101327	552200.000000
1.250000	-0.101550	552400.000000
1.354167	-0.100722	552600.000000
1.458333	-0.099785	552800.000000
1.562500	-0.100143	553000.000000
1.666667	-0.100478	553200.000000
1.770833	-0.100145	553400.000000
1.875000	-0.101338	553600.000000
1.979167	-0.100411	553800.000000
2.083333	-0.101322	554000.000000
2.187500	-0.100633	554200.000000
2.291667	-0.100558	554400.000000
2.395833	-0.101009	554600.000000
2.500000	-0.100830	554800.000000
2.604167	-0.100627	555000.000000
2.708333	-0.101058	555200.000000
2.812500	-0.100785	555400.000000
2.916667	-0.100907	555600.000000
3.020833	-0.101128	555800.000000
3.125000	-0.100591	556000.000000
3.229167	-0.100673	556200.000000
3.333333	-0.101039	556400.000000
3.437500	-0.100442	556600.000000
3.541667	-0.100557	556800.000000
3.645833	-0.100543	557000.000000
3.750000	-0.101015	557200.000000
3.854167	-0.100822	557400.000000
3.958333	-0.100859	557600.000000
4.062500	-0.100717	557800.000000
4.166667	-0.100461	558000.000000
4.270833	-0.100799	558200.000000
4.375000	-0.101296	558400.000000
4.479167	-0.100931	558600.000000
4.583333	-0.101420	558800.000000
4.687500	-0.101349	559000.000000
4.791667	-0.100727	559200.000000
4.895833	-0.100652	559400.000000
5.000000	-0.101341	559600.000000
5.104167	-0.101092	559800.000000
5.208333	-0.101051	560000.000000
5.312500	-0.101273	560200.000000
5.416667	-0.101058	560400.000000
5.520833	-0.101567	560600.000000
5.625000	-0.102294	560800.000000
5.729167	-0.101741	561000.000000
5.833333	-0.101423	561200.000000
5.937500	-0.101310	561400.000000
6.041667	-0.101414	561600.000000
6.145833	-0.101206	561800.000000
6.250000	-0.101460	562000.000000
6.354167	-0.100969	562200.000000
6.458333	-0.100980	562400.000000
6.562500	-0.101480	562600.000000
6.666667	-0.100944	562800.000000
6.770833	-0.100939	563000.000000
6.875000	-0.101029	563200.000000
6.979167	-0.100778	563400.000000
7.083333	-0.101041	563600.000000
7.187500	-0.101146	563800.000000
7.291667	-0.101045	564000.000000
7.395833	-0.101397	564200.000000
7.500000	-0.100832	564400.000000
7.604167	-0.100601	564600.000000
7.708333	-0.100834	564800.000000
7.812500	-0.101052	565000.000000
7.916667	-0.100560	565200.000000
8.020833	-0.100607	565400.000000
8.125000	-0.101535	565600.000000
8.229167	-0.100432	565800.000000
8.333333	-0.100405	566000.000000
8.437500	-0.100684	566200.000000
8.541667	-0.100254	566400.000000
8.645833	-0.100602	566600.000000
8.750000	-0.100601	566800.000000
8.854167	-0.100351	567000.000000
8.958333	-0.100581	567200.000000
9.062500	-0.100905	567400.000000
9.166667	-0.101468	567600.000000
9.270833	-0.101929	567800.000000
9.375000	-0.101989	568000.000000
9.479167	-0.101118	568200.000000
9.583333	-0.101690	568400.000000
9.687500	-0.100855	568600.000000
9.791667	-0.101734	568800.000000
9.895833	-0.101502	569000.000000
10.000000	-0.101771	569200.000000
10.104167	-0.101873	569400.000000
10.208333	-0.101504	569600.000000
10.312500	-0.102189	569800.000000
10.416667	-0.100958	570000.000000
10.520833	-0.100692	570200.000000
10.625000	-0.101698	570400.000000
10.729167	-0.101101	570600.000000
10.833333	-0.100993	570800.000000
10.937500	-0.101075	571000.000000
11.041667	-0.101867	571200.000000
11.145833	-0.100827	571400.000000
11.250000	-0.100852	571600.000000
11.354167	-0.101106	571800.000000
11.458333	-0.101076	572000.000000
11.562500	-0.101131	572200.000000
11.666667	-0.101387	572400.000000
11.770833	-0.100268	572600.000000
11.875000	-0.100213	572800.000000
11.979167	-0.100903	573000.000000
12.083333	-0.100788	573200.000000
12.187500	-0.100239	573400.000000
12.291667	-0.101502	573600.000000
12.395833	-0.101051	573800.000000
12.500000	-0.101272	574000.000000
12.604167	-0.101603	574200.000000
12.708333	-0.100719	574400.000000
12.812500	-0.101116	574600.000000
12.916667	-0.101436	574800.000000
13.020833	-0.102256	575000.000000
13.125000	-0.102070	575200.000000
13.229167	-0.102581	575400.000000
13.333333	-0.102363	575600.000000
13.437500	-0.101537	575800.000000
13.541667	-0.101952	576000.000000
13.645833	-0.102394	576200.000000
13.750000	-0.102419	576400.000000
13.854167	-0.102319	576600.000000
13.958333	-0.102196	576800.000000
14.062500	-0.102127	577000.000000
14.166667	-0.101510	577200.000000
14.270833	-0.102138	577400.000000
14.375000	-0.101783	577600.000000
14.479167	-0.101987	577800.000000
14.583333	-0.102462	578000.000000
14.687500	-0.102492	578200.000000
14.791667	-0.101660	578400.000000
14.895833	-0.101876	578600.000000
15.000000	-0.102048	578800.000000
15.104167	-0.102439	579000.000000
15.208333	-0.101666	579200.000000
15.312500	-0.101594	579400.000000
15.416667	-0.101854	579600.000000
15.520833	-0.101905	579800.000000
15.625000	-0.101958	580000.000000
15.729167	-0.102716	580200.000000
15.833333	-0.101809	580400.000000
15.937500	-0.101818	580600.000000
16.041667	-0.101498	580800.000000
16.145833	-0.101298	581000.000000
16.250000	-0.101600	581200.000000
16.354167	-0.101766	581400.000000
16.458333	-0.101035	581600.000000
16.562500	-0.101643	581800.000000
16.666667	-0.101336	582000.000000
16.770833	-0.101436	582200.000000
16.875000	-0.100892	582400.000000
16.979167	-0.100936	582600.000000
17.083333	-0.101111	582800.000000
17.187500	-0.101010	583000.000000
17.291667	-0.101015	583200.000000
17.395833	-0.100793	583400.000000
17.500000	-0.100810	583600.000000
17.604167	-0.100118	583800.000000
17.708333	-0.100677	584000.000000
17.812500	-0.099576	584200.000000
17.916667	-0.099098	584400.000000
18.020833	-0.099507	584600.000000
18.125000	-0.099115	584800.000000
18.229167	-0.099452	585000.000000
18.333333	-0.098556	585200.000000
18.437500	-0.099007	585400.000000
18.541667	-0.099052	585600.000000
18.645833	-0.098189	585800.000000
18.750000	-0.098189	586000.000000
18.854167	-0.097719	586200.000000
18.958333	-0.097247	586400.000000
19.062500	-0.097383	586600.000000
19.166667	-0.096294	586800.000000
19.270833	-0.096363	587000.000000
19.375000	-0.095721	587200.000000
19.479167	-0.095362	587400.000000
19.583333	-0.094458	587600.000000
19.687500	-0.093246	587800.000000
19.791667	-0.093606	588000.000000
19.895833	-0.093010	588200.000000
20.000000	-0.092188	588400.000000
20.104167	-0.090560	588600.000000
20.208333	-0.090413	588800.000000
20.312500	-0.089225	589000.000000
20.416667	-0.087301	589200.000000
20.520833	-0.086115	589400.000000
20.625000	-0.084232	589600.000000
20.729167	-0.082475	589800.000000
20.833333	-0.080826	590000.000000
20.937500	-0.078467	590200.000000
21.041667	-0.076609	590400.000000
21.145833	-0.074289	590600.000000
21.250000	-0.070776	590800.000000
21.354167	-0.066677	591000.000000
21.458333	-0.062869	591200.000000
21.562500	-0.059459	591400.000000
21.666667	-0.054921	591600.000000
21.770833	-0.049172	591800.000000
21.875000	-0.042267	592000.000000
21.979167	-0.035562	592200.000000
22.083333	-0.027697	592400.000000
22.187500	-0.018546	592600.000000
22.291667	-0.009304	592800.000000
22.395833	0.002658	593000.000000
22.500000	0.016280	593200.000000
22.604167	0.030070	593400.000000
22.708333	0.045817	593600.000000
22.812500	0.063108	593800.000000
22.916667	0.080324	594000.000000
23.020833	0.099177	594200.000000
23.125000	0.118519	594400.000000
23.229167	0.136762	594600.000000
23.333333	0.152928	594800.000000
23.437500	0.166862	595000.000000
23.541667	0.178450	595200.000000
23.645833	0.183922	595400.000000
23.750000	0.184020	595600.000000
23.854167	0.172555	595800.000000
23.958333	0.133670	596000.000000
24.062500	0.032691	596200.000000
24.166667	-0.188465	596400.000000
24.270833	-0.614386	596600.000000
24.375000	-1.257500	596800.000000
24.479167	-2.011468	597000.000000
24.583333	-2.647297	597200.000000
24.687500	-2.847596	597400.000000
24.791667	-2.500588	597600.000000
24.895833	-1.754555	597800.000000
25.000000	-0.905409	598000.000000
25.104167	-0.176738	598200.000000
25.208333	0.279187	598400.000000
25.312500	0.518654	598600.000000
25.416667	0.574750	598800.000000
25.520833	0.528776	599000.000000
25.625000	0.446993	599200.000000
25.729167	0.384907	599400.000000
25.833333	0.341727	599600.000000
25.937500	0.315440	599800.000000
26.041667	0.320327	600000.000000
26.145833	0.371192	600200.000000
26.250000	0.456892	600400.000000
26.354167	0.523335	600600.000000
26.458333	0.508828	600800.000000
26.562500	0.399747	601000.000000
26.666667	0.246782	601200.000000
26.770833	0.129517	601400.000000
26.875000	0.087962	601600.000000
26.979167	0.101890	601800.000000
27.083333	0.131418	602000.000000
27.187500	0.154131	602200.000000
27.291667	0.159993	602400.000000
27.395833	0.145280	602600.000000
27.500000	0.107789	602800.000000
27.604167	0.048225	603000.000000
27.708333	-0.020293	603200.000000
27.812500	-0.069024	603400.000000
27.916667	-0.069188	603600.000000
28.020833	-0.018994	603800.000000
28.125000	0.046506	604000.000000
28.229167	0.076994	604200.000000
28.333333	0.043964	604400.000000
28.437500	-0.033765	604600.000000
28.541667	-0.104420	604800.000000
28.645833	-0.125092	605000.000000
28.750000	-0.099312	605200.000000
28.854167	-0.070540	605400.000000
28.958333	-0.073340	605600.000000
29.062500	-0.105646	605800.000000
29.166667	-0.140923	606000.000000
29.270833	-0.159415	606200.000000
29.375000	-0.155813	606400.000000
29.479167	-0.133475	606600.000000
29.583333	-0.105735	606800.000000
29.687500	-0.077376	607000.000000
29.791667	-0.050723	607200.000000
29.895833	-0.025315	607400.000000
30.000000	-0.012189	607600.000000
30.104167	-0.022601	607800.000000
30.208333	-0.050640	608000.000000
30.312500	-0.080073	608200.000000
30.416667	-0.106652	608400.000000
30.520833	-0.131390	608600.000000
30.625000	-0.147374	608800.000000
30.729167	-0.146894	609000.000000
30.833333	-0.129202	609200.000000
30.937500	-0.102490	609400.000000
31.041667	-0.079935	609600.000000
31.145833	-0.078338	609800.000000
31.250000	-0.093364	610000.000000
31.354167	-0.108607	610200.000000
31.458333	-0.111041	610400.000000
31.562500	-0.101930	610600.000000
31.666667	-0.086080	610800.000000
31.770833	-0.071800	611000.000000
31.875000	-0.068911	611200.000000
31.979167	-0.084014	611400.000000
32.083333	-0.112719	611600.000000
32.187500	-0.139439	611800.000000
32.291667	-0.157691	612000.000000
32.395833	-0.163624	612200.000000
32.500000	-0.164668	612400.000000
32.604167	-0.166353	612600.000000
32.708333	-0.169736	612800.000000
32.812500	-0.166486	613000.000000
32.916667	-0.155945	613200.000000
33.020833	-0.147236	613400.000000
33.125000	-0.150195	613600.000000
33.229167	-0.162162	613800.000000
33.333333	-0.166975	614000.000000
33.437500	-0.153742	614200.000000
33.541667	-0.120841	614400.000000
33.645833	-0.077440	614600.000000
33.750000	-0.040633	614800.000000
33.854167	-0.028451	615000.000000
33.958333	-0.052307	615200.000000
34.062500	-0.103364	615400.000000
34.166667	-0.153122	615600.000000
34.270833	-0.182289	615800.000000
34.375000	-0.186703	616000.000000
34.479167	-0.172248	616200.000000
34.583333	-0.149410	616400.000000
34.687500	-0.123199	616600.000000
34.791667	-0.103195	616800.000000
34.895833	-0.095095	617000.000000
35.000000	-0.094680	617200.000000
35.104167	-0.091926	617400.000000
35.208333	-0.088653	617600.000000
35.312500	-0.081093	617800.000000
35.416667	-0.071042	618000.000000
35.520833	-0.063655	618200.000000
35.625000	-0.064793	618400.000000
35.729167	-0.075553	618600.000000
35.833333	-0.094396	618800.000000
35.937500	-0.120631	619000.000000
36.041667	-0.151670	619200.000000
36.145833	-0.180611	619400.000000
36.250000	-0.195595	619600.000000
36.354167	-0.183808	619800.000000
36.458333	-0.145148	620000.000000
36.562500	-0.096000	620200.000000
36.666667	-0.061337	620400.000000
36.770833	-0.062185	620600.000000
36.875000	-0.099948	620800.000000
36.979167	-0.150487	621000.000000
37.083333	-0.178754	621200.000000
37.187500	-0.167557	621400.000000
37.291667	-0.126478	621600.000000
37.395833	-0.087943	621800.000000
37.500000	-0.078263	622000.000000
37.604167	-0.098048	622200.000000
37.708333	-0.132910	622400.000000
37.812500	-0.161717	622600.000000
37.916667	-0.175884	622800.000000
38.020833	-0.177654	623000.000000
38.125000	-0.172276	623200.000000
38.229167	-0.158284	623400.000000
38.333333	-0.136017	623600.000000
38.437500	-0.116392	623800.000000
38.541667	-0.117415	624000.000000
38.645833	-0.140286	624200.000000
38.750000	-0.166565	624400.000000
38.854167	-0.168903	624600.000000
38.958333	-0.136090	624800.000000
39.062500	-0.089789	625000.000000
39.166667	-0.060359	625200.000000
39.270833	-0.066305	625400.000000
39.375000	-0.096929	625600.000000
39.479167	-0.132898	625800.000000
39.583333	-0.164489	626000.000000
39.687500	-0.193145	626200.000000
39.791667	-0.213399	626400.000000
39.895833	-0.204632	626600.000000
40.000000	-0.163846	626800.000000
40.104167	-0.109522	627000.000000
40.208333	-0.071009	627200.000000
40.312500	-0.071429	627400.000000
40.416667	-0.105740	627600.000000
40.520833	-0.142940	627800.000000
40.625000	-0.145630	628000.000000
40.729167	-0.106427	628200.000000
40.833333	-0.052798	628400.000000
40.937500	-0.027064	628600.000000
41.041667	-0.043841	628800.000000
41.145833	-0.090242	629000.000000
41.250000	-0.141909	629200.000000
41.354167	-0.180001	629400.000000
41.458333	-0.191533	629600.000000
41.562500	-0.174122	629800.000000
41.666667	-0.131165	630000.000000
41.770833	-0.088434	630200.000000
41.875000	-0.063338	630400.000000
41.979167	-0.062239	630600.000000
42.083333	-0.079611	630800.000000
42.187500	-0.104404	631000.000000
42.291667	-0.124984	631200.000000
42.395833	-0.131878	631400.000000
42.500000	-0.116991	631600.000000
42.604167	-0.083245	631800.000000
42.708333	-0.047382	632000.000000
42.812500	-0.032272	632200.000000
42.916667	-0.044826	632400.000000
43.020833	-0.074106	632600.000000
43.125000	-0.104381	632800.000000
43.229167	-0.122148	633000.000000
43.333333	-0.124797	633200.000000
43.437500	-0.116786	633400.000000
43.541667	-0.102754	633600.000000
43.645833	-0.086692	633800.000000
43.750000	-0.075670	634000.000000
43.854167	-0.077980	634200.000000
43.958333	-0.092431	634400.000000
44.062500	-0.106640	634600.000000
44.166667	-0.103160	634800.000000
44.270833	-0.076085	635000.000000
44.375000	-0.038672	635200.000000
44.479167	-0.013989	635400.000000
44.583333	-0.017743	635600.000000
44.687500	-0.044834	635800.000000
44.791667	-0.075610	636000.000000
44.895833	-0.098496	636200.000000
45.000000	-0.110824	636400.000000
45.104167	-0.115152	636600.000000
45.208333	-0.112484	636800.000000
45.312500	-0.107078	637000.000000
45.416667	-0.102117	637200.000000
45.520833	-0.100541	637400.000000
45.625000	-0.096128	637600.000000
45.729167	-0.084352	637800.000000
45.833333	-0.065912	638000.000000
45.937500	-0.049222	638200.000000
46.041667	-0.045436	638400.000000
46.145833	-0.055648	638600.000000
46.250000	-0.072666	638800.000000
46.354167	-0.087586	639000.000000
46.458333	-0.094184	639200.000000
46.562500	-0.095918	639400.000000
46.666667	-0.100027	639600.000000
46.770833	-0.106159	639800.000000
46.875000	-0.108523	640000.000000
46.979167	-0.104531	640200.000000
47.083333	-0.094310	640400.000000
47.187500	-0.084787	640600.000000
47.291667	-0.085236	640800.000000
47.395833	-0.091588	641000.000000
47.500000	-0.097513	641200.000000
47.604167	-0.096955	641400.000000
47.708333	-0.086877	641600.000000
47.812500	-0.072900	641800.000000
47.916667	-0.066212	642000.000000
48.020833	-0.068318	642200.000000
48.125000	-0.077967	642400.000000
48.229167	-0.088815	642600.000000
48.333333	-0.092415	642800.000000
48.437500	-0.090306	643000.000000
48.541667	-0.086868	643200.000000
48.645833	-0.086323	643400.000000
48.750000	-0.092182	643600.000000
48.854167	-0.104003	643800.000000
48.958333	-0.114582	644000.000000
49.062500	-0.121994	644200.000000
49.166667	-0.124442	644400.000000
49.270833	-0.116407	644600.000000
49.375000	-0.097587	644800.000000
49.479167	-0.073788	645000.000000
49.583333	-0.054319	645200.000000
49.687500	-0.054294	645400.000000
49.791667	-0.070418	645600.000000
49.895833	-0.085969	645800.000000
50.000000	-0.086818	646000.000000
50.104167	-0.078352	646200.000000
50.208333	-0.076445	646400.000000
50.312500	-0.094833	646600.000000
50.416667	-0.124223	646800.000000
50.520833	-0.144187	647000.000000
50.625000	-0.148514	647200.000000
50.729167	-0.141874	647400.000000
50.833333	-0.129689	647600.000000
50.937500	-0.114638	647800.000000
51.041667	-0.097527	648000.000000
51.145833	-0.081512	648200.000000
51.250000	-0.070151	648400.000000
51.354167	-0.069643	648600.000000
51.458333	-0.080521	648800.000000
51.562500	-0.101154	649000.000000
51.666667	-0.118622	649200.000000
51.770833	-0.124847	649400.000000
51.875000	-0.117585	649600.000000
51.979167	-0.105858	649800.000000
52.083333	-0.100902	650000.000000
52.187500	-0.106316	650200.000000
52.291667	-0.120921	650400.000000
52.395833	-0.135987	650600.000000
52.500000	-0.146778	650800.000000
52.604167	-0.151459	651000.000000
52.708333	-0.141120	651200.000000
52.812500	-0.115966	651400.000000
52.916667	-0.092709	651600.000000
53.020833	-0.084936	651800.000000
53.125000	-0.095609	652000.000000
53.229167	-0.115144	652200.000000
53.333333	-0.131502	652400.000000
53.437500	-0.134982	652600.000000
53.541667	-0.124359	652800.000000
53.645833	-0.105811	653000.000000
53.750000	-0.091820	653200.000000
53.854167	-0.090711	653400.000000
53.958333	-0.102959	653600.000000
54.062500	-0.122238	653800.000000
54.166667	-0.141669	654000.000000
54.270833	-0.155365	654200.000000
54.375000	-0.155825	654400.000000
54.479167	-0.145532	654600.000000
54.583333	-0.128520	654800.000000
54.687500	-0.110764	655000.000000
54.791667	-0.098082	655200.000000
54.895833	-0.089879	655400.000000
55.000000	-0.081872	655600.000000
55.104167	-0.077380	655800.000000
55.208333	-0.080851	656000.000000
55.312500	-0.088643	656200.000000
55.416667	-0.096775	656400.000000
55.520833	-0.101604	656600.000000
55.625000	-0.104600	656800.000000
55.729167	-0.110659	657000.000000
55.833333	-0.120598	657200.000000
55.937500	-0.130789	657400.000000
56.041667	-0.135324	657600.000000
56.145833	-0.132895	657800.000000
56.250000	-0.120741	658000.000000
56.354167	-0.104163	658200.000000
56.458333	-0.089647	658400.000000
56.562500	-0.082273	658600.000000
56.666667	-0.081255	658800.000000
56.770833	-0.083075	659000.000000
56.875000	-0.085242	659200.000000
56.979167	-0.087798	659400.000000
57.083333	-0.092185	659600.000000
57.187500	-0.093346	659800.000000
57.291667	-0.093643	660000.000000
57.395833	-0.097680	660200.000000
57.500000	-0.106364	660400.000000
57.604167	-0.113045	660600.000000
57.708333	-0.109593	660800.000000
57.812500	-0.097851	661000.000000
57.916667	-0.088044	661200.000000
58.020833	-0.090827	661400.000000
58.125000	-0.101012	661600.000000
58.229167	-0.105208	661800.000000
58.333333	-0.098548	662000.000000
58.437500	-0.087146	662200.000000
58.541667	-0.078840	662400.000000
58.645833	-0.077161	662600.000000
58.750000	-0.079796	662800.000000
58.854167	-0.082090	663000.000000
58.958333	-0.083917	663200.000000
59.062500	-0.083739	663400.000000
59.166667	-0.082472	663600.000000
59.270833	-0.083896	663800.000000
59.375000	-0.090327	664000.000000
59.479167	-0.101240	664200.000000
59.583333	-0.112376	664400.000000
59.687500	-0.122513	664600.000000
59.791667	-0.127429	664800.000000
59.895833	-0.125668	665000.000000
60.000000	-0.112645	665200.000000
60.104167	-0.091543	665400.000000
60.208333	-0.073174	665600.000000
60.312500	-0.063463	665800.000000
60.416667	-0.066586	666000.000000
60.520833	-0.076664	666200.000000
60.625000	-0.087824	666400.000000
60.729167	-0.091920	666600.000000
60.833333	-0.092239	666800.000000
60.937500	-0.092502	667000.000000
61.041667	-0.098733	667200.000000
61.145833	-0.108727	667400.000000
61.250000	-0.116301	667600.000000
61.354167	-0.116911	667800.000000
61.458333	-0.115372	668000.000000
61.562500	-0.114445	668200.000000
61.666667	-0.115422	668400.000000
61.770833	-0.111859	668600.000000
61.875000	-0.099540	668800.000000
61.979167	-0.082134	669000.000000
62.083333	-0.071155	669200.000000
62.187500	-0.074483	669400.000000
62.291667	-0.090589	669600.000000
62.395833	-0.109308	669800.000000
62.500000	-0.119755	670000.000000
62.604167	-0.119278	670200.000000
62.708333	-0.112958	670400.000000
62.812500	-0.107484	670600.000000
62.916667	-0.104853	670800.000000
63.020833	-0.106628	671000.000000
63.125000	-0.109854	671200.000000
63.229167	-0.112628	671400.000000
63.333333	-0.117089	671600.000000
63.437500	-0.121705	671800.000000
63.541667	-0.124480	672000.000000
63.645833	-0.123615	672200.000000
63.750000	-0.117980	672400.000000
63.854167	-0.112142	672600.000000
63.958333	-0.105173	672800.000000
64.062500	-0.098298	673000.000000
64.166667	-0.093942	673200.000000
64.270833	-0.094220	673400.000000
64.375000	-0.100770	673600.000000
64.479167	-0.109528	673800.000000
64.583333	-0.116201	674000.000000
64.687500	-0.121803	674200.000000
64.791667	-0.124379	674400.000000
64.895833	-0.125888	674600.000000
65.000000	-0.122476	674800.000000
65.104167	-0.117735	675000.000000
65.208333	-0.119112	675200.000000
65.312500	-0.128532	675400.000000
65.416667	-0.134981	675600.000000
65.520833	-0.129418	675800.000000
65.625000	-0.114308	676000.000000
65.729167	-0.097427	676200.000000
65.833333	-0.088699	676400.000000
65.937500	-0.093431	676600.000000
66.041667	-0.107705	676800.000000
66.145833	-0.122439	677000.000000
66.250000	-0.132519	677200.000000
66.354167	-0.137731	677400.000000
66.458333	-0.138710	677600.000000
66.562500	-0.136344	677800.000000
66.666667	-0.129588	678000.000000
66.770833	-0.119084	678200.000000
66.875000	-0.110009	678400.000000
66.979167	-0.108916	678600.000000
67.083333	-0.112492	678800.000000
67.187500	-0.114015	679000.000000
67.291667	-0.109330	679200.000000
67.395833	-0.099582	679400.000000
67.500000	-0.089883	679600.000000
67.604167	-0.082686	679800.000000
67.708333	-0.081667	680000.000000
67.812500	-0.087997	680200.000000
67.916667	-0.098205	680400.000000
68.020833	-0.106648	680600.000000
68.125000	-0.108468	680800.000000
68.229167	-0.100781	681000.000000
68.333333	-0.088626	681200.000000
68.437500	-0.079701	681400.000000
68.541667	-0.080495	681600.000000
68.645833	-0.092472	681800.000000
68.750000	-0.110376	682000.000000
68.854167	-0.123669	682200.000000
68.958333	-0.122143	682400.000000
69.062500	-0.109268	682600.000000
69.166667	-0.089755	682800.000000
69.270833	-0.073216	683000.000000
69.375000	-0.066145	683200.000000
69.479167	-0.072051	683400.000000
69.583333	-0.084536	683600.000000
69.687500	-0.097733	683800.000000
69.791667	-0.105114	684000.000000
69.895833	-0.103522	684200.000000
70.000000	-0.097194	684400.000000
70.104167	-0.092861	684600.000000
70.208333	-0.094858	684800.000000
70.312500	-0.106556	685000.000000
70.416667	-0.122807	685200.000000
70.520833	-0.134628	685400.000000
70.625000	-0.137317	685600.000000
70.729167	-0.129720	685800.000000
70.833333	-0.115966	686000.000000
70.937500	-0.102218	686200.000000
71.041667	-0.091938	686400.000000
71.145833	-0.088595	686600.000000
71.250000	-0.094544	686800.000000
71.354167	-0.104513	687000.000000
71.458333	-0.117138	687200.000000
71.562500	-0.129044	687400.000000
71.666667	-0.138230	687600.000000
71.770833	-0.142656	687800.000000
71.875000	-0.140953	688000.000000
71.979167	-0.139201	688200.000000
72.083333	-0.137346	688400.000000
72.187500	-0.137479	688600.000000
72.291667	-0.138232	688800.000000
72.395833	-0.137316	689000.000000
72.500000	-0.132735	689200.000000
72.604167	-0.125893	689400.000000
72.708333	-0.118742	689600.000000
72.812500	-0.112794	689800.000000
72.916667	-0.108929	690000.000000
73.020833	-0.105102	690200.000000
73.125000	-0.098703	690400.000000
73.229167	-0.090886	690600.000000
73.333333	-0.085088	690800.000000
73.437500	-0.081085	691000.000000
73.541667	-0.080041	691200.000000
73.645833	-0.079226	691400.000000
73.750000	-0.078699	691600.000000
73.854167	-0.075736	691800.000000
73.958333	-0.069342	692000.000000
74.062500	-0.062676	692200.000000
74.166667	-0.059386	692400.000000
74.270833	-0.062111	692600.000000
74.375000	-0.067859	692800.000000
74.479167	-0.072283	693000.000000
74.583333	-0.073904	693200.000000
74.687500	-0.071927	693400.000000
74.791667	-0.066057	693600.000000
74.895833	-0.059498	693800.000000
75.000000	-0.056480	694000.000000
75.104167	-0.061009	694200.000000
75.208333	-0.073508	694400.000000
75.312500	-0.090365	694600.000000
75.416667	-0.104471	694800.000000
75.520833	-0.112867	695000.000000
75.625000	-0.114652	695200.000000
75.729167	-0.113367	695400.000000
75.833333	-0.112081	695600.000000
75.937500	-0.112376	695800.000000
76.041667	-0.113792	696000.000000
76.145833	-0.112736	696200.000000
76.250000	-0.110978	696400.000000
76.354167	-0.105190	696600.000000
76.458333	-0.094952	696800.000000
76.562500	-0.086077	697000.000000
76.666667	-0.082298	697200.000000
76.770833	-0.086816	697400.000000
76.875000	-0.095975	697600.000000
76.979167	-0.106351	697800.000000
77.083333	-0.113446	698000.000000
77.187500	-0.115647	698200.000000
77.291667	-0.113254	698400.000000
77.395833	-0.106614	698600.000000
77.500000	-0.099740	698800.000000
77.604167	-0.095679	699000.000000
77.708333	-0.097685	699200.000000
77.812500	-0.105321	699400.000000
77.916667	-0.114073	699600.000000
78.020833	-0.119471	699800.000000
78.125000	-0.115731	700000.000000
78.229167	-0.107146	700200.000000
78.333333	-0.097160	700400.000000
78.437500	-0.091759	700600.000000
78.541667	-0.095660	700800.000000
78.645833	-0.104896	701000.000000
78.750000	-0.113466	701200.000000
78.854167	-0.116124	701400.000000
78.958333	-0.110125	701600.000000
79.062500	-0.100458	701800.000000
79.166667	-0.096000	702000.000000
79.270833	-0.096731	702200.000000
79.375000	-0.102411	702400.000000
79.479167	-0.110380	702600.000000
79.583333	-0.118351	702800.000000
79.687500	-0.123186	703000.000000
79.791667	-0.123218	703200.000000
79.895833	-0.116484	703400.000000
80.000000	-0.102967	703600.000000
80.104167	-0.089491	703800.000000
80.208333	-0.082509	704000.000000
80.312500	-0.083037	704200.000000
80.416667	-0.090841	704400.000000
80.520833	-0.100500	704600.000000
80.625000	-0.108254	704800.000000
80.729167	-0.112477	705000.000000
80.833333	-0.115628	705200.000000
80.937500	-0.117826	705400.000000
81.041667	-0.117607	705600.000000
81.145833	-0.111785	705800.000000
81.250000	-0.103222	706000.000000
81.354167	-0.096326	706200.000000
81.458333	-0.093614	706400.000000
81.562500	-0.093041	706600.000000
81.666667	-0.091520	706800.000000
81.770833	-0.084781	707000.000000
81.875000	-0.076335	707200.000000
81.979167	-0.069881	707400.000000
82.083333	-0.070065	707600.000000
82.187500	-0.073419	707800.000000
82.291667	-0.078002	708000.000000
82.395833	-0.082215	708200.000000
82.500000	-0.086513	708400.000000
82.604167	-0.090715	708600.000000
82.708333	-0.092820	708800.000000
82.812500	-0.090702	709000.000000
82.916667	-0.086118	709200.000000
83.020833	-0.083245	709400.000000
83.125000	-0.082513	709600.000000
83.229167	-0.084766	709800.000000
83.333333	-0.087807	710000.000000
83.437500	-0.090237	710200.000000
83.541667	-0.092822	710400.000000
83.645833	-0.094421	710600.000000
83.750000	-0.096445	710800.000000
83.854167	-0.093948	711000.000000
83.958333	-0.093432	711200.000000
84.062500	-0.094169	711400.000000
84.166667	-0.098990	711600.000000
84.270833	-0.105410	711800.000000
84.375000	-0.110038	712000.000000
84.479167	-0.113223	712200.000000
84.583333	-0.114557	712400.000000
84.687500	-0.115481	712600.000000
84.791667	-0.117622	712800.000000
84.895833	-0.122113	713000.000000
85.000000	-0.126742	713200.000000
85.104167	-0.128919	713400.000000
85.208333	-0.127573	713600.000000
85.312500	-0.121213	713800.000000
85.416667	-0.112396	714000.000000
85.520833	-0.105955	714200.000000
85.625000	-0.102225	714400.000000
85.729167	-0.102406	714600.000000
85.833333	-0.107229	714800.000000
85.937500	-0.116593	715000.000000
86.041667	-0.124541	715200.000000
86.145833	-0.128968	715400.000000
86.250000	-0.127434	715600.000000
86.354167	-0.121992	715800.000000
86.458333	-0.118568	716000.000000
86.562500	-0.119077	716200.000000
86.666667	-0.121774	716400.000000
86.770833	-0.124797	716600.000000
86.875000	-0.124637	716800.000000
86.979167	-0.118455	717000.000000
87.083333	-0.112269	717200.000000
87.187500	-0.106080	717400.000000
87.291667	-0.102491	717600.000000
87.395833	-0.102434	717800.000000
87.500000	-0.105047	718000.000000
87.604167	-0.110739	718200.000000
87.708333	-0.118677	718400.000000
87.812500	-0.124432	718600.000000
87.916667	-0.126738	718800.000000
88.020833	-0.122597	719000.000000
88.125000	-0.114468	719200.000000
88.229167	-0.107401	719400.000000
88.333333	-0.104099	719600.000000
88.437500	-0.104983	719800.000000
88.541667	-0.108505	720000.000000
88.645833	-0.111164	720200.000000
88.750000	-0.109915	720400.000000
88.854167	-0.106054	720600.000000
88.958333	-0.103172	720800.000000
89.062500	-0.100243	721000.000000
89.166667	-0.097235	721200.000000
89.270833	-0.095482	721400.000000
89.375000	-0.095803	721600.000000
89.479167	-0.095645	721800.000000
89.583333	-0.097704	722000.000000
89.687500	-0.100598	722200.000000
89.791667	-0.104368	722400.000000
89.895833	-0.107422	722600.000000
90.000000	-0.109111	722800.000000
90.104167	-0.109819	723000.000000
90.208333	-0.111880	723200.000000
90.312500	-0.112410	723400.000000
90.416667	-0.110745	723600.000000
90.520833	-0.106948	723800.000000
90.625000	-0.102867	724000.000000
90.729167	-0.099384	724200.000000
90.833333	-0.097428	724400.000000
90.937500	-0.097527	724600.000000
91.041667	-0.096650	724800.000000
91.145833	-0.095551	725000.000000
91.250000	-0.097076	725200.000000
91.354167	-0.100046	725400.000000
91.458333	-0.107138	725600.000000
91.562500	-0.113700	725800.000000
91.666667	-0.117412	726000.000000
91.770833	-0.119559	726200.000000
91.875000	-0.119088	726400.000000
91.979167	-0.116918	726600.000000
92.083333	-0.114886	726800.000000
92.187500	-0.110952	727000.000000
92.291667	-0.105896	727200.000000
92.395833	-0.101618	727400.000000
92.500000	-0.099256	727600.000000
92.604167	-0.098477	727800.000000
92.708333	-0.100172	728000.000000
92.812500	-0.101604	728200.000000
92.916667	-0.104875	728400.000000
93.020833	-0.104756	728600.000000
93.125000	-0.106184	728800.000000
93.229167	-0.106796	729000.000000
93.333333	-0.106633	729200.000000
93.437500	-0.105746	729400.000000
93.541667	-0.103322	729600.000000
93.645833	-0.101940	729800.000000
93.750000	-0.102156	730000.000000
93.854167	-0.103448	730200.000000
93.958333	-0.103092	730400.000000
94.062500	-0.102809	730600.000000
94.166667	-0.101195	730800.000000
94.270833	-0.101437	731000.000000
94.375000	-0.102259	731200.000000
94.479167	-0.099616	731400.000000
94.583333	-0.097659	731600.000000
94.687500	-0.096608	731800.000000
94.791667	-0.097691	732000.000000
94.895833	-0.100693	732200.000000
95.000000	-0.104343	732400.000000
95.104167	-0.107284	732600.000000
95.208333	-0.108298	732800.000000
95.312500	-0.107138	733000.000000
95.416667	-0.106500	733200.000000
95.520833	-0.104966	733400.000000
95.625000	-0.105133	733600.000000
95.729167	-0.104081	733800.000000
95.833333	-0.101995	734000.000000
95.937500	-0.101396	734200.000000
96.041667	-0.098688	734400.000000
96.145833	-0.095318	734600.000000
96.250000	-0.091951	734800.000000
96.354167	-0.085947	735000.000000
96.458333	-0.083710	735200.000000
96.562500	-0.085774	735400.000000
96.666667	-0.092108	735600.000000
96.770833	-0.101131	735800.000000
96.875000	-0.109441	736000.000000
96.979167	-0.113755	736200.000000
97.083333	-0.114046	736400.000000
97.187500	-0.112551	736600.000000
97.291667	-0.109042	736800.000000
97.395833	-0.104112	737000.000000
97.500000	-0.099373	737200.000000
97.604167	-0.094966	737400.000000
97.708333	-0.093105	737600.000000
97.812500	-0.095243	737800.000000
97.916667	-0.096282	738000.000000
98.020833	-0.095855	738200.000000
98.125000	-0.094229	738400.000000
98.229167	-0.092995	738600.000000
98.333333	-0.092853	738800.000000
98.437500	-0.097058	739000.000000
98.541667	-0.101190	739200.000000
98.645833	-0.105418	739400.000000
98.750000	-0.107709	739600.000000
98.854167	-0.108625	739800.000000
98.958333	-0.108118	740000.000000
99.062500	-0.108950	740200.000000
99.166667	-0.109695	740400.000000
99.270833	-0.110150	740600.000000
99.375000	-0.111599	740800.000000
99.479167	-0.111328	741000.000000
99.583333	-0.110590	741200.000000
99.687500	-0.108982	741400.000000
99.791667	-0.105204	741600.000000
99.895833	-0.100689	741800.000000
100.000000	-0.095901	742000.000000
100.104167	-0.093518	742200.000000
100.208333	-0.093782	742400.000000
100.312500	-0.097632	742600.000000
100.416667	-0.102339	742800.000000
100.520833	-0.105553	743000.000000
100.625000	-0.105962	743200.000000
100.729167	-0.107111	743400.000000
100.833333	-0.107792	743600.000000
100.937500	-0.110356	743800.000000
101.041667	-0.111997	744000.000000
101.145833	-0.112303	744200.000000
101.250000	-0.112391	744400.000000
101.354167	-0.109524	744600.000000
101.458333	-0.103812	744800.000000
101.562500	-0.099732	745000.000000
101.666667	-0.096890	745200.000000
101.770833	-0.096632	745400.000000
101.875000	-0.098709	745600.000000
101.979167	-0.103980	745800.000000
102.083333	-0.108038	746000.000000
102.187500	-0.110457	746200.000000
102.291667	-0.110252	746400.000000
102.395833	-0.107762	746600.000000
102.500000	-0.104063	746800.000000
102.604167	-0.101127	747000.000000
102.708333	-0.100820	747200.000000
102.812500	-0.102495	747400.000000
102.916667	-0.105134	747600.000000
103.020833	-0.103920	747800.000000
103.125000	-0.101934	748000.000000
103.229167	-0.098994	748200.000000
103.333333	-0.096080	748400.000000
103.437500	-0.094255	748600.000000
103.541667	-0.095051	748800.000000
103.645833	-0.098174	749000.000000
103.750000	-0.101612	749200.000000
103.854167	-0.105016	749400.000000
103.958333	-0.107681	749600.000000
104.062500	-0.109883	749800.000000
104.166667	-0.111286	750000.000000
104.270833	-0.109524	750200.000000
104.375000	-0.108236	750400.000000
104.479167	-0.109485	750600.000000
104.583333	-0.111008	750800.000000
104.687500	-0.113112	751000.000000
104.791667	-0.114288	751200.000000
104.895833	-0.114393	751400.000000
105.000000	-0.111516	751600.000000
105.104167	-0.108356	751800.000000
105.208333	-0.105016	752000.000000
105.312500	-0.102312	752200.000000
105.416667	-0.100148	752400.000000
105.520833	-0.098866	752600.000000
105.625000	-0.097570	752800.000000
105.729167	-0.099191	753000.000000
105.833333	-0.102860	753200.000000
105.937500	-0.106010	753400.000000
106.041667	-0.108461	753600.000000
106.145833	-0.108804	753800.000000
106.250000	-0.107499	754000.000000
106.354167	-0.106053	754200.000000
106.458333	-0.105191	754400.000000
106.562500	-0.103445	754600.000000
106.666667	-0.101464	754800.000000
106.770833	-0.098784	755000.000000
106.875000	-0.096910	755200.000000
106.979167	-0.095105	755400.000000
107.083333	-0.095165	755600.000000
107.187500	-0.096272	755800.000000
107.291667	-0.095510	756000.000000
107.395833	-0.096783	756200.000000
107.500000	-0.098440	756400.000000
107.604167	-0.102096	756600.000000
107.708333	-0.104494	756800.000000
107.812500	-0.104398	757000.000000
107.916667	-0.102723	757200.000000
108.020833	-0.100150	757400.000000
108.125000	-0.097154	757600.000000
108.229167	-0.095855	757800.000000
108.333333	-0.094083	758000.000000
108.437500	-0.091304	758200.000000
108.541667	-0.091488	758400.000000
108.645833	-0.090653	758600.000000
108.750000	-0.088608	758800.000000
108.854167	-0.086350	759000.000000
108.958333	-0.085133	759200.000000
109.062500	-0.085907	759400.000000
109.166667	-0.086721	759600.000000
109.270833	-0.089877	759800.000000
109.375000	-0.092390	760000.000000
109.479167	-0.093341	760200.000000
109.583333	-0.092757	760400.000000
109.687500	-0.091308	760600.000000
109.791667	-0.090120	760800.000000
109.895833	-0.090878	761000.000000
110.000000	-0.094481	761200.000000
110.104167	-0.099595	761400.000000
110.208333	-0.102552	761600.000000
110.312500	-0.101698	761800.000000
110.416667	-0.099402	762000.000000
110.520833	-0.095677	762200.000000
110.625000	-0.090312	762400.000000
110.729167	-0.085355	762600.000000
110.833333	-0.084425	762800.000000
110.937500	-0.087969	763000.000000
111.041667	-0.094286	763200.000000
111.145833	-0.099412	763400.000000
111.250000	-0.101423	763600.000000
111.354167	-0.100212	763800.000000
111.458333	-0.098799	764000.000000
111.562500	-0.098737	764200.000000
111.666667	-0.100979	764400.000000
111.770833	-0.105758	764600.000000
111.875000	-0.112861	764800.000000
111.979167	-0.119870	765000.000000
112.083333	-0.126853	765200.000000
112.187500	-0.134244	765400.000000
112.291667	-0.143402	765600.000000
112.395833	-0.154114	765800.000000
112.500000	-0.164197	766000.000000
112.604167	-0.170673	766200.000000
112.708333	-0.170165	766400.000000
112.812500	-0.160687	766600.000000
112.916667	-0.142076	766800.000000
113.020833	-0.119757	767000.000000
113.125000	-0.097259	767200.000000
113.229167	-0.080503	767400.000000
113.333333	-0.066403	767600.000000
113.437500	-0.056006	767800.000000
113.541667	-0.046301	768000.000000
113.645833	-0.038462	768200.000000
113.750000	-0.034458	768400.000000
113.854167	-0.036349	768600.000000
113.958333	-0.047468	768800.000000
114.062500	-0.062955	769000.000000
114.166667	-0.080799	769200.000000
114.270833	-0.094561	769400.000000
114.375000	-0.104032	769600.000000
114.479167	-0.109484	769800.000000
114.583333	-0.111454	770000.000000
114.687500	-0.112743	770200.000000
114.791667	-0.114205	770400.000000
114.895833	-0.115304	770600.000000
115.000000	-0.117095	770800.000000
115.104167	-0.117885	771000.000000
115.208333	-0.119525	771200.000000
115.312500	-0.123152	771400.000000
115.416667	-0.125302	771600.000000
115.520833	-0.127736	771800.000000
115.625000	-0.127360	772000.000000
115.729167	-0.124787	772200.000000
115.833333	-0.122878	772400.000000
115.937500	-0.121864	772600.000000
116.041667	-0.120142	772800.000000
116.145833	-0.119716	773000.000000
116.250000	-0.117268	773200.000000
116.354167	-0.116703	773400.000000
116.458333	-0.119535	773600.000000
116.562500	-0.123307	773800.000000
116.666667	-0.124434	774000.000000
116.770833	-0.124661	774200.000000
116.875000	-0.122451	774400.000000
116.979167	-0.119946	774600.000000
117.083333	-0.119016	774800.000000
117.187500	-0.118720	775000.000000
117.291667	-0.117304	775200.000000
117.395833	-0.115260	775400.000000
117.500000	-0.111545	775600.000000
117.604167	-0.108152	775800.000000
117.708333	-0.106304	776000.000000
117.812500	-0.105853	776200.000000
117.916667	-0.107064	776400.000000
118.020833	-0.109756	776600.000000
118.125000	-0.112088	776800.000000
118.229167	-0.117157	777000.000000
118.333333	-0.122007	777200.000000
118.437500	-0.124089	777400.000000
118.541667	-0.125245	777600.000000
118.645833	-0.125220	777800.000000
118.750000	-0.124349	778000.000000
118.854167	-0.124395	778200.000000
118.958333	-0.126198	778400.000000
119.062500	-0.127370	778600.000000
119.166667	-0.128320	778800.000000
119.270833	-0.127564	779000.000000
119.375000	-0.122571	779200.000000
119.479167	-0.115168	779400.000000
119.583333	-0.106590	779600.000000
119.687500	-0.098591	779800.000000
119.791667	-0.092479	780000.000000
119.895833	-0.091618	780200.000000
120.000000	-0.093951	780400.000000
120.104167	-0.097081	780600.000000
120.208333	-0.100670	780800.000000
120.312500	-0.100863	781000.000000
120.416667	-0.099812	781200.000000
120.520833	-0.097354	781400.000000
120.625000	-0.097266	781600.000000
120.729167	-0.098526	781800.000000
120.833333	-0.102140	782000.000000
120.937500	-0.104434	782200.000000
121.041667	-0.105713	782400.000000
121.145833	-0.104787	782600.000000
121.250000	-0.101545	782800.000000
121.354167	-0.097315	783000.000000
121.458333	-0.094405	783200.000000
121.562500	-0.093707	783400.000000
121.666667	-0.093968	783600.000000
121.770833	-0.093769	783800.000000
121.875000	-0.096250	784000.000000
121.979167	-0.096082	784200.000000
122.083333	-0.096409	784400.000000
122.187500	-0.096505	784600.000000
122.291667	-0.096151	784800.000000
122.395833	-0.094255	785000.000000
122.500000	-0.090856	785200.000000
122.604167	-0.087706	785400.000000
122.708333	-0.085437	785600.000000
122.812500	-0.084069	785800.000000
122.916667	-0.083213	786000.000000
123.020833	-0.082669	786200.000000
123.125000	-0.082681	786400.000000
123.229167	-0.082837	786600.000000
123.333333	-0.083513	786800.000000
123.437500	-0.083681	787000.000000
123.541667	-0.084823	787200.000000
123.645833	-0.085039	787400.000000
123.750000	-0.086743	787600.000000
123.854167	-0.089140	787800.000000
123.958333	-0.092421	788000.000000
124.062500	-0.096216	788200.000000
124.166667	-0.098247	788400.000000
124.270833	-0.099629	788600.000000
124.375000	-0.099426	788800.000000
124.479167	-0.099041	789000.000000
124.583333	-0.098596	789200.000000
124.687500	-0.099652	789400.000000
124.791667	-0.100100	789600.000000
124.895833	-0.101967	789800.000000
125.000000	-0.104716	790000.000000
125.104167	-0.104750	790200.000000
125.208333	-0.104810	790400.000000
125.312500	-0.104927	790600.000000
125.416667	-0.104587	790800.000000
125.520833	-0.105212	791000.000000
125.625000	-0.108530	791200.000000
125.729167	-0.111578	791400.000000
125.833333	-0.115035	791600.000000
125.937500	-0.115993	791800.000000
126.041667	-0.115634	792000.000000
126.145833	-0.112461	792200.000000
126.250000	-0.111390	792400.000000
126.354167	-0.111737	792600.000000
126.458333	-0.110438	792800.000000
126.562500	-0.110960	793000.000000
126.666667	-0.109377	793200.000000
126.770833	-0.106096	793400.000000
126.875000	-0.102369	793600.000000
126.979167	-0.099246	793800.000000
127.083333	-0.098538	794000.000000
127.187500	-0.100209	794200.000000
127.291667	-0.106542	794400.000000
127.395833	-0.111949	794600.000000
127.500000	-0.116726	794800.000000
127.604167	-0.119215	795000.000000
127.708333	-0.117385	795200.000000
127.812500	-0.114664	795400.000000
127.916667	-0.111745	795600.000000
128.020833	-0.109567	795800.000000
128.125000	-0.108832	796000.000000
128.229167	-0.108801	796200.000000
128.333333	-0.107882	796400.000000
128.437500	-0.106226	796600.000000
128.541667	-0.100696	796800.000000
128.645833	-0.094416	797000.000000
128.750000	-0.087430	797200.000000
128.854167	-0.083231	797400.000000
128.958333	-0.083507	797600.000000
129.062500	-0.086684	797800.000000
129.166667	-0.091347	798000.000000
129.270833	-0.095511	798200.000000
129.375000	-0.098606	798400.000000
129.479167	-0.098209	798600.000000
129.583333	-0.094571	798800.000000
129.687500	-0.093824	799000.000000
129.791667	-0.095451	799200.000000
129.895833	-0.099088	799400.000000
130.000000	-0.105475	799600.000000
130.104167	-0.110690	799800.000000
130.208333	-0.113952	800000.000000
