0.000000	-0.095703	550000.000000
0.104167	-0.095891	550200.000000
0.208333	-0.095808	550400.000000
0.312500	-0.095368	550600.000000
0.416667	-0.096025	550800.000000
0.520833	-0.095478	551000.000000
0.625000	-0.094620	551200.000000
0.729167	-0.095872	551400.000000
0.833333	-0.095626	551600.000000
0.937500	-0.095580	551800.000000
1.041667	-0.095704	552000.000000
1.145833	-0.095780	552200.000000
1.250000	-0.095674	552400.000000
1.354167	-0.096293	552600.000000
1.458333	-0.095292	552800.000000
1.562500	-0.095214	553000.000000
1.666667	-0.095865	553200.000000
1.770833	-0.096107	553400.000000
1.875000	-0.095523	553600.000000
1.979167	-0.095146	553800.000000
2.083333	-0.095588	554000.000000
2.187500	-0.095500	554200.000000
2.291667	-0.095708	554400.000000
2.395833	-0.096281	554600.000000
2.500000	-0.095824	554800.000000
2.604167	-0.094633	555000.000000
2.708333	-0.094861	555200.000000
2.812500	-0.096042	555400.000000
2.916667	-0.095454	555600.000000
3.020833	-0.094184	555800.000000
3.125000	-0.095522	556000.000000
3.229167	-0.096016	556200.000000
3.333333	-0.094750	556400.000000
3.437500	-0.094410	556600.000000
3.541667	-0.094972	556800.000000
3.645833	-0.094888	557000.000000
3.750000	-0.094607	557200.000000
3.854167	-0.095231	557400.000000
3.958333	-0.095336	557600.000000
4.062500	-0.095348	557800.000000
4.166667	-0.095538	558000.000000
4.270833	-0.095406	558200.000000
4.375000	-0.095042	558400.000000
4.479167	-0.095554	558600.000000
4.583333	-0.095742	558800.000000
4.687500	-0.095255	559000.000000
4.791667	-0.095645	559200.000000
4.895833	-0.094583	559400.000000
5.000000	-0.095411	559600.000000
5.104167	-0.094972	559800.000000
5.208333	-0.095167	560000.000000
5.312500	-0.094280	560200.000000
5.416667	-0.094929	560400.000000
5.520833	-0.095735	560600.000000
5.625000	-0.094931	560800.000000
5.729167	-0.095679	561000.000000
5.833333	-0.095608	561200.000000
5.937500	-0.095309	561400.000000
6.041667	-0.095323	561600.000000
6.145833	-0.095132	561800.000000
6.250000	-0.095880	562000.000000
6.354167	-0.095618	562200.000000
6.458333	-0.095310	562400.000000
6.562500	-0.095882	562600.000000
6.666667	-0.095756	562800.000000
6.770833	-0.095602	563000.000000
6.875000	-0.095502	563200.000000
6.979167	-0.094883	563400.000000
7.083333	-0.095395	563600.000000
7.187500	-0.095070	563800.000000
7.291667	-0.095210	564000.000000
7.395833	-0.095186	564200.000000
7.500000	-0.095474	564400.000000
7.604167	-0.095911	564600.000000
7.708333	-0.094758	564800.000000
7.812500	-0.094991	565000.000000
7.916667	-0.094554	565200.000000
8.020833	-0.095780	565400.000000
8.125000	-0.095687	565600.000000
8.229167	-0.095359	565800.000000
8.333333	-0.095053	566000.000000
8.437500	-0.094697	566200.000000
8.541667	-0.095220	566400.000000
8.645833	-0.094349	566600.000000
8.750000	-0.094794	566800.000000
8.854167	-0.094585	567000.000000
8.958333	-0.096139	567200.000000
9.062500	-0.095404	567400.000000
9.166667	-0.095381	567600.000000
9.270833	-0.095108	567800.000000
9.375000	-0.095850	568000.000000
9.479167	-0.095353	568200.000000
9.583333	-0.095892	568400.000000
9.687500	-0.095440	568600.000000
9.791667	-0.095221	568800.000000
9.895833	-0.096329	569000.000000
10.000000	-0.094969	569200.000000
10.104167	-0.094996	569400.000000
10.208333	-0.095741	569600.000000
10.312500	-0.095636	569800.000000
10.416667	-0.094751	570000.000000
10.520833	-0.094307	570200.000000
10.625000	-0.094342	570400.000000
10.729167	-0.095550	570600.000000
10.833333	-0.095352	570800.000000
10.937500	-0.094917	571000.000000
11.041667	-0.095160	571200.000000
11.145833	-0.095272	571400.000000
11.250000	-0.094420	571600.000000
11.354167	-0.095257	571800.000000
11.458333	-0.095238	572000.000000
11.562500	-0.094737	572200.000000
11.666667	-0.095493	572400.000000
11.770833	-0.095458	572600.000000
11.875000	-0.094556	572800.000000
11.979167	-0.095041	573000.000000
12.083333	-0.094790	573200.000000
12.187500	-0.094378	573400.000000
12.291667	-0.095020	573600.000000
12.395833	-0.094856	573800.000000
12.500000	-0.094592	574000.000000
12.604167	-0.095055	574200.000000
12.708333	-0.095724	574400.000000
12.812500	-0.095940	574600.000000
12.916667	-0.095367	574800.000000
13.020833	-0.095374	575000.000000
13.125000	-0.095449	575200.000000
13.229167	-0.095797	575400.000000
13.333333	-0.095991	575600.000000
13.437500	-0.096470	575800.000000
13.541667	-0.096182	576000.000000
13.645833	-0.096402	576200.000000
13.750000	-0.095174	576400.000000
13.854167	-0.095502	576600.000000
13.958333	-0.096147	576800.000000
14.062500	-0.096005	577000.000000
14.166667	-0.095609	577200.000000
14.270833	-0.095886	577400.000000
14.375000	-0.096313	577600.000000
14.479167	-0.096109	577800.000000
14.583333	-0.095885	578000.000000
14.687500	-0.095530	578200.000000
14.791667	-0.094983	578400.000000
14.895833	-0.096364	578600.000000
15.000000	-0.096690	578800.000000
15.104167	-0.096187	579000.000000
15.208333	-0.095944	579200.000000
15.312500	-0.095506	579400.000000
15.416667	-0.095801	579600.000000
15.520833	-0.095389	579800.000000
15.625000	-0.095690	580000.000000
15.729167	-0.095205	580200.000000
15.833333	-0.095910	580400.000000
15.937500	-0.095156	580600.000000
16.041667	-0.095140	580800.000000
16.145833	-0.095371	581000.000000
16.250000	-0.094870	581200.000000
16.354167	-0.095480	581400.000000
16.458333	-0.095981	581600.000000
16.562500	-0.095001	581800.000000
16.666667	-0.094842	582000.000000
16.770833	-0.095039	582200.000000
16.875000	-0.095310	582400.000000
16.979167	-0.094717	582600.000000
17.083333	-0.094777	582800.000000
17.187500	-0.095138	583000.000000
17.291667	-0.095387	583200.000000
17.395833	-0.095749	583400.000000
17.500000	-0.093738	583600.000000
17.604167	-0.093491	583800.000000
17.708333	-0.094418	584000.000000
17.812500	-0.093883	584200.000000
17.916667	-0.093518	584400.000000
18.020833	-0.093583	584600.000000
18.125000	-0.092910	584800.000000
18.229167	-0.092730	585000.000000
18.333333	-0.092173	585200.000000
18.437500	-0.092167	585400.000000
18.541667	-0.091810	585600.000000
18.645833	-0.091217	585800.000000
18.750000	-0.092221	586000.000000
18.854167	-0.091292	586200.000000
18.958333	-0.091393	586400.000000
19.062500	-0.090692	586600.000000
19.166667	-0.089676	586800.000000
19.270833	-0.090030	587000.000000
19.375000	-0.089575	587200.000000
19.479167	-0.088512	587400.000000
19.583333	-0.088173	587600.000000
19.687500	-0.088368	587800.000000
19.791667	-0.086976	588000.000000
19.895833	-0.086297	588200.000000
20.000000	-0.086200	588400.000000
20.104167	-0.085006	588600.000000
20.208333	-0.083867	588800.000000
20.312500	-0.083009	589000.000000
20.416667	-0.080927	589200.000000
20.520833	-0.079633	589400.000000
20.625000	-0.078527	589600.000000
20.729167	-0.076777	589800.000000
20.833333	-0.075063	590000.000000
20.937500	-0.073372	590200.000000
21.041667	-0.070545	590400.000000
21.145833	-0.068177	590600.000000
21.250000	-0.064682	590800.000000
21.354167	-0.061019	591000.000000
21.458333	-0.058133	591200.000000
21.562500	-0.053546	591400.000000
21.666667	-0.047584	591600.000000
21.770833	-0.043191	591800.000000
21.875000	-0.036424	592000.000000
21.979167	-0.029700	592200.000000
22.083333	-0.021667	592400.000000
22.187500	-0.012663	592600.000000
22.291667	-0.002014	592800.000000
22.395833	0.009078	593000.000000
22.500000	0.022328	593200.000000
22.604167	0.035916	593400.000000
22.708333	0.051099	593600.000000
22.812500	0.068863	593800.000000
22.916667	0.087242	594000.000000
23.020833	0.105469	594200.000000
23.125000	0.124773	594400.000000
23.229167	0.143620	594600.000000
23.333333	0.160252	594800.000000
23.437500	0.175694	595000.000000
23.541667	0.188139	595200.000000
23.645833	0.195469	595400.000000
23.750000	0.196053	595600.000000
23.854167	0.186639	595800.000000
23.958333	0.150058	596000.000000
24.062500	0.052866	596200.000000
24.166667	-0.165994	596400.000000
24.270833	-0.582300	596600.000000
24.375000	-1.215127	596800.000000
24.479167	-1.969225	597000.000000
24.583333	-2.622627	597200.000000
24.687500	-2.853275	597400.000000
24.791667	-2.542401	597600.000000
24.895833	-1.815501	597800.000000
25.000000	-0.966803	598000.000000
25.104167	-0.221929	598200.000000
25.208333	0.278801	598400.000000
25.312500	0.525130	598600.000000
25.416667	0.588180	598800.000000
25.520833	0.544673	599000.000000
25.625000	0.467677	599200.000000
25.729167	0.399484	599400.000000
25.833333	0.350278	599600.000000
25.937500	0.317446	599800.000000
26.041667	0.318662	600000.000000
26.145833	0.370862	600200.000000
26.250000	0.465444	600400.000000
26.354167	0.544109	600600.000000
26.458333	0.537940	600800.000000
26.562500	0.428945	601000.000000
26.666667	0.263556	601200.000000
26.770833	0.134167	601400.000000
26.875000	0.084214	601600.000000
26.979167	0.097354	601800.000000
27.083333	0.131815	602000.000000
27.187500	0.159464	602200.000000
27.291667	0.170566	602400.000000
27.395833	0.157705	602600.000000
27.500000	0.118121	602800.000000
27.604167	0.055392	603000.000000
27.708333	-0.016317	603200.000000
27.812500	-0.069457	603400.000000
27.916667	-0.069066	603600.000000
28.020833	-0.015522	603800.000000
28.125000	0.055501	604000.000000
28.229167	0.092925	604200.000000
28.333333	0.062584	604400.000000
28.437500	-0.017208	604600.000000
28.541667	-0.095672	604800.000000
28.645833	-0.120767	605000.000000
28.750000	-0.097397	605200.000000
28.854167	-0.065760	605400.000000
28.958333	-0.066412	605600.000000
29.062500	-0.099727	605800.000000
29.166667	-0.138260	606000.000000
29.270833	-0.159560	606200.000000
29.375000	-0.156367	606400.000000
29.479167	-0.132938	606600.000000
29.583333	-0.101035	606800.000000
29.687500	-0.068373	607000.000000
29.791667	-0.039380	607200.000000
29.895833	-0.014083	607400.000000
30.000000	-0.000454	607600.000000
30.104167	-0.008917	607800.000000
30.208333	-0.035960	608000.000000
30.312500	-0.067065	608200.000000
30.416667	-0.098379	608400.000000
30.520833	-0.129015	608600.000000
30.625000	-0.148852	608800.000000
30.729167	-0.149069	609000.000000
30.833333	-0.129253	609200.000000
30.937500	-0.097196	609400.000000
31.041667	-0.072760	609600.000000
31.145833	-0.070262	609800.000000
31.250000	-0.085572	610000.000000
31.354167	-0.101478	610200.000000
31.458333	-0.104747	610400.000000
31.562500	-0.093868	610600.000000
31.666667	-0.078118	610800.000000
31.770833	-0.063059	611000.000000
31.875000	-0.059350	611200.000000
31.979167	-0.072503	611400.000000
32.083333	-0.102040	611600.000000
32.187500	-0.133221	611800.000000
32.291667	-0.155059	612000.000000
32.395833	-0.163044	612200.000000
32.500000	-0.162775	612400.000000
32.604167	-0.162899	612600.000000
32.708333	-0.165603	612800.000000
32.812500	-0.162778	613000.000000
32.916667	-0.150451	613200.000000
33.020833	-0.140873	613400.000000
33.125000	-0.144506	613600.000000
33.229167	-0.156982	613800.000000
33.333333	-0.164569	614000.000000
33.437500	-0.151481	614200.000000
33.541667	-0.117739	614400.000000
33.645833	-0.070667	614600.000000
33.750000	-0.029072	614800.000000
33.854167	-0.012343	615000.000000
33.958333	-0.036639	615200.000000
34.062500	-0.091675	615400.000000
34.166667	-0.149140	615600.000000
34.270833	-0.184087	615800.000000
34.375000	-0.189485	616000.000000
34.479167	-0.175048	616200.000000
34.583333	-0.150731	616400.000000
34.687500	-0.123102	616600.000000
34.791667	-0.100182	616800.000000
34.895833	-0.089459	617000.000000
35.000000	-0.086425	617200.000000
35.104167	-0.083482	617400.000000
35.208333	-0.080592	617600.000000
35.312500	-0.072967	617800.000000
35.416667	-0.062965	618000.000000
35.520833	-0.054791	618200.000000
35.625000	-0.055603	618400.000000
35.729167	-0.064877	618600.000000
35.833333	-0.085074	618800.000000
35.937500	-0.113847	619000.000000
36.041667	-0.148270	619200.000000
36.145833	-0.180329	619400.000000
36.250000	-0.198959	619600.000000
36.354167	-0.187318	619800.000000
36.458333	-0.146049	620000.000000
36.562500	-0.091190	620200.000000
36.666667	-0.051741	620400.000000
36.770833	-0.049234	620600.000000
36.875000	-0.088843	620800.000000
36.979167	-0.142666	621000.000000
37.083333	-0.176539	621200.000000
37.187500	-0.166908	621400.000000
37.291667	-0.124410	621600.000000
37.395833	-0.081630	621800.000000
37.500000	-0.067403	622000.000000
37.604167	-0.087820	622200.000000
37.708333	-0.124143	622400.000000
37.812500	-0.156335	622600.000000
37.916667	-0.172915	622800.000000
38.020833	-0.176837	623000.000000
38.125000	-0.170910	623200.000000
38.229167	-0.157279	623400.000000
38.333333	-0.134081	623600.000000
38.437500	-0.112898	623800.000000
38.541667	-0.111244	624000.000000
38.645833	-0.134230	624200.000000
38.750000	-0.161430	624400.000000
38.854167	-0.163530	624600.000000
38.958333	-0.132252	624800.000000
39.062500	-0.083807	625000.000000
39.166667	-0.050524	625200.000000
39.270833	-0.053815	625400.000000
39.375000	-0.085289	625600.000000
39.479167	-0.123939	625800.000000
39.583333	-0.159326	626000.000000
39.687500	-0.192354	626200.000000
39.791667	-0.215249	626400.000000
39.895833	-0.207104	626600.000000
40.000000	-0.163713	626800.000000
40.104167	-0.105073	627000.000000
40.208333	-0.064627	627200.000000
40.312500	-0.065431	627400.000000
40.416667	-0.099214	627600.000000
40.520833	-0.135760	627800.000000
40.625000	-0.139555	628000.000000
40.729167	-0.102282	628200.000000
40.833333	-0.047066	628400.000000
40.937500	-0.017534	628600.000000
41.041667	-0.031393	628800.000000
41.145833	-0.078851	629000.000000
41.250000	-0.134491	629200.000000
41.354167	-0.177524	629400.000000
41.458333	-0.194257	629600.000000
41.562500	-0.177174	629800.000000
41.666667	-0.130998	630000.000000
41.770833	-0.083587	630200.000000
41.875000	-0.056124	630400.000000
41.979167	-0.055735	630600.000000
42.083333	-0.073687	630800.000000
42.187500	-0.097756	631000.000000
42.291667	-0.117399	631200.000000
42.395833	-0.125312	631400.000000
42.500000	-0.112505	631600.000000
42.604167	-0.079515	631800.000000
42.708333	-0.043219	632000.000000
42.812500	-0.024057	632200.000000
42.916667	-0.032867	632400.000000
43.020833	-0.062232	632600.000000
43.125000	-0.096110	632800.000000
43.229167	-0.117712	633000.000000
43.333333	-0.122669	633200.000000
43.437500	-0.115271	633400.000000
43.541667	-0.099527	633600.000000
43.645833	-0.082903	633800.000000
43.750000	-0.072825	634000.000000
43.854167	-0.074389	634200.000000
43.958333	-0.087627	634400.000000
44.062500	-0.101038	634600.000000
44.166667	-0.096310	634800.000000
44.270833	-0.069089	635000.000000
44.375000	-0.032330	635200.000000
44.479167	-0.007837	635400.000000
44.583333	-0.009959	635600.000000
44.687500	-0.034000	635800.000000
44.791667	-0.065138	636000.000000
44.895833	-0.090517	636200.000000
45.000000	-0.105929	636400.000000
45.104167	-0.112511	636600.000000
45.208333	-0.111287	636800.000000
45.312500	-0.103896	637000.000000
45.416667	-0.099378	637200.000000
45.520833	-0.098690	637400.000000
45.625000	-0.094389	637600.000000
45.729167	-0.079790	637800.000000
45.833333	-0.058037	638000.000000
45.937500	-0.039595	638200.000000
46.041667	-0.033906	638400.000000
46.145833	-0.046527	638600.000000
46.250000	-0.066120	638800.000000
46.354167	-0.082984	639000.000000
46.458333	-0.089312	639200.000000
46.562500	-0.091063	639400.000000
46.666667	-0.094792	639600.000000
46.770833	-0.101339	639800.000000
46.875000	-0.105698	640000.000000
46.979167	-0.100951	640200.000000
47.083333	-0.090623	640400.000000
47.187500	-0.079409	640600.000000
47.291667	-0.080206	640800.000000
47.395833	-0.088142	641000.000000
47.500000	-0.094498	641200.000000
47.604167	-0.091908	641400.000000
47.708333	-0.080233	641600.000000
47.812500	-0.066865	641800.000000
47.916667	-0.058550	642000.000000
48.020833	-0.060923	642200.000000
48.125000	-0.070774	642400.000000
48.229167	-0.081108	642600.000000
48.333333	-0.085758	642800.000000
48.437500	-0.085204	643000.000000
48.541667	-0.081297	643200.000000
48.645833	-0.080740	643400.000000
48.750000	-0.087217	643600.000000
48.854167	-0.098542	643800.000000
48.958333	-0.110191	644000.000000
49.062500	-0.119413	644200.000000
49.166667	-0.122433	644400.000000
49.270833	-0.113870	644600.000000
49.375000	-0.093982	644800.000000
49.479167	-0.067571	645000.000000
49.583333	-0.046584	645200.000000
49.687500	-0.043799	645400.000000
49.791667	-0.060735	645600.000000
49.895833	-0.077783	645800.000000
50.000000	-0.080761	646000.000000
50.104167	-0.071061	646200.000000
50.208333	-0.069734	646400.000000
50.312500	-0.087489	646600.000000
50.416667	-0.117495	646800.000000
50.520833	-0.140324	647000.000000
50.625000	-0.146357	647200.000000
50.729167	-0.140287	647400.000000
50.833333	-0.127553	647600.000000
50.937500	-0.111090	647800.000000
51.041667	-0.091910	648000.000000
51.145833	-0.074647	648200.000000
51.250000	-0.062752	648400.000000
51.354167	-0.060480	648600.000000
51.458333	-0.072105	648800.000000
51.562500	-0.092981	649000.000000
51.666667	-0.111586	649200.000000
51.770833	-0.118499	649400.000000
51.875000	-0.112237	649600.000000
51.979167	-0.101077	649800.000000
52.083333	-0.095616	650000.000000
52.187500	-0.099804	650200.000000
52.291667	-0.114204	650400.000000
52.395833	-0.130488	650600.000000
52.500000	-0.143518	650800.000000
52.604167	-0.146993	651000.000000
52.708333	-0.135952	651200.000000
52.812500	-0.112791	651400.000000
52.916667	-0.087731	651600.000000
53.020833	-0.077705	651800.000000
53.125000	-0.087885	652000.000000
53.229167	-0.106990	652200.000000
53.333333	-0.122892	652400.000000
53.437500	-0.127182	652600.000000
53.541667	-0.119397	652800.000000
53.645833	-0.101789	653000.000000
53.750000	-0.087834	653200.000000
53.854167	-0.084294	653400.000000
53.958333	-0.095337	653600.000000
54.062500	-0.114154	653800.000000
54.166667	-0.135127	654000.000000
54.270833	-0.149555	654200.000000
54.375000	-0.152988	654400.000000
54.479167	-0.143740	654600.000000
54.583333	-0.126682	654800.000000
54.687500	-0.109093	655000.000000
54.791667	-0.095573	655200.000000
54.895833	-0.084291	655400.000000
55.000000	-0.073053	655600.000000
55.104167	-0.066496	655800.000000
55.208333	-0.070347	656000.000000
55.312500	-0.079592	656200.000000
55.416667	-0.090081	656400.000000
55.520833	-0.096721	656600.000000
55.625000	-0.101358	656800.000000
55.729167	-0.108223	657000.000000
55.833333	-0.117380	657200.000000
55.937500	-0.125856	657400.000000
56.041667	-0.129951	657600.000000
56.145833	-0.126074	657800.000000
56.250000	-0.114622	658000.000000
56.354167	-0.099257	658200.000000
56.458333	-0.086492	658400.000000
56.562500	-0.078848	658600.000000
56.666667	-0.075041	658800.000000
56.770833	-0.072890	659000.000000
56.875000	-0.074441	659200.000000
56.979167	-0.078217	659400.000000
57.083333	-0.083914	659600.000000
57.187500	-0.088242	659800.000000
57.291667	-0.090733	660000.000000
57.395833	-0.095307	660200.000000
57.500000	-0.102546	660400.000000
57.604167	-0.107690	660600.000000
57.708333	-0.104374	660800.000000
57.812500	-0.090320	661000.000000
57.916667	-0.081323	661200.000000
58.020833	-0.084683	661400.000000
58.125000	-0.096255	661600.000000
58.229167	-0.103499	661800.000000
58.333333	-0.097177	662000.000000
58.437500	-0.083217	662200.000000
58.541667	-0.071567	662400.000000
58.645833	-0.068153	662600.000000
58.750000	-0.070822	662800.000000
58.854167	-0.075620	663000.000000
58.958333	-0.078439	663200.000000
59.062500	-0.078316	663400.000000
59.166667	-0.077900	663600.000000
59.270833	-0.077818	663800.000000
59.375000	-0.083896	664000.000000
59.479167	-0.095045	664200.000000
59.583333	-0.107094	664400.000000
59.687500	-0.117344	664600.000000
59.791667	-0.123852	664800.000000
59.895833	-0.121907	665000.000000
60.000000	-0.109284	665200.000000
60.104167	-0.088232	665400.000000
60.208333	-0.066490	665600.000000
60.312500	-0.053217	665800.000000
60.416667	-0.055238	666000.000000
60.520833	-0.067250	666200.000000
60.625000	-0.079649	666400.000000
60.729167	-0.087706	666600.000000
60.833333	-0.087249	666800.000000
60.937500	-0.087275	667000.000000
61.041667	-0.093553	667200.000000
61.145833	-0.103618	667400.000000
61.250000	-0.110300	667600.000000
61.354167	-0.111895	667800.000000
61.458333	-0.110382	668000.000000
61.562500	-0.110769	668200.000000
61.666667	-0.111255	668400.000000
61.770833	-0.106188	668600.000000
61.875000	-0.092101	668800.000000
61.979167	-0.074048	669000.000000
62.083333	-0.062963	669200.000000
62.187500	-0.065912	669400.000000
62.291667	-0.083249	669600.000000
62.395833	-0.102543	669800.000000
62.500000	-0.114285	670000.000000
62.604167	-0.115206	670200.000000
62.708333	-0.108205	670400.000000
62.812500	-0.101798	670600.000000
62.916667	-0.099280	670800.000000
63.020833	-0.101298	671000.000000
63.125000	-0.103491	671200.000000
63.229167	-0.106752	671400.000000
63.333333	-0.111146	671600.000000
63.437500	-0.115688	671800.000000
63.541667	-0.119032	672000.000000
63.645833	-0.118661	672200.000000
63.750000	-0.114389	672400.000000
63.854167	-0.107585	672600.000000
63.958333	-0.098992	672800.000000
64.062500	-0.091218	673000.000000
64.166667	-0.086364	673200.000000
64.270833	-0.086882	673400.000000
64.375000	-0.093091	673600.000000
64.479167	-0.102981	673800.000000
64.583333	-0.110530	674000.000000
64.687500	-0.115669	674200.000000
64.791667	-0.120268	674400.000000
64.895833	-0.121329	674600.000000
65.000000	-0.117367	674800.000000
65.104167	-0.113350	675000.000000
65.208333	-0.114572	675200.000000
65.312500	-0.122745	675400.000000
65.416667	-0.129405	675600.000000
65.520833	-0.124427	675800.000000
65.625000	-0.108432	676000.000000
65.729167	-0.091201	676200.000000
65.833333	-0.083318	676400.000000
65.937500	-0.086311	676600.000000
66.041667	-0.098322	676800.000000
66.145833	-0.114612	677000.000000
66.250000	-0.125835	677200.000000
66.354167	-0.133582	677400.000000
66.458333	-0.136409	677600.000000
66.562500	-0.134812	677800.000000
66.666667	-0.126637	678000.000000
66.770833	-0.115210	678200.000000
66.875000	-0.105768	678400.000000
66.979167	-0.102849	678600.000000
67.083333	-0.105631	678800.000000
67.187500	-0.106971	679000.000000
67.291667	-0.102475	679200.000000
67.395833	-0.094182	679400.000000
67.500000	-0.084371	679600.000000
67.604167	-0.077482	679800.000000
67.708333	-0.075318	680000.000000
67.812500	-0.080789	680200.000000
67.916667	-0.091301	680400.000000
68.020833	-0.101212	680600.000000
68.125000	-0.102859	680800.000000
68.229167	-0.095932	681000.000000
68.333333	-0.082541	681200.000000
68.437500	-0.073096	681400.000000
68.541667	-0.074215	681600.000000
68.645833	-0.088245	681800.000000
68.750000	-0.106529	682000.000000
68.854167	-0.118045	682200.000000
68.958333	-0.116640	682400.000000
69.062500	-0.102507	682600.000000
69.166667	-0.084580	682800.000000
69.270833	-0.069042	683000.000000
69.375000	-0.061314	683200.000000
69.479167	-0.064482	683400.000000
69.583333	-0.076842	683600.000000
69.687500	-0.089621	683800.000000
69.791667	-0.096591	684000.000000
69.895833	-0.096163	684200.000000
70.000000	-0.092258	684400.000000
70.104167	-0.087640	684600.000000
70.208333	-0.090609	684800.000000
70.312500	-0.101872	685000.000000
70.416667	-0.118689	685200.000000
70.520833	-0.131191	685400.000000
70.625000	-0.132893	685600.000000
70.729167	-0.123478	685800.000000
70.833333	-0.109625	686000.000000
70.937500	-0.096002	686200.000000
71.041667	-0.085562	686400.000000
71.145833	-0.083634	686600.000000
71.250000	-0.088477	686800.000000
71.354167	-0.096300	687000.000000
71.458333	-0.107900	687200.000000
71.562500	-0.121068	687400.000000
71.666667	-0.132480	687600.000000
71.770833	-0.138390	687800.000000
71.875000	-0.138261	688000.000000
71.979167	-0.135823	688200.000000
72.083333	-0.133693	688400.000000
72.187500	-0.133364	688600.000000
72.291667	-0.132496	688800.000000
72.395833	-0.130971	689000.000000
72.500000	-0.125612	689200.000000
72.604167	-0.120425	689400.000000
72.708333	-0.114461	689600.000000
72.812500	-0.109397	689800.000000
72.916667	-0.105638	690000.000000
73.020833	-0.100668	690200.000000
73.125000	-0.092970	690400.000000
73.229167	-0.084080	690600.000000
73.333333	-0.077303	690800.000000
73.437500	-0.073916	691000.000000
73.541667	-0.074259	691200.000000
73.645833	-0.076031	691400.000000
73.750000	-0.075339	691600.000000
73.854167	-0.071280	691800.000000
73.958333	-0.063961	692000.000000
74.062500	-0.056593	692200.000000
74.166667	-0.052935	692400.000000
74.270833	-0.055333	692600.000000
74.375000	-0.061252	692800.000000
74.479167	-0.067334	693000.000000
74.583333	-0.069946	693200.000000
74.687500	-0.067815	693400.000000
74.791667	-0.060652	693600.000000
74.895833	-0.052818	693800.000000
75.000000	-0.048552	694000.000000
75.104167	-0.052005	694200.000000
75.208333	-0.066198	694400.000000
75.312500	-0.083565	694600.000000
75.416667	-0.099506	694800.000000
75.520833	-0.108245	695000.000000
75.625000	-0.110737	695200.000000
75.729167	-0.109287	695400.000000
75.833333	-0.108203	695600.000000
75.937500	-0.107393	695800.000000
76.041667	-0.108199	696000.000000
76.145833	-0.108850	696200.000000
76.250000	-0.106497	696400.000000
76.354167	-0.099701	696600.000000
76.458333	-0.089258	696800.000000
76.562500	-0.079955	697000.000000
76.666667	-0.076060	697200.000000
76.770833	-0.080338	697400.000000
76.875000	-0.090706	697600.000000
76.979167	-0.102113	697800.000000
77.083333	-0.109434	698000.000000
77.187500	-0.111209	698200.000000
77.291667	-0.107501	698400.000000
77.395833	-0.101216	698600.000000
77.500000	-0.092972	698800.000000
77.604167	-0.090507	699000.000000
77.708333	-0.093319	699200.000000
77.812500	-0.100296	699400.000000
77.916667	-0.109604	699600.000000
78.020833	-0.114169	699800.000000
78.125000	-0.111495	700000.000000
78.229167	-0.101415	700200.000000
78.333333	-0.090599	700400.000000
78.437500	-0.085489	700600.000000
78.541667	-0.089686	700800.000000
78.645833	-0.100359	701000.000000
78.750000	-0.109210	701200.000000
78.854167	-0.111580	701400.000000
78.958333	-0.105243	701600.000000
79.062500	-0.095412	701800.000000
79.166667	-0.089235	702000.000000
79.270833	-0.090585	702200.000000
79.375000	-0.097428	702400.000000
79.479167	-0.105715	702600.000000
79.583333	-0.113734	702800.000000
79.687500	-0.118356	703000.000000
79.791667	-0.118793	703200.000000
79.895833	-0.110469	703400.000000
80.000000	-0.097451	703600.000000
80.104167	-0.083490	703800.000000
80.208333	-0.076308	704000.000000
80.312500	-0.076519	704200.000000
80.416667	-0.084174	704400.000000
80.520833	-0.094191	704600.000000
80.625000	-0.103294	704800.000000
80.729167	-0.107353	705000.000000
80.833333	-0.110047	705200.000000
80.937500	-0.112224	705400.000000
81.041667	-0.111434	705600.000000
81.145833	-0.107765	705800.000000
81.250000	-0.100807	706000.000000
81.354167	-0.093131	706200.000000
81.458333	-0.088880	706400.000000
81.562500	-0.087538	706600.000000
81.666667	-0.084022	706800.000000
81.770833	-0.077942	707000.000000
81.875000	-0.070810	707200.000000
81.979167	-0.065692	707400.000000
82.083333	-0.065254	707600.000000
82.187500	-0.067596	707800.000000
82.291667	-0.071383	708000.000000
82.395833	-0.076686	708200.000000
82.500000	-0.080539	708400.000000
82.604167	-0.084644	708600.000000
82.708333	-0.086245	708800.000000
82.812500	-0.084206	709000.000000
82.916667	-0.081042	709200.000000
83.020833	-0.078327	709400.000000
83.125000	-0.077798	709600.000000
83.229167	-0.078807	709800.000000
83.333333	-0.079713	710000.000000
83.437500	-0.082581	710200.000000
83.541667	-0.085309	710400.000000
83.645833	-0.088775	710600.000000
83.750000	-0.091397	710800.000000
83.854167	-0.089750	711000.000000
83.958333	-0.088607	711200.000000
84.062500	-0.089382	711400.000000
84.166667	-0.092923	711600.000000
84.270833	-0.098446	711800.000000
84.375000	-0.103255	712000.000000
84.479167	-0.107061	712200.000000
84.583333	-0.108241	712400.000000
84.687500	-0.109919	712600.000000
84.791667	-0.113692	712800.000000
84.895833	-0.118704	713000.000000
85.000000	-0.123281	713200.000000
85.104167	-0.123459	713400.000000
85.208333	-0.120146	713600.000000
85.312500	-0.113536	713800.000000
85.416667	-0.105649	714000.000000
85.520833	-0.100794	714200.000000
85.625000	-0.097967	714400.000000
85.729167	-0.097449	714600.000000
85.833333	-0.101550	714800.000000
85.937500	-0.110967	715000.000000
86.041667	-0.119472	715200.000000
86.145833	-0.123223	715400.000000
86.250000	-0.121652	715600.000000
86.354167	-0.116632	715800.000000
86.458333	-0.113569	716000.000000
86.562500	-0.115111	716200.000000
86.666667	-0.117784	716400.000000
86.770833	-0.120137	716600.000000
86.875000	-0.119520	716800.000000
86.979167	-0.113949	717000.000000
87.083333	-0.106602	717200.000000
87.187500	-0.100203	717400.000000
87.291667	-0.096792	717600.000000
87.395833	-0.096826	717800.000000
87.500000	-0.100138	718000.000000
87.604167	-0.105869	718200.000000
87.708333	-0.113479	718400.000000
87.812500	-0.120026	718600.000000
87.916667	-0.121324	718800.000000
88.020833	-0.117631	719000.000000
88.125000	-0.111151	719200.000000
88.229167	-0.102655	719400.000000
88.333333	-0.100712	719600.000000
88.437500	-0.102275	719800.000000
88.541667	-0.104551	720000.000000
88.645833	-0.105019	720200.000000
88.750000	-0.104078	720400.000000
88.854167	-0.101038	720600.000000
88.958333	-0.097442	720800.000000
89.062500	-0.094968	721000.000000
89.166667	-0.092708	721200.000000
89.270833	-0.091607	721400.000000
89.375000	-0.090746	721600.000000
89.479167	-0.091316	721800.000000
89.583333	-0.091660	722000.000000
89.687500	-0.094681	722200.000000
89.791667	-0.098728	722400.000000
89.895833	-0.102885	722600.000000
90.000000	-0.104835	722800.000000
90.104167	-0.105647	723000.000000
90.208333	-0.107537	723200.000000
90.312500	-0.107984	723400.000000
90.416667	-0.106114	723600.000000
90.520833	-0.101378	723800.000000
90.625000	-0.097893	724000.000000
90.729167	-0.094428	724200.000000
90.833333	-0.091820	724400.000000
90.937500	-0.091629	724600.000000
91.041667	-0.091183	724800.000000
91.145833	-0.091454	725000.000000
91.250000	-0.092790	725200.000000
91.354167	-0.094971	725400.000000
91.458333	-0.100373	725600.000000
91.562500	-0.108314	725800.000000
91.666667	-0.112954	726000.000000
91.770833	-0.114313	726200.000000
91.875000	-0.114294	726400.000000
91.979167	-0.113858	726600.000000
92.083333	-0.111253	726800.000000
92.187500	-0.105673	727000.000000
92.291667	-0.100469	727200.000000
92.395833	-0.096582	727400.000000
92.500000	-0.092813	727600.000000
92.604167	-0.092681	727800.000000
92.708333	-0.093725	728000.000000
92.812500	-0.096323	728200.000000
92.916667	-0.099445	728400.000000
93.020833	-0.100821	728600.000000
93.125000	-0.101614	728800.000000
93.229167	-0.101955	729000.000000
93.333333	-0.101253	729200.000000
93.437500	-0.100129	729400.000000
93.541667	-0.098029	729600.000000
93.645833	-0.095728	729800.000000
93.750000	-0.096618	730000.000000
93.854167	-0.098067	730200.000000
93.958333	-0.098364	730400.000000
94.062500	-0.097222	730600.000000
94.166667	-0.096591	730800.000000
94.270833	-0.096157	731000.000000
94.375000	-0.095443	731200.000000
94.479167	-0.093576	731400.000000
94.583333	-0.091591	731600.000000
94.687500	-0.090506	731800.000000
94.791667	-0.092134	732000.000000
94.895833	-0.095617	732200.000000
95.000000	-0.099687	732400.000000
95.104167	-0.102073	732600.000000
95.208333	-0.102373	732800.000000
95.312500	-0.101310	733000.000000
95.416667	-0.099628	733200.000000
95.520833	-0.099287	733400.000000
95.625000	-0.100124	733600.000000
95.729167	-0.099670	733800.000000
95.833333	-0.098615	734000.000000
95.937500	-0.096901	734200.000000
96.041667	-0.094077	734400.000000
96.145833	-0.090363	734600.000000
96.250000	-0.085282	734800.000000
96.354167	-0.079476	735000.000000
96.458333	-0.076883	735200.000000
96.562500	-0.079983	735400.000000
96.666667	-0.086798	735600.000000
96.770833	-0.095714	735800.000000
96.875000	-0.103574	736000.000000
96.979167	-0.107402	736200.000000
97.083333	-0.107969	736400.000000
97.187500	-0.107545	736600.000000
97.291667	-0.102993	736800.000000
97.395833	-0.099103	737000.000000
97.500000	-0.095162	737200.000000
97.604167	-0.091523	737400.000000
97.708333	-0.089426	737600.000000
97.812500	-0.089659	737800.000000
97.916667	-0.090082	738000.000000
98.020833	-0.089608	738200.000000
98.125000	-0.088503	738400.000000
98.229167	-0.087478	738600.000000
98.333333	-0.088912	738800.000000
98.437500	-0.091083	739000.000000
98.541667	-0.095505	739200.000000
98.645833	-0.098679	739400.000000
98.750000	-0.101409	739600.000000
98.854167	-0.101209	739800.000000
98.958333	-0.101062	740000.000000
99.062500	-0.102145	740200.000000
99.166667	-0.104119	740400.000000
99.270833	-0.106041	740600.000000
99.375000	-0.106489	740800.000000
99.479167	-0.106596	741000.000000
99.583333	-0.105438	741200.000000
99.687500	-0.102462	741400.000000
99.791667	-0.099399	741600.000000
99.895833	-0.094813	741800.000000
100.000000	-0.090262	742000.000000
100.104167	-0.088819	742200.000000
100.208333	-0.089017	742400.000000
100.312500	-0.091732	742600.000000
100.416667	-0.095358	742800.000000
100.520833	-0.098836	743000.000000
100.625000	-0.101307	743200.000000
100.729167	-0.100791	743400.000000
100.833333	-0.102487	743600.000000
100.937500	-0.104763	743800.000000
101.041667	-0.107832	744000.000000
101.145833	-0.109628	744200.000000
101.250000	-0.108059	744400.000000
101.354167	-0.103729	744600.000000
101.458333	-0.098580	744800.000000
101.562500	-0.093963	745000.000000
101.666667	-0.090257	745200.000000
101.770833	-0.089797	745400.000000
101.875000	-0.093735	745600.000000
101.979167	-0.098710	745800.000000
102.083333	-0.103445	746000.000000
102.187500	-0.105723	746200.000000
102.291667	-0.106275	746400.000000
102.395833	-0.103063	746600.000000
102.500000	-0.098059	746800.000000
102.604167	-0.095124	747000.000000
102.708333	-0.095435	747200.000000
102.812500	-0.097540	747400.000000
102.916667	-0.099966	747600.000000
103.020833	-0.100377	747800.000000
103.125000	-0.097327	748000.000000
103.229167	-0.094525	748200.000000
103.333333	-0.090065	748400.000000
103.437500	-0.088075	748600.000000
103.541667	-0.089370	748800.000000
103.645833	-0.092112	749000.000000
103.750000	-0.096429	749200.000000
103.854167	-0.100236	749400.000000
103.958333	-0.102339	749600.000000
104.062500	-0.103788	749800.000000
104.166667	-0.104779	750000.000000
104.270833	-0.103118	750200.000000
104.375000	-0.102277	750400.000000
104.479167	-0.103463	750600.000000
104.583333	-0.104921	750800.000000
104.687500	-0.108173	751000.000000
104.791667	-0.109471	751200.000000
104.895833	-0.109135	751400.000000
105.000000	-0.106147	751600.000000
105.104167	-0.102673	751800.000000
105.208333	-0.099611	752000.000000
105.312500	-0.097390	752200.000000
105.416667	-0.095222	752400.000000
105.520833	-0.093441	752600.000000
105.625000	-0.091935	752800.000000
105.729167	-0.092938	753000.000000
105.833333	-0.097182	753200.000000
105.937500	-0.100481	753400.000000
106.041667	-0.102844	753600.000000
106.145833	-0.102770	753800.000000
106.250000	-0.101665	754000.000000
106.354167	-0.100427	754200.000000
106.458333	-0.099054	754400.000000
106.562500	-0.098024	754600.000000
106.666667	-0.097079	754800.000000
106.770833	-0.093393	755000.000000
106.875000	-0.091742	755200.000000
106.979167	-0.090973	755400.000000
107.083333	-0.090737	755600.000000
107.187500	-0.089790	755800.000000
107.291667	-0.090506	756000.000000
107.395833	-0.091282	756200.000000
107.500000	-0.093743	756400.000000
107.604167	-0.097020	756600.000000
107.708333	-0.099900	756800.000000
107.812500	-0.099022	757000.000000
107.916667	-0.097407	757200.000000
108.020833	-0.094770	757400.000000
108.125000	-0.091526	757600.000000
108.229167	-0.089203	757800.000000
108.333333	-0.087143	758000.000000
108.437500	-0.086451	758200.000000
108.541667	-0.085886	758400.000000
108.645833	-0.085372	758600.000000
108.750000	-0.083714	758800.000000
108.854167	-0.081565	759000.000000
108.958333	-0.080239	759200.000000
109.062500	-0.080555	759400.000000
109.166667	-0.082261	759600.000000
109.270833	-0.084907	759800.000000
109.375000	-0.087001	760000.000000
109.479167	-0.088527	760200.000000
109.583333	-0.087665	760400.000000
109.687500	-0.086112	760600.000000
109.791667	-0.085042	760800.000000
109.895833	-0.085472	761000.000000
110.000000	-0.087156	761200.000000
110.104167	-0.093015	761400.000000
110.208333	-0.098445	761600.000000
110.312500	-0.097498	761800.000000
110.416667	-0.095210	762000.000000
110.520833	-0.089955	762200.000000
110.625000	-0.083838	762400.000000
110.729167	-0.079090	762600.000000
110.833333	-0.078619	762800.000000
110.937500	-0.082148	763000.000000
111.041667	-0.088758	763200.000000
111.145833	-0.093634	763400.000000
111.250000	-0.095175	763600.000000
111.354167	-0.095798	763800.000000
111.458333	-0.093445	764000.000000
111.562500	-0.092725	764200.000000
111.666667	-0.095789	764400.000000
111.770833	-0.100635	764600.000000
111.875000	-0.107247	764800.000000
111.979167	-0.115504	765000.000000
112.083333	-0.123966	765200.000000
112.187500	-0.132358	765400.000000
112.291667	-0.141700	765600.000000
112.395833	-0.150938	765800.000000
112.500000	-0.159596	766000.000000
112.604167	-0.164783	766200.000000
112.708333	-0.163425	766400.000000
112.812500	-0.152689	766600.000000
112.916667	-0.134584	766800.000000
113.020833	-0.112701	767000.000000
113.125000	-0.091842	767200.000000
113.229167	-0.074127	767400.000000
113.333333	-0.059723	767600.000000
113.437500	-0.048503	767800.000000
113.541667	-0.038519	768000.000000
113.645833	-0.031433	768200.000000
113.750000	-0.028517	768400.000000
113.854167	-0.033167	768600.000000
113.958333	-0.044243	768800.000000
114.062500	-0.059592	769000.000000
114.166667	-0.076488	769200.000000
114.270833	-0.089796	769400.000000
114.375000	-0.098068	769600.000000
114.479167	-0.103876	769800.000000
114.583333	-0.106382	770000.000000
114.687500	-0.107852	770200.000000
114.791667	-0.109336	770400.000000
114.895833	-0.110517	770600.000000
115.000000	-0.111762	770800.000000
115.104167	-0.112475	771000.000000
115.208333	-0.114694	771200.000000
115.312500	-0.117154	771400.000000
115.416667	-0.121087	771600.000000
115.520833	-0.123523	771800.000000
115.625000	-0.123354	772000.000000
115.729167	-0.122085	772200.000000
115.833333	-0.119206	772400.000000
115.937500	-0.116718	772600.000000
116.041667	-0.114713	772800.000000
116.145833	-0.112842	773000.000000
116.250000	-0.111294	773200.000000
116.354167	-0.112936	773400.000000
116.458333	-0.115719	773600.000000
116.562500	-0.118472	773800.000000
116.666667	-0.120140	774000.000000
116.770833	-0.119404	774200.000000
116.875000	-0.117634	774400.000000
116.979167	-0.115052	774600.000000
117.083333	-0.113339	774800.000000
117.187500	-0.112781	775000.000000
117.291667	-0.112897	775200.000000
117.395833	-0.110850	775400.000000
117.500000	-0.106817	775600.000000
117.604167	-0.102675	775800.000000
117.708333	-0.100797	776000.000000
117.812500	-0.100101	776200.000000
117.916667	-0.101475	776400.000000
118.020833	-0.103695	776600.000000
118.125000	-0.107823	776800.000000
118.229167	-0.111969	777000.000000
118.333333	-0.117000	777200.000000
118.437500	-0.120214	777400.000000
118.541667	-0.121622	777600.000000
118.645833	-0.121832	777800.000000
118.750000	-0.119369	778000.000000
118.854167	-0.119597	778200.000000
118.958333	-0.120359	778400.000000
119.062500	-0.121810	778600.000000
119.166667	-0.123448	778800.000000
119.270833	-0.122545	779000.000000
119.375000	-0.118125	779200.000000
119.479167	-0.110229	779400.000000
119.583333	-0.102021	779600.000000
119.687500	-0.093503	779800.000000
119.791667	-0.088330	780000.000000
119.895833	-0.086661	780200.000000
120.000000	-0.088924	780400.000000
120.104167	-0.092252	780600.000000
120.208333	-0.094967	780800.000000
120.312500	-0.095977	781000.000000
120.416667	-0.094633	781200.000000
120.520833	-0.092553	781400.000000
120.625000	-0.091943	781600.000000
120.729167	-0.093380	781800.000000
120.833333	-0.097726	782000.000000
120.937500	-0.099394	782200.000000
121.041667	-0.100242	782400.000000
121.145833	-0.099141	782600.000000
121.250000	-0.096442	782800.000000
121.354167	-0.093196	783000.000000
121.458333	-0.089280	783200.000000
121.562500	-0.087443	783400.000000
121.666667	-0.087471	783600.000000
121.770833	-0.088417	783800.000000
121.875000	-0.089731	784000.000000
121.979167	-0.091238	784200.000000
122.083333	-0.092338	784400.000000
122.187500	-0.092268	784600.000000
122.291667	-0.092214	784800.000000
122.395833	-0.090252	785000.000000
122.500000	-0.086789	785200.000000
122.604167	-0.083027	785400.000000
122.708333	-0.080502	785600.000000
122.812500	-0.078923	785800.000000
122.916667	-0.077862	786000.000000
123.020833	-0.078261	786200.000000
123.125000	-0.078069	786400.000000
123.229167	-0.077771	786600.000000
123.333333	-0.077931	786800.000000
123.437500	-0.078128	787000.000000
123.541667	-0.079066	787200.000000
123.645833	-0.080242	787400.000000
123.750000	-0.081816	787600.000000
123.854167	-0.083938	787800.000000
123.958333	-0.087576	788000.000000
124.062500	-0.089813	788200.000000
124.166667	-0.092403	788400.000000
124.270833	-0.093751	788600.000000
124.375000	-0.094791	788800.000000
124.479167	-0.093989	789000.000000
124.583333	-0.093162	789200.000000
124.687500	-0.092030	789400.000000
124.791667	-0.095104	789600.000000
124.895833	-0.098123	789800.000000
125.000000	-0.099153	790000.000000
125.104167	-0.100485	790200.000000
125.208333	-0.099288	790400.000000
125.312500	-0.098720	790600.000000
125.416667	-0.098399	790800.000000
125.520833	-0.099325	791000.000000
125.625000	-0.102884	791200.000000
125.729167	-0.107251	791400.000000
125.833333	-0.109304	791600.000000
125.937500	-0.109605	791800.000000
126.041667	-0.109447	792000.000000
126.145833	-0.107978	792200.000000
126.250000	-0.106221	792400.000000
126.354167	-0.105260	792600.000000
126.458333	-0.106038	792800.000000
126.562500	-0.106530	793000.000000
126.666667	-0.106207	793200.000000
126.770833	-0.103025	793400.000000
126.875000	-0.098648	793600.000000
126.979167	-0.093429	793800.000000
127.083333	-0.092801	794000.000000
127.187500	-0.095759	794200.000000
127.291667	-0.100508	794400.000000
127.395833	-0.108039	794600.000000
127.500000	-0.112657	794800.000000
127.604167	-0.114251	795000.000000
127.708333	-0.113313	795200.000000
127.812500	-0.109849	795400.000000
127.916667	-0.107411	795600.000000
128.020833	-0.105383	795800.000000
128.125000	-0.103628	796000.000000
128.229167	-0.102729	796200.000000
128.333333	-0.101814	796400.000000
128.437500	-0.100368	796600.000000
128.541667	-0.095110	796800.000000
128.645833	-0.088653	797000.000000
128.750000	-0.082481	797200.000000
128.854167	-0.077854	797400.000000
128.958333	-0.077401	797600.000000
129.062500	-0.080199	797800.000000
129.166667	-0.085836	798000.000000
129.270833	-0.090515	798200.000000
129.375000	-0.093533	798400.000000
129.479167	-0.093023	798600.000000
129.583333	-0.090509	798800.000000
129.687500	-0.088836	799000.000000
129.791667	-0.089304	799200.000000
129.895833	-0.093161	799400.000000
130.000000	-0.099685	799600.000000
130.104167	-0.105453	799800.000000
130.208333	-0.109558	800000.000000
