0.000000	-0.096060	550000.000000
0.104167	-0.096066	550200.000000
0.208333	-0.095482	550400.000000
0.312500	-0.096205	550600.000000
0.416667	-0.095589	550800.000000
0.520833	-0.095650	551000.000000
0.625000	-0.095721	551200.000000
0.729167	-0.094938	551400.000000
0.833333	-0.095861	551600.000000
0.937500	-0.095578	551800.000000
1.041667	-0.096183	552000.000000
1.145833	-0.095445	552200.000000
1.250000	-0.095850	552400.000000
1.354167	-0.095660	552600.000000
1.458333	-0.095795	552800.000000
1.562500	-0.095767	553000.000000
1.666667	-0.096596	553200.000000
1.770833	-0.095918	553400.000000
1.875000	-0.096000	553600.000000
1.979167	-0.095909	553800.000000
2.083333	-0.095353	554000.000000
2.187500	-0.096029	554200.000000
2.291667	-0.095517	554400.000000
2.395833	-0.095190	554600.000000
2.500000	-0.095389	554800.000000
2.604167	-0.096636	555000.000000
2.708333	-0.096215	555200.000000
2.812500	-0.095646	555400.000000
2.916667	-0.095633	555600.000000
3.020833	-0.096414	555800.000000
3.125000	-0.095628	556000.000000
3.229167	-0.095798	556200.000000
3.333333	-0.095616	556400.000000
3.437500	-0.095925	556600.000000
3.541667	-0.095413	556800.000000
3.645833	-0.095792	557000.000000
3.750000	-0.095860	557200.000000
3.854167	-0.095575	557400.000000
3.958333	-0.095605	557600.000000
4.062500	-0.095847	557800.000000
4.166667	-0.095748	558000.000000
4.270833	-0.095813	558200.000000
4.375000	-0.095377	558400.000000
4.479167	-0.096098	558600.000000
4.583333	-0.095864	558800.000000
4.687500	-0.095369	559000.000000
4.791667	-0.095703	559200.000000
4.895833	-0.095921	559400.000000
5.000000	-0.095985	559600.000000
5.104167	-0.095966	559800.000000
5.208333	-0.095999	560000.000000
5.312500	-0.095649	560200.000000
5.416667	-0.095775	560400.000000
5.520833	-0.095665	560600.000000
5.625000	-0.096156	560800.000000
5.729167	-0.095874	561000.000000
5.833333	-0.095381	561200.000000
5.937500	-0.095482	561400.000000
6.041667	-0.095696	561600.000000
6.145833	-0.095923	561800.000000
6.250000	-0.095619	562000.000000
6.354167	-0.095255	562200.000000
6.458333	-0.095909	562400.000000
6.562500	-0.095660	562600.000000
6.666667	-0.095794	562800.000000
6.770833	-0.096038	563000.000000
6.875000	-0.096058	563200.000000
6.979167	-0.095948	563400.000000
7.083333	-0.095535	563600.000000
7.187500	-0.095954	563800.000000
7.291667	-0.096286	564000.000000
7.395833	-0.095205	564200.000000
7.500000	-0.095474	564400.000000
7.604167	-0.095646	564600.000000
7.708333	-0.096432	564800.000000
7.812500	-0.095792	565000.000000
7.916667	-0.096489	565200.000000
8.020833	-0.095484	565400.000000
8.125000	-0.096215	565600.000000
8.229167	-0.095527	565800.000000
8.333333	-0.095179	566000.000000
8.437500	-0.095196	566200.000000
8.541667	-0.095741	566400.000000
8.645833	-0.095565	566600.000000
8.750000	-0.095073	566800.000000
8.854167	-0.096351	567000.000000
8.958333	-0.096189	567200.000000
9.062500	-0.095967	567400.000000
9.166667	-0.095934	567600.000000
9.270833	-0.095731	567800.000000
9.375000	-0.095425	568000.000000
9.479167	-0.096680	568200.000000
9.583333	-0.095768	568400.000000
9.687500	-0.095448	568600.000000
9.791667	-0.095490	568800.000000
9.895833	-0.095391	569000.000000
10.000000	-0.095583	569200.000000
10.104167	-0.096166	569400.000000
10.208333	-0.095894	569600.000000
10.312500	-0.096272	569800.000000
10.416667	-0.096893	570000.000000
10.520833	-0.096267	570200.000000
10.625000	-0.096500	570400.000000
10.729167	-0.096517	570600.000000
10.833333	-0.096059	570800.000000
10.937500	-0.095392	571000.000000
11.041667	-0.095989	571200.000000
11.145833	-0.094894	571400.000000
11.250000	-0.095750	571600.000000
11.354167	-0.095966	571800.000000
11.458333	-0.095762	572000.000000
11.562500	-0.095727	572200.000000
11.666667	-0.095719	572400.000000
11.770833	-0.095387	572600.000000
11.875000	-0.096284	572800.000000
11.979167	-0.096219	573000.000000
12.083333	-0.096103	573200.000000
12.187500	-0.096033	573400.000000
12.291667	-0.096006	573600.000000
12.395833	-0.095227	573800.000000
12.500000	-0.095629	574000.000000
12.604167	-0.095935	574200.000000
12.708333	-0.096459	574400.000000
12.812500	-0.096596	574600.000000
12.916667	-0.097000	574800.000000
13.020833	-0.096160	575000.000000
13.125000	-0.096229	575200.000000
13.229167	-0.096457	575400.000000
13.333333	-0.096954	575600.000000
13.437500	-0.096447	575800.000000
13.541667	-0.096825	576000.000000
13.645833	-0.096197	576200.000000
13.750000	-0.096260	576400.000000
13.854167	-0.096613	576600.000000
13.958333	-0.096798	576800.000000
14.062500	-0.096258	577000.000000
14.166667	-0.096819	577200.000000
14.270833	-0.096355	577400.000000
14.375000	-0.096725	577600.000000
14.479167	-0.096642	577800.000000
14.583333	-0.096706	578000.000000
14.687500	-0.096659	578200.000000
14.791667	-0.096481	578400.000000
14.895833	-0.097093	578600.000000
15.000000	-0.096751	578800.000000
15.104167	-0.096713	579000.000000
15.208333	-0.096734	579200.000000
15.312500	-0.096405	579400.000000
15.416667	-0.097042	579600.000000
15.520833	-0.096687	579800.000000
15.625000	-0.096681	580000.000000
15.729167	-0.096711	580200.000000
15.833333	-0.096524	580400.000000
15.937500	-0.096024	580600.000000
16.041667	-0.095996	580800.000000
16.145833	-0.096855	581000.000000
16.250000	-0.097318	581200.000000
16.354167	-0.097377	581400.000000
16.458333	-0.096073	581600.000000
16.562500	-0.096069	581800.000000
16.666667	-0.096124	582000.000000
16.770833	-0.095648	582200.000000
16.875000	-0.095435	582400.000000
16.979167	-0.096022	582600.000000
17.083333	-0.096010	582800.000000
17.187500	-0.094724	583000.000000
17.291667	-0.095725	583200.000000
17.395833	-0.094894	583400.000000
17.500000	-0.095468	583600.000000
17.604167	-0.095275	583800.000000
17.708333	-0.095177	584000.000000
17.812500	-0.094547	584200.000000
17.916667	-0.093922	584400.000000
18.020833	-0.093301	584600.000000
18.125000	-0.093294	584800.000000
18.229167	-0.093208	585000.000000
18.333333	-0.093438	585200.000000
18.437500	-0.093177	585400.000000
18.541667	-0.093371	585600.000000
18.645833	-0.092561	585800.000000
18.750000	-0.091826	586000.000000
18.854167	-0.092691	586200.000000
18.958333	-0.091880	586400.000000
19.062500	-0.091522	586600.000000
19.166667	-0.091396	586800.000000
19.270833	-0.090658	587000.000000
19.375000	-0.089841	587200.000000
19.479167	-0.090010	587400.000000
19.583333	-0.089453	587600.000000
19.687500	-0.087788	587800.000000
19.791667	-0.088695	588000.000000
19.895833	-0.087315	588200.000000
20.000000	-0.086151	588400.000000
20.104167	-0.086056	588600.000000
20.208333	-0.084521	588800.000000
20.312500	-0.083443	589000.000000
20.416667	-0.081482	589200.000000
20.520833	-0.080476	589400.000000
20.625000	-0.079112	589600.000000
20.729167	-0.078037	589800.000000
20.833333	-0.075966	590000.000000
20.937500	-0.072950	590200.000000
21.041667	-0.071160	590400.000000
21.145833	-0.068428	590600.000000
21.250000	-0.065394	590800.000000
21.354167	-0.061481	591000.000000
21.458333	-0.058585	591200.000000
21.562500	-0.053667	591400.000000
21.666667	-0.048406	591600.000000
21.770833	-0.043254	591800.000000
21.875000	-0.036998	592000.000000
21.979167	-0.030793	592200.000000
22.083333	-0.022381	592400.000000
22.187500	-0.012852	592600.000000
22.291667	-0.003192	592800.000000
22.395833	0.007988	593000.000000
22.500000	0.021146	593200.000000
22.604167	0.035104	593400.000000
22.708333	0.050694	593600.000000
22.812500	0.068642	593800.000000
22.916667	0.087152	594000.000000
23.020833	0.105819	594200.000000
23.125000	0.123887	594400.000000
23.229167	0.142678	594600.000000
23.333333	0.159914	594800.000000
23.437500	0.174906	595000.000000
23.541667	0.186783	595200.000000
23.645833	0.193669	595400.000000
23.750000	0.195270	595600.000000
23.854167	0.184980	595800.000000
23.958333	0.147441	596000.000000
24.062500	0.050774	596200.000000
24.166667	-0.167772	596400.000000
24.270833	-0.588019	596600.000000
24.375000	-1.236101	596800.000000
24.479167	-1.996946	597000.000000
24.583333	-2.645911	597200.000000
24.687500	-2.870196	597400.000000
24.791667	-2.540759	597600.000000
24.895833	-1.797788	597800.000000
25.000000	-0.945178	598000.000000
25.104167	-0.191990	598200.000000
25.208333	0.294486	598400.000000
25.312500	0.530754	598600.000000
25.416667	0.584333	598800.000000
25.520833	0.537574	599000.000000
25.625000	0.461256	599200.000000
25.729167	0.396376	599400.000000
25.833333	0.351873	599600.000000
25.937500	0.324877	599800.000000
26.041667	0.328040	600000.000000
26.145833	0.378113	600200.000000
26.250000	0.463536	600400.000000
26.354167	0.532475	600600.000000
26.458333	0.520817	600800.000000
26.562500	0.414473	601000.000000
26.666667	0.260106	601200.000000
26.770833	0.138916	601400.000000
26.875000	0.093850	601600.000000
26.979167	0.106164	601800.000000
27.083333	0.135859	602000.000000
27.187500	0.160413	602200.000000
27.291667	0.167177	602400.000000
27.395833	0.154067	602600.000000
27.500000	0.115814	602800.000000
27.604167	0.056641	603000.000000
27.708333	-0.012138	603200.000000
27.812500	-0.062294	603400.000000
27.916667	-0.062833	603600.000000
28.020833	-0.013966	603800.000000
28.125000	0.051075	604000.000000
28.229167	0.084386	604200.000000
28.333333	0.053490	604400.000000
28.437500	-0.024808	604600.000000
28.541667	-0.098626	604800.000000
28.645833	-0.120129	605000.000000
28.750000	-0.094111	605200.000000
28.854167	-0.064615	605400.000000
28.958333	-0.067156	605600.000000
29.062500	-0.098317	605800.000000
29.166667	-0.134160	606000.000000
29.270833	-0.152400	606200.000000
29.375000	-0.149069	606400.000000
29.479167	-0.128888	606600.000000
29.583333	-0.100523	606800.000000
29.687500	-0.072049	607000.000000
29.791667	-0.044784	607200.000000
29.895833	-0.019906	607400.000000
30.000000	-0.006726	607600.000000
30.104167	-0.014880	607800.000000
30.208333	-0.043033	608000.000000
30.312500	-0.072923	608200.000000
30.416667	-0.099871	608400.000000
30.520833	-0.124244	608600.000000
30.625000	-0.140382	608800.000000
30.729167	-0.140683	609000.000000
30.833333	-0.123052	609200.000000
30.937500	-0.094696	609400.000000
31.041667	-0.072809	609600.000000
31.145833	-0.071850	609800.000000
31.250000	-0.087493	610000.000000
31.354167	-0.102634	610200.000000
31.458333	-0.105949	610400.000000
31.562500	-0.095499	610600.000000
31.666667	-0.079787	610800.000000
31.770833	-0.066270	611000.000000
31.875000	-0.063510	611200.000000
31.979167	-0.077083	611400.000000
32.083333	-0.106092	611600.000000
32.187500	-0.133997	611800.000000
32.291667	-0.153155	612000.000000
32.395833	-0.159047	612200.000000
32.500000	-0.159025	612400.000000
32.604167	-0.160633	612600.000000
32.708333	-0.164464	612800.000000
32.812500	-0.160712	613000.000000
32.916667	-0.149919	613200.000000
33.020833	-0.141448	613400.000000
33.125000	-0.145242	613600.000000
33.229167	-0.157264	613800.000000
33.333333	-0.162056	614000.000000
33.437500	-0.149293	614200.000000
33.541667	-0.116963	614400.000000
33.645833	-0.074029	614600.000000
33.750000	-0.036799	614800.000000
33.854167	-0.022500	615000.000000
33.958333	-0.044022	615200.000000
34.062500	-0.093666	615400.000000
34.166667	-0.147090	615600.000000
34.270833	-0.177531	615800.000000
34.375000	-0.180864	616000.000000
34.479167	-0.167774	616200.000000
34.583333	-0.146178	616400.000000
34.687500	-0.118518	616600.000000
34.791667	-0.098888	616800.000000
34.895833	-0.089873	617000.000000
35.000000	-0.088925	617200.000000
35.104167	-0.086153	617400.000000
35.208333	-0.082100	617600.000000
35.312500	-0.075844	617800.000000
35.416667	-0.066124	618000.000000
35.520833	-0.058925	618200.000000
35.625000	-0.058946	618400.000000
35.729167	-0.068906	618600.000000
35.833333	-0.087175	618800.000000
35.937500	-0.113245	619000.000000
36.041667	-0.145613	619200.000000
36.145833	-0.175581	619400.000000
36.250000	-0.190605	619600.000000
36.354167	-0.179464	619800.000000
36.458333	-0.141023	620000.000000
36.562500	-0.091705	620200.000000
36.666667	-0.055565	620400.000000
36.770833	-0.056427	620600.000000
36.875000	-0.095409	620800.000000
36.979167	-0.145309	621000.000000
37.083333	-0.174827	621200.000000
37.187500	-0.163140	621400.000000
37.291667	-0.123144	621600.000000
37.395833	-0.083591	621800.000000
37.500000	-0.071251	622000.000000
37.604167	-0.091249	622200.000000
37.708333	-0.126329	622400.000000
37.812500	-0.156344	622600.000000
37.916667	-0.170660	622800.000000
38.020833	-0.172919	623000.000000
38.125000	-0.168271	623200.000000
38.229167	-0.154396	623400.000000
38.333333	-0.132801	623600.000000
38.437500	-0.112284	623800.000000
38.541667	-0.111530	624000.000000
38.645833	-0.132851	624200.000000
38.750000	-0.160190	624400.000000
38.854167	-0.163554	624600.000000
38.958333	-0.130682	624800.000000
39.062500	-0.085574	625000.000000
39.166667	-0.054608	625200.000000
39.270833	-0.059918	625400.000000
39.375000	-0.090801	625600.000000
39.479167	-0.126991	625800.000000
39.583333	-0.159169	626000.000000
39.687500	-0.187603	626200.000000
39.791667	-0.207398	626400.000000
39.895833	-0.201531	626600.000000
40.000000	-0.160529	626800.000000
40.104167	-0.104448	627000.000000
40.208333	-0.065286	627200.000000
40.312500	-0.065950	627400.000000
40.416667	-0.100724	627600.000000
40.520833	-0.136805	627800.000000
40.625000	-0.142323	628000.000000
40.729167	-0.104225	628200.000000
40.833333	-0.050819	628400.000000
40.937500	-0.021834	628600.000000
41.041667	-0.033774	628800.000000
41.145833	-0.080302	629000.000000
41.250000	-0.132533	629200.000000
41.354167	-0.172478	629400.000000
41.458333	-0.187256	629600.000000
41.562500	-0.170643	629800.000000
41.666667	-0.129499	630000.000000
41.770833	-0.084345	630200.000000
41.875000	-0.057710	630400.000000
41.979167	-0.055986	630600.000000
42.083333	-0.072026	630800.000000
42.187500	-0.098160	631000.000000
42.291667	-0.118787	631200.000000
42.395833	-0.126837	631400.000000
42.500000	-0.112733	631600.000000
42.604167	-0.079070	631800.000000
42.708333	-0.043071	632000.000000
42.812500	-0.026897	632200.000000
42.916667	-0.037464	632400.000000
43.020833	-0.067069	632600.000000
43.125000	-0.097714	632800.000000
43.229167	-0.116418	633000.000000
43.333333	-0.120091	633200.000000
43.437500	-0.112192	633400.000000
43.541667	-0.097848	633600.000000
43.645833	-0.080686	633800.000000
43.750000	-0.069497	634000.000000
43.854167	-0.071447	634200.000000
43.958333	-0.086553	634400.000000
44.062500	-0.101392	634600.000000
44.166667	-0.098442	634800.000000
44.270833	-0.071887	635000.000000
44.375000	-0.034028	635200.000000
44.479167	-0.008799	635400.000000
44.583333	-0.011777	635600.000000
44.687500	-0.037606	635800.000000
44.791667	-0.068661	636000.000000
44.895833	-0.092173	636200.000000
45.000000	-0.104692	636400.000000
45.104167	-0.109750	636600.000000
45.208333	-0.107640	636800.000000
45.312500	-0.101229	637000.000000
45.416667	-0.097265	637200.000000
45.520833	-0.094533	637400.000000
45.625000	-0.090698	637600.000000
45.729167	-0.079609	637800.000000
45.833333	-0.061668	638000.000000
45.937500	-0.045000	638200.000000
46.041667	-0.039534	638400.000000
46.145833	-0.049431	638600.000000
46.250000	-0.066881	638800.000000
46.354167	-0.081156	639000.000000
46.458333	-0.088492	639200.000000
46.562500	-0.090856	639400.000000
46.666667	-0.094477	639600.000000
46.770833	-0.100655	639800.000000
46.875000	-0.104259	640000.000000
46.979167	-0.099683	640200.000000
47.083333	-0.088650	640400.000000
47.187500	-0.080011	640600.000000
47.291667	-0.079528	640800.000000
47.395833	-0.087333	641000.000000
47.500000	-0.093897	641200.000000
47.604167	-0.091625	641400.000000
47.708333	-0.082094	641600.000000
47.812500	-0.069080	641800.000000
47.916667	-0.059609	642000.000000
48.020833	-0.061373	642200.000000
48.125000	-0.071240	642400.000000
48.229167	-0.082414	642600.000000
48.333333	-0.086873	642800.000000
48.437500	-0.085571	643000.000000
48.541667	-0.081402	643200.000000
48.645833	-0.081230	643400.000000
48.750000	-0.087022	643600.000000
48.854167	-0.098449	643800.000000
48.958333	-0.109094	644000.000000
49.062500	-0.117424	644200.000000
49.166667	-0.118955	644400.000000
49.270833	-0.111096	644600.000000
49.375000	-0.093036	644800.000000
49.479167	-0.068619	645000.000000
49.583333	-0.049541	645200.000000
49.687500	-0.048957	645400.000000
49.791667	-0.064153	645600.000000
49.895833	-0.081505	645800.000000
50.000000	-0.082437	646000.000000
50.104167	-0.072122	646200.000000
50.208333	-0.070085	646400.000000
50.312500	-0.088519	646600.000000
50.416667	-0.117220	646800.000000
50.520833	-0.138300	647000.000000
50.625000	-0.143469	647200.000000
50.729167	-0.136405	647400.000000
50.833333	-0.125059	647600.000000
50.937500	-0.110358	647800.000000
51.041667	-0.093047	648000.000000
51.145833	-0.076749	648200.000000
51.250000	-0.065319	648400.000000
51.354167	-0.063575	648600.000000
51.458333	-0.074327	648800.000000
51.562500	-0.095115	649000.000000
51.666667	-0.112885	649200.000000
51.770833	-0.118066	649400.000000
51.875000	-0.112017	649600.000000
51.979167	-0.100730	649800.000000
52.083333	-0.095144	650000.000000
52.187500	-0.101180	650200.000000
52.291667	-0.114611	650400.000000
52.395833	-0.129856	650600.000000
52.500000	-0.143675	650800.000000
52.604167	-0.146757	651000.000000
52.708333	-0.134845	651200.000000
52.812500	-0.111697	651400.000000
52.916667	-0.086893	651600.000000
53.020833	-0.078132	651800.000000
53.125000	-0.088681	652000.000000
53.229167	-0.108895	652200.000000
53.333333	-0.126116	652400.000000
53.437500	-0.130621	652600.000000
53.541667	-0.120170	652800.000000
53.645833	-0.101557	653000.000000
53.750000	-0.087395	653200.000000
53.854167	-0.085421	653400.000000
53.958333	-0.096210	653600.000000
54.062500	-0.115827	653800.000000
54.166667	-0.136392	654000.000000
54.270833	-0.149299	654200.000000
54.375000	-0.151345	654400.000000
54.479167	-0.140937	654600.000000
54.583333	-0.123184	654800.000000
54.687500	-0.105645	655000.000000
54.791667	-0.092627	655200.000000
54.895833	-0.083258	655400.000000
55.000000	-0.076386	655600.000000
55.104167	-0.071928	655800.000000
55.208333	-0.075205	656000.000000
55.312500	-0.083769	656200.000000
55.416667	-0.091098	656400.000000
55.520833	-0.095341	656600.000000
55.625000	-0.099150	656800.000000
55.729167	-0.105759	657000.000000
55.833333	-0.114778	657200.000000
55.937500	-0.124603	657400.000000
56.041667	-0.130626	657600.000000
56.145833	-0.126904	657800.000000
56.250000	-0.114506	658000.000000
56.354167	-0.098507	658200.000000
56.458333	-0.083944	658400.000000
56.562500	-0.075682	658600.000000
56.666667	-0.075344	658800.000000
56.770833	-0.077141	659000.000000
56.875000	-0.079968	659200.000000
56.979167	-0.083858	659400.000000
57.083333	-0.086634	659600.000000
57.187500	-0.087092	659800.000000
57.291667	-0.087908	660000.000000
57.395833	-0.091632	660200.000000
57.500000	-0.099840	660400.000000
57.604167	-0.107015	660600.000000
57.708333	-0.104752	660800.000000
57.812500	-0.092727	661000.000000
57.916667	-0.082207	661200.000000
58.020833	-0.085121	661400.000000
58.125000	-0.096352	661600.000000
58.229167	-0.100716	661800.000000
58.333333	-0.094102	662000.000000
58.437500	-0.081262	662200.000000
58.541667	-0.073797	662400.000000
58.645833	-0.071469	662600.000000
58.750000	-0.073843	662800.000000
58.854167	-0.076382	663000.000000
58.958333	-0.077894	663200.000000
59.062500	-0.077466	663400.000000
59.166667	-0.077337	663600.000000
59.270833	-0.077885	663800.000000
59.375000	-0.083988	664000.000000
59.479167	-0.095143	664200.000000
59.583333	-0.106905	664400.000000
59.687500	-0.116733	664600.000000
59.791667	-0.122111	664800.000000
59.895833	-0.119530	665000.000000
60.000000	-0.106017	665200.000000
60.104167	-0.086760	665400.000000
60.208333	-0.066992	665600.000000
60.312500	-0.056792	665800.000000
60.416667	-0.060352	666000.000000
60.520833	-0.071184	666200.000000
60.625000	-0.082057	666400.000000
60.729167	-0.087524	666600.000000
60.833333	-0.085800	666800.000000
60.937500	-0.086868	667000.000000
61.041667	-0.093376	667200.000000
61.145833	-0.103863	667400.000000
61.250000	-0.110102	667600.000000
61.354167	-0.111126	667800.000000
61.458333	-0.108453	668000.000000
61.562500	-0.108503	668200.000000
61.666667	-0.110527	668400.000000
61.770833	-0.106521	668600.000000
61.875000	-0.094434	668800.000000
61.979167	-0.076390	669000.000000
62.083333	-0.065688	669200.000000
62.187500	-0.068365	669400.000000
62.291667	-0.084907	669600.000000
62.395833	-0.103185	669800.000000
62.500000	-0.114215	670000.000000
62.604167	-0.114480	670200.000000
62.708333	-0.107872	670400.000000
62.812500	-0.102141	670600.000000
62.916667	-0.099149	670800.000000
63.020833	-0.100507	671000.000000
63.125000	-0.103546	671200.000000
63.229167	-0.107573	671400.000000
63.333333	-0.111226	671600.000000
63.437500	-0.115957	671800.000000
63.541667	-0.118720	672000.000000
63.645833	-0.118333	672200.000000
63.750000	-0.113986	672400.000000
63.854167	-0.106539	672600.000000
63.958333	-0.098888	672800.000000
64.062500	-0.093006	673000.000000
64.166667	-0.089193	673200.000000
64.270833	-0.088449	673400.000000
64.375000	-0.094906	673600.000000
64.479167	-0.103496	673800.000000
64.583333	-0.111226	674000.000000
64.687500	-0.116016	674200.000000
64.791667	-0.119857	674400.000000
64.895833	-0.119752	674600.000000
65.000000	-0.116807	674800.000000
65.104167	-0.112788	675000.000000
65.208333	-0.114361	675200.000000
65.312500	-0.122394	675400.000000
65.416667	-0.129595	675600.000000
65.520833	-0.123889	675800.000000
65.625000	-0.108525	676000.000000
65.729167	-0.091407	676200.000000
65.833333	-0.082785	676400.000000
65.937500	-0.087896	676600.000000
66.041667	-0.101368	676800.000000
66.145833	-0.116826	677000.000000
66.250000	-0.126415	677200.000000
66.354167	-0.132316	677400.000000
66.458333	-0.134132	677600.000000
66.562500	-0.131623	677800.000000
66.666667	-0.124271	678000.000000
66.770833	-0.113226	678200.000000
66.875000	-0.104223	678400.000000
66.979167	-0.103908	678600.000000
67.083333	-0.107014	678800.000000
67.187500	-0.108674	679000.000000
67.291667	-0.103939	679200.000000
67.395833	-0.094605	679400.000000
67.500000	-0.084404	679600.000000
67.604167	-0.078132	679800.000000
67.708333	-0.076348	680000.000000
67.812500	-0.082214	680200.000000
67.916667	-0.092061	680400.000000
68.020833	-0.101207	680600.000000
68.125000	-0.102963	680800.000000
68.229167	-0.095560	681000.000000
68.333333	-0.082647	681200.000000
68.437500	-0.073582	681400.000000
68.541667	-0.075039	681600.000000
68.645833	-0.087563	681800.000000
68.750000	-0.104110	682000.000000
68.854167	-0.117359	682200.000000
68.958333	-0.117810	682400.000000
69.062500	-0.104739	682600.000000
69.166667	-0.085006	682800.000000
69.270833	-0.067702	683000.000000
69.375000	-0.060507	683200.000000
69.479167	-0.065232	683400.000000
69.583333	-0.077687	683600.000000
69.687500	-0.091949	683800.000000
69.791667	-0.100061	684000.000000
69.895833	-0.098687	684200.000000
70.000000	-0.091205	684400.000000
70.104167	-0.087000	684600.000000
70.208333	-0.088650	684800.000000
70.312500	-0.101114	685000.000000
70.416667	-0.116557	685200.000000
70.520833	-0.129197	685400.000000
70.625000	-0.130975	685600.000000
70.729167	-0.123493	685800.000000
70.833333	-0.110401	686000.000000
70.937500	-0.095188	686200.000000
71.041667	-0.085151	686400.000000
71.145833	-0.083387	686600.000000
71.250000	-0.087699	686800.000000
71.354167	-0.099438	687000.000000
71.458333	-0.111948	687200.000000
71.562500	-0.123422	687400.000000
71.666667	-0.133378	687600.000000
71.770833	-0.137672	687800.000000
71.875000	-0.136854	688000.000000
71.979167	-0.132907	688200.000000
72.083333	-0.131878	688400.000000
72.187500	-0.132085	688600.000000
72.291667	-0.133249	688800.000000
72.395833	-0.132251	689000.000000
72.500000	-0.128479	689200.000000
72.604167	-0.120888	689400.000000
72.708333	-0.114051	689600.000000
72.812500	-0.107135	689800.000000
72.916667	-0.103486	690000.000000
73.020833	-0.099278	690200.000000
73.125000	-0.093606	690400.000000
73.229167	-0.085526	690600.000000
73.333333	-0.079753	690800.000000
73.437500	-0.076797	691000.000000
73.541667	-0.074892	691200.000000
73.645833	-0.074575	691400.000000
73.750000	-0.072719	691600.000000
73.854167	-0.070204	691800.000000
73.958333	-0.064516	692000.000000
74.062500	-0.056926	692200.000000
74.166667	-0.053909	692400.000000
74.270833	-0.055725	692600.000000
74.375000	-0.061133	692800.000000
74.479167	-0.065899	693000.000000
74.583333	-0.067999	693200.000000
74.687500	-0.065373	693400.000000
74.791667	-0.060314	693600.000000
74.895833	-0.053677	693800.000000
75.000000	-0.050226	694000.000000
75.104167	-0.054656	694200.000000
75.208333	-0.067749	694400.000000
75.312500	-0.084319	694600.000000
75.416667	-0.097682	694800.000000
75.520833	-0.106512	695000.000000
75.625000	-0.109338	695200.000000
75.729167	-0.107612	695400.000000
75.833333	-0.107001	695600.000000
75.937500	-0.107493	695800.000000
76.041667	-0.107973	696000.000000
76.145833	-0.108128	696200.000000
76.250000	-0.105133	696400.000000
76.354167	-0.098440	696600.000000
76.458333	-0.089978	696800.000000
76.562500	-0.080400	697000.000000
76.666667	-0.077547	697200.000000
76.770833	-0.081568	697400.000000
76.875000	-0.091496	697600.000000
76.979167	-0.101343	697800.000000
77.083333	-0.107816	698000.000000
77.187500	-0.110490	698200.000000
77.291667	-0.107977	698400.000000
77.395833	-0.101710	698600.000000
77.500000	-0.093973	698800.000000
77.604167	-0.090063	699000.000000
77.708333	-0.092960	699200.000000
77.812500	-0.099984	699400.000000
77.916667	-0.109360	699600.000000
78.020833	-0.114006	699800.000000
78.125000	-0.111216	700000.000000
78.229167	-0.101743	700200.000000
78.333333	-0.090994	700400.000000
78.437500	-0.085808	700600.000000
78.541667	-0.089699	700800.000000
78.645833	-0.099150	701000.000000
78.750000	-0.108212	701200.000000
78.854167	-0.110240	701400.000000
78.958333	-0.105535	701600.000000
79.062500	-0.095187	701800.000000
79.166667	-0.090473	702000.000000
79.270833	-0.090832	702200.000000
79.375000	-0.096775	702400.000000
79.479167	-0.104536	702600.000000
79.583333	-0.112547	702800.000000
79.687500	-0.118175	703000.000000
79.791667	-0.118833	703200.000000
79.895833	-0.110721	703400.000000
80.000000	-0.097685	703600.000000
80.104167	-0.084525	703800.000000
80.208333	-0.076732	704000.000000
80.312500	-0.077251	704200.000000
80.416667	-0.085264	704400.000000
80.520833	-0.095219	704600.000000
80.625000	-0.102312	704800.000000
80.729167	-0.106959	705000.000000
80.833333	-0.110188	705200.000000
80.937500	-0.112294	705400.000000
81.041667	-0.111830	705600.000000
81.145833	-0.106164	705800.000000
81.250000	-0.098144	706000.000000
81.354167	-0.091383	706200.000000
81.458333	-0.088537	706400.000000
81.562500	-0.088829	706600.000000
81.666667	-0.085809	706800.000000
81.770833	-0.079557	707000.000000
81.875000	-0.071463	707200.000000
81.979167	-0.065290	707400.000000
82.083333	-0.064029	707600.000000
82.187500	-0.067339	707800.000000
82.291667	-0.072130	708000.000000
82.395833	-0.077110	708200.000000
82.500000	-0.081131	708400.000000
82.604167	-0.086119	708600.000000
82.708333	-0.087475	708800.000000
82.812500	-0.085173	709000.000000
82.916667	-0.080369	709200.000000
83.020833	-0.076799	709400.000000
83.125000	-0.077104	709600.000000
83.229167	-0.078970	709800.000000
83.333333	-0.082252	710000.000000
83.437500	-0.084205	710200.000000
83.541667	-0.086647	710400.000000
83.645833	-0.089082	710600.000000
83.750000	-0.091105	710800.000000
83.854167	-0.090007	711000.000000
83.958333	-0.087599	711200.000000
84.062500	-0.088389	711400.000000
84.166667	-0.092938	711600.000000
84.270833	-0.099184	711800.000000
84.375000	-0.104714	712000.000000
84.479167	-0.108107	712200.000000
84.583333	-0.108922	712400.000000
84.687500	-0.110013	712600.000000
84.791667	-0.112353	712800.000000
84.895833	-0.116706	713000.000000
85.000000	-0.121316	713200.000000
85.104167	-0.123623	713400.000000
85.208333	-0.121510	713600.000000
85.312500	-0.115503	713800.000000
85.416667	-0.107616	714000.000000
85.520833	-0.101336	714200.000000
85.625000	-0.096765	714400.000000
85.729167	-0.096471	714600.000000
85.833333	-0.102203	714800.000000
85.937500	-0.111591	715000.000000
86.041667	-0.119713	715200.000000
86.145833	-0.124596	715400.000000
86.250000	-0.121562	715600.000000
86.354167	-0.116683	715800.000000
86.458333	-0.114194	716000.000000
86.562500	-0.114344	716200.000000
86.666667	-0.116334	716400.000000
86.770833	-0.119368	716600.000000
86.875000	-0.118722	716800.000000
86.979167	-0.114264	717000.000000
87.083333	-0.107786	717200.000000
87.187500	-0.101502	717400.000000
87.291667	-0.097215	717600.000000
87.395833	-0.096486	717800.000000
87.500000	-0.099413	718000.000000
87.604167	-0.105608	718200.000000
87.708333	-0.112479	718400.000000
87.812500	-0.119471	718600.000000
87.916667	-0.121583	718800.000000
88.020833	-0.117896	719000.000000
88.125000	-0.110343	719200.000000
88.229167	-0.101923	719400.000000
88.333333	-0.099341	719600.000000
88.437500	-0.100610	719800.000000
88.541667	-0.103052	720000.000000
88.645833	-0.105804	720200.000000
88.750000	-0.104810	720400.000000
88.854167	-0.101702	720600.000000
88.958333	-0.098450	720800.000000
89.062500	-0.095282	721000.000000
89.166667	-0.092376	721200.000000
89.270833	-0.089141	721400.000000
89.375000	-0.090074	721600.000000
89.479167	-0.090897	721800.000000
89.583333	-0.092631	722000.000000
89.687500	-0.095134	722200.000000
89.791667	-0.098381	722400.000000
89.895833	-0.102969	722600.000000
90.000000	-0.104724	722800.000000
90.104167	-0.105271	723000.000000
90.208333	-0.106638	723200.000000
90.312500	-0.106944	723400.000000
90.416667	-0.105397	723600.000000
90.520833	-0.101900	723800.000000
90.625000	-0.097541	724000.000000
90.729167	-0.093909	724200.000000
90.833333	-0.092574	724400.000000
90.937500	-0.091242	724600.000000
91.041667	-0.091416	724800.000000
91.145833	-0.091473	725000.000000
91.250000	-0.092362	725200.000000
91.354167	-0.095368	725400.000000
91.458333	-0.101087	725600.000000
91.562500	-0.108013	725800.000000
91.666667	-0.112508	726000.000000
91.770833	-0.114817	726200.000000
91.875000	-0.113365	726400.000000
91.979167	-0.112248	726600.000000
92.083333	-0.109538	726800.000000
92.187500	-0.105269	727000.000000
92.291667	-0.100707	727200.000000
92.395833	-0.096203	727400.000000
92.500000	-0.093435	727600.000000
92.604167	-0.093115	727800.000000
92.708333	-0.095236	728000.000000
92.812500	-0.097068	728200.000000
92.916667	-0.098757	728400.000000
93.020833	-0.100756	728600.000000
93.125000	-0.101469	728800.000000
93.229167	-0.101877	729000.000000
93.333333	-0.100863	729200.000000
93.437500	-0.099539	729400.000000
93.541667	-0.097966	729600.000000
93.645833	-0.096603	729800.000000
93.750000	-0.097113	730000.000000
93.854167	-0.098018	730200.000000
93.958333	-0.097734	730400.000000
94.062500	-0.096379	730600.000000
94.166667	-0.095258	730800.000000
94.270833	-0.095896	731000.000000
94.375000	-0.096592	731200.000000
94.479167	-0.094845	731400.000000
94.583333	-0.091511	731600.000000
94.687500	-0.090444	731800.000000
94.791667	-0.091918	732000.000000
94.895833	-0.094782	732200.000000
95.000000	-0.098657	732400.000000
95.104167	-0.101507	732600.000000
95.208333	-0.103479	732800.000000
95.312500	-0.101982	733000.000000
95.416667	-0.101048	733200.000000
95.520833	-0.099808	733400.000000
95.625000	-0.100252	733600.000000
95.729167	-0.098952	733800.000000
95.833333	-0.097730	734000.000000
95.937500	-0.095852	734200.000000
96.041667	-0.093765	734400.000000
96.145833	-0.091206	734600.000000
96.250000	-0.086976	734800.000000
96.354167	-0.080711	735000.000000
96.458333	-0.077544	735200.000000
96.562500	-0.079516	735400.000000
96.666667	-0.087610	735600.000000
96.770833	-0.095989	735800.000000
96.875000	-0.104225	736000.000000
96.979167	-0.107993	736200.000000
97.083333	-0.108296	736400.000000
97.187500	-0.107163	736600.000000
97.291667	-0.103969	736800.000000
97.395833	-0.099153	737000.000000
97.500000	-0.094313	737200.000000
97.604167	-0.089719	737400.000000
97.708333	-0.088617	737600.000000
97.812500	-0.088926	737800.000000
97.916667	-0.091366	738000.000000
98.020833	-0.090610	738200.000000
98.125000	-0.089468	738400.000000
98.229167	-0.087560	738600.000000
98.333333	-0.087720	738800.000000
98.437500	-0.091169	739000.000000
98.541667	-0.095557	739200.000000
98.645833	-0.098723	739400.000000
98.750000	-0.101208	739600.000000
98.854167	-0.102398	739800.000000
98.958333	-0.102048	740000.000000
99.062500	-0.102958	740200.000000
99.166667	-0.104491	740400.000000
99.270833	-0.105560	740600.000000
99.375000	-0.106135	740800.000000
99.479167	-0.105868	741000.000000
99.583333	-0.105425	741200.000000
99.687500	-0.104253	741400.000000
99.791667	-0.100960	741600.000000
99.895833	-0.096079	741800.000000
100.000000	-0.090732	742000.000000
100.104167	-0.087220	742200.000000
100.208333	-0.087650	742400.000000
100.312500	-0.092107	742600.000000
100.416667	-0.096024	742800.000000
100.520833	-0.098973	743000.000000
100.625000	-0.101086	743200.000000
100.729167	-0.101334	743400.000000
100.833333	-0.102890	743600.000000
100.937500	-0.104263	743800.000000
101.041667	-0.106614	744000.000000
101.145833	-0.107218	744200.000000
101.250000	-0.107138	744400.000000
101.354167	-0.104679	744600.000000
101.458333	-0.099556	744800.000000
101.562500	-0.094955	745000.000000
101.666667	-0.091057	745200.000000
101.770833	-0.090743	745400.000000
101.875000	-0.093607	745600.000000
101.979167	-0.098082	745800.000000
102.083333	-0.102418	746000.000000
102.187500	-0.105820	746200.000000
102.291667	-0.105937	746400.000000
102.395833	-0.102993	746600.000000
102.500000	-0.098662	746800.000000
102.604167	-0.096005	747000.000000
102.708333	-0.094639	747200.000000
102.812500	-0.096034	747400.000000
102.916667	-0.098532	747600.000000
103.020833	-0.099434	747800.000000
103.125000	-0.097634	748000.000000
103.229167	-0.094133	748200.000000
103.333333	-0.090525	748400.000000
103.437500	-0.089184	748600.000000
103.541667	-0.089713	748800.000000
103.645833	-0.091783	749000.000000
103.750000	-0.096612	749200.000000
103.854167	-0.099823	749400.000000
103.958333	-0.101405	749600.000000
104.062500	-0.103179	749800.000000
104.166667	-0.104867	750000.000000
104.270833	-0.104058	750200.000000
104.375000	-0.104050	750400.000000
104.479167	-0.104178	750600.000000
104.583333	-0.104706	750800.000000
104.687500	-0.107495	751000.000000
104.791667	-0.109194	751200.000000
104.895833	-0.108590	751400.000000
105.000000	-0.106629	751600.000000
105.104167	-0.102983	751800.000000
105.208333	-0.099519	752000.000000
105.312500	-0.097484	752200.000000
105.416667	-0.095699	752400.000000
105.520833	-0.092463	752600.000000
105.625000	-0.092566	752800.000000
105.729167	-0.093869	753000.000000
105.833333	-0.097039	753200.000000
105.937500	-0.100285	753400.000000
106.041667	-0.103082	753600.000000
106.145833	-0.103555	753800.000000
106.250000	-0.102331	754000.000000
106.354167	-0.100763	754200.000000
106.458333	-0.099390	754400.000000
106.562500	-0.098702	754600.000000
106.666667	-0.096651	754800.000000
106.770833	-0.093773	755000.000000
106.875000	-0.091726	755200.000000
106.979167	-0.089921	755400.000000
107.083333	-0.089820	755600.000000
107.187500	-0.089897	755800.000000
107.291667	-0.090446	756000.000000
107.395833	-0.091203	756200.000000
107.500000	-0.093714	756400.000000
107.604167	-0.097039	756600.000000
107.708333	-0.098151	756800.000000
107.812500	-0.099967	757000.000000
107.916667	-0.098134	757200.000000
108.020833	-0.095632	757400.000000
108.125000	-0.091972	757600.000000
108.229167	-0.090104	757800.000000
108.333333	-0.088522	758000.000000
108.437500	-0.086531	758200.000000
108.541667	-0.086247	758400.000000
108.645833	-0.084743	758600.000000
108.750000	-0.083453	758800.000000
108.854167	-0.081528	759000.000000
108.958333	-0.080280	759200.000000
109.062500	-0.080110	759400.000000
109.166667	-0.081836	759600.000000
109.270833	-0.084010	759800.000000
109.375000	-0.086698	760000.000000
109.479167	-0.087628	760200.000000
109.583333	-0.087603	760400.000000
109.687500	-0.085313	760600.000000
109.791667	-0.085129	760800.000000
109.895833	-0.085880	761000.000000
110.000000	-0.089115	761200.000000
110.104167	-0.094321	761400.000000
110.208333	-0.097295	761600.000000
110.312500	-0.096558	761800.000000
110.416667	-0.094266	762000.000000
110.520833	-0.089964	762200.000000
110.625000	-0.084310	762400.000000
110.729167	-0.080031	762600.000000
110.833333	-0.079155	762800.000000
110.937500	-0.081880	763000.000000
111.041667	-0.088507	763200.000000
111.145833	-0.093588	763400.000000
111.250000	-0.095102	763600.000000
111.354167	-0.095427	763800.000000
111.458333	-0.093835	764000.000000
111.562500	-0.093616	764200.000000
111.666667	-0.095744	764400.000000
111.770833	-0.101575	764600.000000
111.875000	-0.108106	764800.000000
111.979167	-0.115120	765000.000000
112.083333	-0.122763	765200.000000
112.187500	-0.130535	765400.000000
112.291667	-0.140293	765600.000000
112.395833	-0.150566	765800.000000
112.500000	-0.159709	766000.000000
112.604167	-0.166380	766200.000000
112.708333	-0.163741	766400.000000
112.812500	-0.153724	766600.000000
112.916667	-0.135396	766800.000000
113.020833	-0.113516	767000.000000
113.125000	-0.092087	767200.000000
113.229167	-0.074449	767400.000000
113.333333	-0.060571	767600.000000
113.437500	-0.049997	767800.000000
113.541667	-0.040817	768000.000000
113.645833	-0.033232	768200.000000
113.750000	-0.028590	768400.000000
113.854167	-0.031366	768600.000000
113.958333	-0.042003	768800.000000
114.062500	-0.057895	769000.000000
114.166667	-0.075697	769200.000000
114.270833	-0.089735	769400.000000
114.375000	-0.099055	769600.000000
114.479167	-0.103496	769800.000000
114.583333	-0.106433	770000.000000
114.687500	-0.107776	770200.000000
114.791667	-0.109423	770400.000000
114.895833	-0.110491	770600.000000
115.000000	-0.111477	770800.000000
115.104167	-0.113079	771000.000000
115.208333	-0.114183	771200.000000
115.312500	-0.117959	771400.000000
115.416667	-0.120775	771600.000000
115.520833	-0.123188	771800.000000
115.625000	-0.122761	772000.000000
115.729167	-0.120738	772200.000000
115.833333	-0.118248	772400.000000
115.937500	-0.116517	772600.000000
116.041667	-0.115727	772800.000000
116.145833	-0.114403	773000.000000
116.250000	-0.112088	773200.000000
116.354167	-0.112831	773400.000000
116.458333	-0.114704	773600.000000
116.562500	-0.117399	773800.000000
116.666667	-0.119691	774000.000000
116.770833	-0.120061	774200.000000
116.875000	-0.117574	774400.000000
116.979167	-0.115245	774600.000000
117.083333	-0.114215	774800.000000
117.187500	-0.113120	775000.000000
117.291667	-0.111936	775200.000000
117.395833	-0.110164	775400.000000
117.500000	-0.106556	775600.000000
117.604167	-0.103454	775800.000000
117.708333	-0.101211	776000.000000
117.812500	-0.100980	776200.000000
117.916667	-0.101725	776400.000000
118.020833	-0.104038	776600.000000
118.125000	-0.107705	776800.000000
118.229167	-0.111826	777000.000000
118.333333	-0.116738	777200.000000
118.437500	-0.120147	777400.000000
118.541667	-0.120867	777600.000000
118.645833	-0.120671	777800.000000
118.750000	-0.120241	778000.000000
118.854167	-0.120088	778200.000000
118.958333	-0.120975	778400.000000
119.062500	-0.122084	778600.000000
119.166667	-0.122905	778800.000000
119.270833	-0.122307	779000.000000
119.375000	-0.117247	779200.000000
119.479167	-0.111096	779400.000000
119.583333	-0.102069	779600.000000
119.687500	-0.094156	779800.000000
119.791667	-0.088775	780000.000000
119.895833	-0.087372	780200.000000
120.000000	-0.088682	780400.000000
120.104167	-0.092114	780600.000000
120.208333	-0.094692	780800.000000
120.312500	-0.096392	781000.000000
120.416667	-0.095475	781200.000000
120.520833	-0.092753	781400.000000
120.625000	-0.091650	781600.000000
120.729167	-0.093954	781800.000000
120.833333	-0.097049	782000.000000
120.937500	-0.099741	782200.000000
121.041667	-0.100474	782400.000000
121.145833	-0.100617	782600.000000
121.250000	-0.097290	782800.000000
121.354167	-0.092808	783000.000000
121.458333	-0.089059	783200.000000
121.562500	-0.087310	783400.000000
121.666667	-0.088714	783600.000000
121.770833	-0.088813	783800.000000
121.875000	-0.089885	784000.000000
121.979167	-0.091676	784200.000000
122.083333	-0.092108	784400.000000
122.187500	-0.091904	784600.000000
122.291667	-0.090504	784800.000000
122.395833	-0.089216	785000.000000
122.500000	-0.085906	785200.000000
122.604167	-0.083056	785400.000000
122.708333	-0.080562	785600.000000
122.812500	-0.078684	785800.000000
122.916667	-0.077969	786000.000000
123.020833	-0.077305	786200.000000
123.125000	-0.077110	786400.000000
123.229167	-0.077445	786600.000000
123.333333	-0.078445	786800.000000
123.437500	-0.078783	787000.000000
123.541667	-0.080010	787200.000000
123.645833	-0.081138	787400.000000
123.750000	-0.081188	787600.000000
123.854167	-0.084019	787800.000000
123.958333	-0.086991	788000.000000
124.062500	-0.090388	788200.000000
124.166667	-0.093674	788400.000000
124.270833	-0.094427	788600.000000
124.375000	-0.094137	788800.000000
124.479167	-0.093202	789000.000000
124.583333	-0.093767	789200.000000
124.687500	-0.094013	789400.000000
124.791667	-0.096453	789600.000000
124.895833	-0.097232	789800.000000
125.000000	-0.098533	790000.000000
125.104167	-0.100283	790200.000000
125.208333	-0.100231	790400.000000
125.312500	-0.099389	790600.000000
125.416667	-0.099074	790800.000000
125.520833	-0.100712	791000.000000
125.625000	-0.103025	791200.000000
125.729167	-0.107897	791400.000000
125.833333	-0.110180	791600.000000
125.937500	-0.110147	791800.000000
126.041667	-0.109646	792000.000000
126.145833	-0.107693	792200.000000
126.250000	-0.106501	792400.000000
126.354167	-0.105019	792600.000000
126.458333	-0.106790	792800.000000
126.562500	-0.106641	793000.000000
126.666667	-0.105433	793200.000000
126.770833	-0.102551	793400.000000
126.875000	-0.097425	793600.000000
126.979167	-0.094915	793800.000000
127.083333	-0.093650	794000.000000
127.187500	-0.095573	794200.000000
127.291667	-0.101862	794400.000000
127.395833	-0.108190	794600.000000
127.500000	-0.112368	794800.000000
127.604167	-0.113995	795000.000000
127.708333	-0.112615	795200.000000
127.812500	-0.110499	795400.000000
127.916667	-0.107144	795600.000000
128.020833	-0.105397	795800.000000
128.125000	-0.104179	796000.000000
128.229167	-0.103100	796200.000000
128.333333	-0.103527	796400.000000
128.437500	-0.101019	796600.000000
128.541667	-0.095699	796800.000000
128.645833	-0.088592	797000.000000
128.750000	-0.082121	797200.000000
128.854167	-0.077931	797400.000000
128.958333	-0.076597	797600.000000
129.062500	-0.080438	797800.000000
129.166667	-0.085844	798000.000000
129.270833	-0.091604	798200.000000
129.375000	-0.093465	798400.000000
129.479167	-0.092263	798600.000000
129.583333	-0.090396	798800.000000
129.687500	-0.089047	799000.000000
129.791667	-0.090106	799200.000000
129.895833	-0.094821	799400.000000
130.000000	-0.100279	799600.000000
130.104167	-0.105218	799800.000000
130.208333	-0.109886	800000.000000
