0.000000	-0.106359	550000.000000
0.104167	-0.106076	550200.000000
0.208333	-0.105262	550400.000000
0.312500	-0.105126	550600.000000
0.416667	-0.106159	550800.000000
0.520833	-0.105022	551000.000000
0.625000	-0.105292	551200.000000
0.729167	-0.106243	551400.000000
0.833333	-0.105418	551600.000000
0.937500	-0.105209	551800.000000
1.041667	-0.105776	552000.000000
1.145833	-0.105402	552200.000000
1.250000	-0.105388	552400.000000
1.354167	-0.106401	552600.000000
1.458333	-0.105171	552800.000000
1.562500	-0.105538	553000.000000
1.666667	-0.105875	553200.000000
1.770833	-0.105732	553400.000000
1.875000	-0.106063	553600.000000
1.979167	-0.105876	553800.000000
2.083333	-0.105700	554000.000000
2.187500	-0.106340	554200.000000
2.291667	-0.106346	554400.000000
2.395833	-0.105838	554600.000000
2.500000	-0.105838	554800.000000
2.604167	-0.105556	555000.000000
2.708333	-0.105828	555200.000000
2.812500	-0.105188	555400.000000
2.916667	-0.104786	555600.000000
3.020833	-0.105402	555800.000000
3.125000	-0.105396	556000.000000
3.229167	-0.106335	556200.000000
3.333333	-0.105838	556400.000000
3.437500	-0.105138	556600.000000
3.541667	-0.106028	556800.000000
3.645833	-0.105344	557000.000000
3.750000	-0.104719	557200.000000
3.854167	-0.106004	557400.000000
3.958333	-0.105556	557600.000000
4.062500	-0.105528	557800.000000
4.166667	-0.106222	558000.000000
4.270833	-0.105674	558200.000000
4.375000	-0.105400	558400.000000
4.479167	-0.106107	558600.000000
4.583333	-0.105388	558800.000000
4.687500	-0.105246	559000.000000
4.791667	-0.105732	559200.000000
4.895833	-0.105813	559400.000000
5.000000	-0.106291	559600.000000
5.104167	-0.106885	559800.000000
5.208333	-0.106126	560000.000000
5.312500	-0.106207	560200.000000
5.416667	-0.106254	560400.000000
5.520833	-0.106684	560600.000000
5.625000	-0.106707	560800.000000
5.729167	-0.106872	561000.000000
5.833333	-0.106687	561200.000000
5.937500	-0.106994	561400.000000
6.041667	-0.106782	561600.000000
6.145833	-0.106306	561800.000000
6.250000	-0.106882	562000.000000
6.354167	-0.106990	562200.000000
6.458333	-0.106471	562400.000000
6.562500	-0.106393	562600.000000
6.666667	-0.107199	562800.000000
6.770833	-0.106389	563000.000000
6.875000	-0.105670	563200.000000
6.979167	-0.106627	563400.000000
7.083333	-0.106412	563600.000000
7.187500	-0.106783	563800.000000
7.291667	-0.105730	564000.000000
7.395833	-0.106252	564200.000000
7.500000	-0.105234	564400.000000
7.604167	-0.105801	564600.000000
7.708333	-0.106341	564800.000000
7.812500	-0.106262	565000.000000
7.916667	-0.106498	565200.000000
8.020833	-0.105882	565400.000000
8.125000	-0.105438	565600.000000
8.229167	-0.105364	565800.000000
8.333333	-0.106359	566000.000000
8.437500	-0.106894	566200.000000
8.541667	-0.106658	566400.000000
8.645833	-0.106348	566600.000000
8.750000	-0.106664	566800.000000
8.854167	-0.106958	567000.000000
8.958333	-0.105742	567200.000000
9.062500	-0.105893	567400.000000
9.166667	-0.106851	567600.000000
9.270833	-0.106543	567800.000000
9.375000	-0.106865	568000.000000
9.479167	-0.106680	568200.000000
9.583333	-0.106708	568400.000000
9.687500	-0.106560	568600.000000
9.791667	-0.106784	568800.000000
9.895833	-0.106039	569000.000000
10.000000	-0.105941	569200.000000
10.104167	-0.105881	569400.000000
10.208333	-0.105792	569600.000000
10.312500	-0.105479	569800.000000
10.416667	-0.105478	570000.000000
10.520833	-0.105817	570200.000000
10.625000	-0.105392	570400.000000
10.729167	-0.105042	570600.000000
10.833333	-0.105470	570800.000000
10.937500	-0.105777	571000.000000
11.041667	-0.105999	571200.000000
11.145833	-0.105241	571400.000000
11.250000	-0.105929	571600.000000
11.354167	-0.105887	571800.000000
11.458333	-0.105563	572000.000000
11.562500	-0.105759	572200.000000
11.666667	-0.105803	572400.000000
11.770833	-0.105953	572600.000000
11.875000	-0.105920	572800.000000
11.979167	-0.106660	573000.000000
12.083333	-0.106378	573200.000000
12.187500	-0.105566	573400.000000
12.291667	-0.106188	573600.000000
12.395833	-0.106726	573800.000000
12.500000	-0.105884	574000.000000
12.604167	-0.106460	574200.000000
12.708333	-0.106471	574400.000000
12.812500	-0.106479	574600.000000
12.916667	-0.106594	574800.000000
13.020833	-0.106550	575000.000000
13.125000	-0.106466	575200.000000
13.229167	-0.106393	575400.000000
13.333333	-0.106584	575600.000000
13.437500	-0.105370	575800.000000
13.541667	-0.106581	576000.000000
13.645833	-0.106340	576200.000000
13.750000	-0.105478	576400.000000
13.854167	-0.105320	576600.000000
13.958333	-0.105152	576800.000000
14.062500	-0.106220	577000.000000
14.166667	-0.106603	577200.000000
14.270833	-0.106323	577400.000000
14.375000	-0.105556	577600.000000
14.479167	-0.105650	577800.000000
14.583333	-0.105711	578000.000000
14.687500	-0.106064	578200.000000
14.791667	-0.106038	578400.000000
14.895833	-0.106532	578600.000000
15.000000	-0.105958	578800.000000
15.104167	-0.106056	579000.000000
15.208333	-0.106213	579200.000000
15.312500	-0.106766	579400.000000
15.416667	-0.106048	579600.000000
15.520833	-0.106199	579800.000000
15.625000	-0.105974	580000.000000
15.729167	-0.106414	580200.000000
15.833333	-0.106882	580400.000000
15.937500	-0.106255	580600.000000
16.041667	-0.105936	580800.000000
16.145833	-0.106858	581000.000000
16.250000	-0.106184	581200.000000
16.354167	-0.106373	581400.000000
16.458333	-0.106411	581600.000000
16.562500	-0.106731	581800.000000
16.666667	-0.106307	582000.000000
16.770833	-0.106202	582200.000000
16.875000	-0.105231	582400.000000
16.979167	-0.106255	582600.000000
17.083333	-0.106231	582800.000000
17.187500	-0.106365	583000.000000
17.291667	-0.106708	583200.000000
17.395833	-0.105635	583400.000000
17.500000	-0.105768	583600.000000
17.604167	-0.105998	583800.000000
17.708333	-0.105260	584000.000000
17.812500	-0.104747	584200.000000
17.916667	-0.105546	584400.000000
18.020833	-0.105647	584600.000000
18.125000	-0.105287	584800.000000
18.229167	-0.104856	585000.000000
18.333333	-0.105013	585200.000000
18.437500	-0.104908	585400.000000
18.541667	-0.105628	585600.000000
18.645833	-0.104878	585800.000000
18.750000	-0.104100	586000.000000
18.854167	-0.104356	586200.000000
18.958333	-0.104613	586400.000000
19.062500	-0.104733	586600.000000
19.166667	-0.104318	586800.000000
19.270833	-0.104083	587000.000000
19.375000	-0.105400	587200.000000
19.479167	-0.103978	587400.000000
19.583333	-0.103959	587600.000000
19.687500	-0.103932	587800.000000
19.791667	-0.103381	588000.000000
19.895833	-0.103583	588200.000000
20.000000	-0.102575	588400.000000
20.104167	-0.103443	588600.000000
20.208333	-0.102542	588800.000000
20.312500	-0.101491	589000.000000
20.416667	-0.100932	589200.000000
20.520833	-0.101051	589400.000000
20.625000	-0.099617	589600.000000
20.729167	-0.099360	589800.000000
20.833333	-0.098183	590000.000000
20.937500	-0.096897	590200.000000
21.041667	-0.095848	590400.000000
21.145833	-0.095309	590600.000000
21.250000	-0.092934	590800.000000
21.354167	-0.092398	591000.000000
21.458333	-0.090963	591200.000000
21.562500	-0.089281	591400.000000
21.666667	-0.086949	591600.000000
21.770833	-0.085098	591800.000000
21.875000	-0.082491	592000.000000
21.979167	-0.079593	592200.000000
22.083333	-0.076617	592400.000000
22.187500	-0.072630	592600.000000
22.291667	-0.069064	592800.000000
22.395833	-0.064853	593000.000000
22.500000	-0.059406	593200.000000
22.604167	-0.053892	593400.000000
22.708333	-0.047812	593600.000000
22.812500	-0.041371	593800.000000
22.916667	-0.033569	594000.000000
23.020833	-0.026699	594200.000000
23.125000	-0.018144	594400.000000
23.229167	-0.011442	594600.000000
23.333333	-0.004658	594800.000000
23.437500	0.000994	595000.000000
23.541667	0.005915	595200.000000
23.645833	0.008428	595400.000000
23.750000	0.008078	595600.000000
23.854167	0.002091	595800.000000
23.958333	-0.014484	596000.000000
24.062500	-0.055855	596200.000000
24.166667	-0.147623	596400.000000
24.270833	-0.321033	596600.000000
24.375000	-0.579390	596800.000000
24.479167	-0.874014	597000.000000
24.583333	-1.111258	597200.000000
24.687500	-1.177430	597400.000000
24.791667	-1.037667	597600.000000
24.895833	-0.743951	597800.000000
25.000000	-0.423286	598000.000000
25.104167	-0.139985	598200.000000
25.208333	0.044961	598400.000000
25.312500	0.134204	598600.000000
25.416667	0.153478	598800.000000
25.520833	0.135281	599000.000000
25.625000	0.107167	599200.000000
25.729167	0.083753	599400.000000
25.833333	0.066548	599600.000000
25.937500	0.056911	599800.000000
26.041667	0.059387	600000.000000
26.145833	0.080852	600200.000000
26.250000	0.115066	600400.000000
26.354167	0.140659	600600.000000
26.458333	0.132141	600800.000000
26.562500	0.089599	601000.000000
26.666667	0.031527	601200.000000
26.770833	-0.011629	601400.000000
26.875000	-0.027262	601600.000000
26.979167	-0.021604	601800.000000
27.083333	-0.009747	602000.000000
27.187500	-0.001191	602200.000000
27.291667	0.000746	602400.000000
27.395833	-0.005786	602600.000000
27.500000	-0.021008	602800.000000
27.604167	-0.045542	603000.000000
27.708333	-0.073402	603200.000000
27.812500	-0.092628	603400.000000
27.916667	-0.093513	603600.000000
28.020833	-0.073932	603800.000000
28.125000	-0.048969	604000.000000
28.229167	-0.040725	604200.000000
28.333333	-0.055212	604400.000000
28.437500	-0.085889	604600.000000
28.541667	-0.111797	604800.000000
28.645833	-0.117944	605000.000000
28.750000	-0.107521	605200.000000
28.854167	-0.096878	605400.000000
28.958333	-0.099045	605600.000000
29.062500	-0.110991	605800.000000
29.166667	-0.124788	606000.000000
29.270833	-0.131727	606200.000000
29.375000	-0.129315	606400.000000
29.479167	-0.120805	606600.000000
29.583333	-0.109704	606800.000000
29.687500	-0.098896	607000.000000
29.791667	-0.087354	607200.000000
29.895833	-0.077871	607400.000000
30.000000	-0.072818	607600.000000
30.104167	-0.077113	607800.000000
30.208333	-0.086776	608000.000000
30.312500	-0.097713	608200.000000
30.416667	-0.107881	608400.000000
30.520833	-0.118485	608600.000000
30.625000	-0.123930	608800.000000
30.729167	-0.123679	609000.000000
30.833333	-0.117360	609200.000000
30.937500	-0.106068	609400.000000
31.041667	-0.098213	609600.000000
31.145833	-0.098937	609800.000000
31.250000	-0.104392	610000.000000
31.354167	-0.110212	610200.000000
31.458333	-0.110496	610400.000000
31.562500	-0.106927	610600.000000
31.666667	-0.099766	610800.000000
31.770833	-0.093905	611000.000000
31.875000	-0.093133	611200.000000
31.979167	-0.098268	611400.000000
32.083333	-0.110341	611600.000000
32.187500	-0.120734	611800.000000
32.291667	-0.127456	612000.000000
32.395833	-0.130901	612200.000000
32.500000	-0.130442	612400.000000
32.604167	-0.130227	612600.000000
32.708333	-0.131933	612800.000000
32.812500	-0.130847	613000.000000
32.916667	-0.126102	613200.000000
33.020833	-0.122790	613400.000000
33.125000	-0.125081	613600.000000
33.229167	-0.129888	613800.000000
33.333333	-0.131285	614000.000000
33.437500	-0.125866	614200.000000
33.541667	-0.113260	614400.000000
33.645833	-0.096711	614600.000000
33.750000	-0.083396	614800.000000
33.854167	-0.078843	615000.000000
33.958333	-0.089754	615200.000000
34.062500	-0.109253	615400.000000
34.166667	-0.129007	615600.000000
34.270833	-0.140392	615800.000000
34.375000	-0.141812	616000.000000
34.479167	-0.136269	616200.000000
34.583333	-0.126922	616400.000000
34.687500	-0.116471	616600.000000
34.791667	-0.108085	616800.000000
34.895833	-0.105099	617000.000000
35.000000	-0.104718	617200.000000
35.104167	-0.104120	617400.000000
35.208333	-0.101960	617600.000000
35.312500	-0.099445	617800.000000
35.416667	-0.095699	618000.000000
35.520833	-0.093101	618200.000000
35.625000	-0.094273	618400.000000
35.729167	-0.097662	618600.000000
35.833333	-0.106193	618800.000000
35.937500	-0.116033	619000.000000
36.041667	-0.128457	619200.000000
36.145833	-0.139367	619400.000000
36.250000	-0.144485	619600.000000
36.354167	-0.139426	619800.000000
36.458333	-0.124356	620000.000000
36.562500	-0.105495	620200.000000
36.666667	-0.091313	620400.000000
36.770833	-0.091498	620600.000000
36.875000	-0.105282	620800.000000
36.979167	-0.124574	621000.000000
37.083333	-0.134177	621200.000000
37.187500	-0.129487	621400.000000
37.291667	-0.113719	621600.000000
37.395833	-0.098949	621800.000000
37.500000	-0.094667	622000.000000
37.604167	-0.103921	622200.000000
37.708333	-0.117994	622400.000000
37.812500	-0.129297	622600.000000
37.916667	-0.134705	622800.000000
38.020833	-0.135327	623000.000000
38.125000	-0.133885	623200.000000
38.229167	-0.127598	623400.000000
38.333333	-0.119023	623600.000000
38.437500	-0.112077	623800.000000
38.541667	-0.112674	624000.000000
38.645833	-0.121563	624200.000000
38.750000	-0.131289	624400.000000
38.854167	-0.131495	624600.000000
38.958333	-0.119330	624800.000000
39.062500	-0.102339	625000.000000
39.166667	-0.090447	625200.000000
39.270833	-0.092372	625400.000000
39.375000	-0.104213	625600.000000
39.479167	-0.117816	625800.000000
39.583333	-0.130379	626000.000000
39.687500	-0.142179	626200.000000
39.791667	-0.149832	626400.000000
39.895833	-0.145617	626600.000000
40.000000	-0.129750	626800.000000
40.104167	-0.108715	627000.000000
40.208333	-0.093607	627200.000000
40.312500	-0.095321	627400.000000
40.416667	-0.108676	627600.000000
40.520833	-0.122310	627800.000000
40.625000	-0.123191	628000.000000
40.729167	-0.107025	628200.000000
40.833333	-0.087275	628400.000000
40.937500	-0.077550	628600.000000
41.041667	-0.084274	628800.000000
41.145833	-0.102417	629000.000000
41.250000	-0.122257	629200.000000
41.354167	-0.137022	629400.000000
41.458333	-0.142323	629600.000000
41.562500	-0.135695	629800.000000
41.666667	-0.118614	630000.000000
41.770833	-0.101108	630200.000000
41.875000	-0.092638	630400.000000
41.979167	-0.091853	630600.000000
42.083333	-0.099192	630800.000000
42.187500	-0.108857	631000.000000
42.291667	-0.116402	631200.000000
42.395833	-0.119306	631400.000000
42.500000	-0.113391	631600.000000
42.604167	-0.100012	631800.000000
42.708333	-0.086393	632000.000000
42.812500	-0.080928	632200.000000
42.916667	-0.086315	632400.000000
43.020833	-0.097276	632600.000000
43.125000	-0.108242	632800.000000
43.229167	-0.114866	633000.000000
43.333333	-0.116569	633200.000000
43.437500	-0.113370	633400.000000
43.541667	-0.107260	633600.000000
43.645833	-0.100907	633800.000000
43.750000	-0.097101	634000.000000
43.854167	-0.098163	634200.000000
43.958333	-0.104554	634400.000000
44.062500	-0.109956	634600.000000
44.166667	-0.107177	634800.000000
44.270833	-0.096565	635000.000000
44.375000	-0.082268	635200.000000
44.479167	-0.073492	635400.000000
44.583333	-0.075357	635600.000000
44.687500	-0.085882	635800.000000
44.791667	-0.097756	636000.000000
44.895833	-0.105718	636200.000000
45.000000	-0.110503	636400.000000
45.104167	-0.112795	636600.000000
45.208333	-0.111333	636800.000000
45.312500	-0.108842	637000.000000
45.416667	-0.107462	637200.000000
45.520833	-0.106732	637400.000000
45.625000	-0.104478	637600.000000
45.729167	-0.099772	637800.000000
45.833333	-0.092450	638000.000000
45.937500	-0.086285	638200.000000
46.041667	-0.084646	638400.000000
46.145833	-0.088051	638600.000000
46.250000	-0.094870	638800.000000
46.354167	-0.101041	639000.000000
46.458333	-0.102808	639200.000000
46.562500	-0.104516	639400.000000
46.666667	-0.106266	639600.000000
46.770833	-0.108589	639800.000000
46.875000	-0.109191	640000.000000
46.979167	-0.107365	640200.000000
47.083333	-0.103865	640400.000000
47.187500	-0.100771	640600.000000
47.291667	-0.100100	640800.000000
47.395833	-0.102436	641000.000000
47.500000	-0.105765	641200.000000
47.604167	-0.105559	641400.000000
47.708333	-0.101536	641600.000000
47.812500	-0.095865	641800.000000
47.916667	-0.093260	642000.000000
48.020833	-0.094201	642200.000000
48.125000	-0.097614	642400.000000
48.229167	-0.101023	642600.000000
48.333333	-0.103324	642800.000000
48.437500	-0.102946	643000.000000
48.541667	-0.101272	643200.000000
48.645833	-0.102066	643400.000000
48.750000	-0.105175	643600.000000
48.854167	-0.107999	643800.000000
48.958333	-0.111728	644000.000000
49.062500	-0.115122	644200.000000
49.166667	-0.116026	644400.000000
49.270833	-0.113047	644600.000000
49.375000	-0.105376	644800.000000
49.479167	-0.096040	645000.000000
49.583333	-0.089224	645200.000000
49.687500	-0.088522	645400.000000
49.791667	-0.095803	645600.000000
49.895833	-0.101509	645800.000000
50.000000	-0.102739	646000.000000
50.104167	-0.098806	646200.000000
50.208333	-0.098834	646400.000000
50.312500	-0.106293	646600.000000
50.416667	-0.117291	646800.000000
50.520833	-0.124429	647000.000000
50.625000	-0.126543	647200.000000
50.729167	-0.123741	647400.000000
50.833333	-0.119007	647600.000000
50.937500	-0.113694	647800.000000
51.041667	-0.106512	648000.000000
51.145833	-0.100102	648200.000000
51.250000	-0.095960	648400.000000
51.354167	-0.095742	648600.000000
51.458333	-0.100109	648800.000000
51.562500	-0.107897	649000.000000
51.666667	-0.114552	649200.000000
51.770833	-0.116913	649400.000000
51.875000	-0.113561	649600.000000
51.979167	-0.109622	649800.000000
52.083333	-0.108146	650000.000000
52.187500	-0.110230	650200.000000
52.291667	-0.116508	650400.000000
52.395833	-0.120718	650600.000000
52.500000	-0.126854	650800.000000
52.604167	-0.126966	651000.000000
52.708333	-0.122409	651200.000000
52.812500	-0.113475	651400.000000
52.916667	-0.105241	651600.000000
53.020833	-0.101533	651800.000000
53.125000	-0.106884	652000.000000
53.229167	-0.113994	652200.000000
53.333333	-0.119393	652400.000000
53.437500	-0.120118	652600.000000
53.541667	-0.112284	652800.000000
53.645833	-0.105234	653000.000000
53.750000	-0.099322	653200.000000
53.854167	-0.098908	653400.000000
53.958333	-0.102771	653600.000000
54.062500	-0.109640	653800.000000
54.166667	-0.117448	654000.000000
54.270833	-0.121522	654200.000000
54.375000	-0.121491	654400.000000
54.479167	-0.117141	654600.000000
54.583333	-0.110649	654800.000000
54.687500	-0.102058	655000.000000
54.791667	-0.096759	655200.000000
54.895833	-0.092548	655400.000000
55.000000	-0.089328	655600.000000
55.104167	-0.086822	655800.000000
55.208333	-0.086928	656000.000000
55.312500	-0.090804	656200.000000
55.416667	-0.093653	656400.000000
55.520833	-0.095328	656600.000000
55.625000	-0.096985	656800.000000
55.729167	-0.100147	657000.000000
55.833333	-0.104480	657200.000000
55.937500	-0.108132	657400.000000
56.041667	-0.110038	657600.000000
56.145833	-0.108245	657800.000000
56.250000	-0.103274	658000.000000
56.354167	-0.097866	658200.000000
56.458333	-0.091479	658400.000000
56.562500	-0.088673	658600.000000
56.666667	-0.088839	658800.000000
56.770833	-0.088699	659000.000000
56.875000	-0.089745	659200.000000
56.979167	-0.091962	659400.000000
57.083333	-0.093283	659600.000000
57.187500	-0.093503	659800.000000
57.291667	-0.093153	660000.000000
57.395833	-0.095701	660200.000000
57.500000	-0.098893	660400.000000
57.604167	-0.100823	660600.000000
57.708333	-0.099937	660800.000000
57.812500	-0.095314	661000.000000
57.916667	-0.091690	661200.000000
58.020833	-0.092339	661400.000000
58.125000	-0.096624	661600.000000
58.229167	-0.098908	661800.000000
58.333333	-0.095615	662000.000000
58.437500	-0.091153	662200.000000
58.541667	-0.087803	662400.000000
58.645833	-0.087611	662600.000000
58.750000	-0.088343	662800.000000
58.854167	-0.089662	663000.000000
58.958333	-0.090007	663200.000000
59.062500	-0.089879	663400.000000
59.166667	-0.088902	663600.000000
59.270833	-0.090025	663800.000000
59.375000	-0.092579	664000.000000
59.479167	-0.097249	664200.000000
59.583333	-0.100073	664400.000000
59.687500	-0.104544	664600.000000
59.791667	-0.106715	664800.000000
59.895833	-0.104455	665000.000000
60.000000	-0.098911	665200.000000
60.104167	-0.091820	665400.000000
60.208333	-0.083777	665600.000000
60.312500	-0.080739	665800.000000
60.416667	-0.081652	666000.000000
60.520833	-0.085863	666200.000000
60.625000	-0.089839	666400.000000
60.729167	-0.091863	666600.000000
60.833333	-0.092598	666800.000000
60.937500	-0.092950	667000.000000
61.041667	-0.095848	667200.000000
61.145833	-0.099821	667400.000000
61.250000	-0.102765	667600.000000
61.354167	-0.102786	667800.000000
61.458333	-0.102605	668000.000000
61.562500	-0.103044	668200.000000
61.666667	-0.103092	668400.000000
61.770833	-0.101783	668600.000000
61.875000	-0.096083	668800.000000
61.979167	-0.089611	669000.000000
62.083333	-0.086070	669200.000000
62.187500	-0.087830	669400.000000
62.291667	-0.093592	669600.000000
62.395833	-0.100480	669800.000000
62.500000	-0.104024	670000.000000
62.604167	-0.104772	670200.000000
62.708333	-0.102406	670400.000000
62.812500	-0.100513	670600.000000
62.916667	-0.099460	670800.000000
63.020833	-0.099369	671000.000000
63.125000	-0.099865	671200.000000
63.229167	-0.100960	671400.000000
63.333333	-0.102353	671600.000000
63.437500	-0.103654	671800.000000
63.541667	-0.104341	672000.000000
63.645833	-0.104550	672200.000000
63.750000	-0.102487	672400.000000
63.854167	-0.099943	672600.000000
63.958333	-0.096295	672800.000000
64.062500	-0.094857	673000.000000
64.166667	-0.092877	673200.000000
64.270833	-0.091590	673400.000000
64.375000	-0.094633	673600.000000
64.479167	-0.098428	673800.000000
64.583333	-0.101232	674000.000000
64.687500	-0.102593	674200.000000
64.791667	-0.104241	674400.000000
64.895833	-0.104264	674600.000000
65.000000	-0.103333	674800.000000
65.104167	-0.101304	675000.000000
65.208333	-0.102200	675200.000000
65.312500	-0.105917	675400.000000
65.416667	-0.107534	675600.000000
65.520833	-0.105820	675800.000000
65.625000	-0.099707	676000.000000
65.729167	-0.092821	676200.000000
65.833333	-0.090754	676400.000000
65.937500	-0.093688	676600.000000
66.041667	-0.099322	676800.000000
66.145833	-0.103685	677000.000000
66.250000	-0.107465	677200.000000
66.354167	-0.109846	677400.000000
66.458333	-0.110534	677600.000000
66.562500	-0.109947	677800.000000
66.666667	-0.106626	678000.000000
66.770833	-0.102419	678200.000000
66.875000	-0.098874	678400.000000
66.979167	-0.098287	678600.000000
67.083333	-0.100564	678800.000000
67.187500	-0.099965	679000.000000
67.291667	-0.098774	679200.000000
67.395833	-0.094824	679400.000000
67.500000	-0.090991	679600.000000
67.604167	-0.088076	679800.000000
67.708333	-0.087558	680000.000000
67.812500	-0.089768	680200.000000
67.916667	-0.094319	680400.000000
68.020833	-0.098548	680600.000000
68.125000	-0.098206	680800.000000
68.229167	-0.095402	681000.000000
68.333333	-0.091495	681200.000000
68.437500	-0.087637	681400.000000
68.541667	-0.087962	681600.000000
68.645833	-0.093765	681800.000000
68.750000	-0.100147	682000.000000
68.854167	-0.104538	682200.000000
68.958333	-0.104604	682400.000000
69.062500	-0.099042	682600.000000
69.166667	-0.091225	682800.000000
69.270833	-0.086045	683000.000000
69.375000	-0.082453	683200.000000
69.479167	-0.085090	683400.000000
69.583333	-0.090821	683600.000000
69.687500	-0.095613	683800.000000
69.791667	-0.098579	684000.000000
69.895833	-0.098237	684200.000000
70.000000	-0.095827	684400.000000
70.104167	-0.094665	684600.000000
70.208333	-0.094067	684800.000000
70.312500	-0.099039	685000.000000
70.416667	-0.105700	685200.000000
70.520833	-0.110061	685400.000000
70.625000	-0.110696	685600.000000
70.729167	-0.107754	685800.000000
70.833333	-0.102541	686000.000000
70.937500	-0.096882	686200.000000
71.041667	-0.092416	686400.000000
71.145833	-0.092258	686600.000000
71.250000	-0.094422	686800.000000
71.354167	-0.098070	687000.000000
71.458333	-0.102277	687200.000000
71.562500	-0.107189	687400.000000
71.666667	-0.111802	687600.000000
71.770833	-0.112514	687800.000000
71.875000	-0.111820	688000.000000
71.979167	-0.111621	688200.000000
72.083333	-0.110847	688400.000000
72.187500	-0.111231	688600.000000
72.291667	-0.111450	688800.000000
72.395833	-0.111043	689000.000000
72.500000	-0.108940	689200.000000
72.604167	-0.106314	689400.000000
72.708333	-0.102859	689600.000000
72.812500	-0.100321	689800.000000
72.916667	-0.099525	690000.000000
73.020833	-0.098051	690200.000000
73.125000	-0.094914	690400.000000
73.229167	-0.092209	690600.000000
73.333333	-0.089943	690800.000000
73.437500	-0.088207	691000.000000
73.541667	-0.087737	691200.000000
73.645833	-0.087987	691400.000000
73.750000	-0.087130	691600.000000
73.854167	-0.085092	691800.000000
73.958333	-0.083465	692000.000000
74.062500	-0.081112	692200.000000
74.166667	-0.079870	692400.000000
74.270833	-0.080663	692600.000000
74.375000	-0.083138	692800.000000
74.479167	-0.084617	693000.000000
74.583333	-0.085898	693200.000000
74.687500	-0.084620	693400.000000
74.791667	-0.081954	693600.000000
74.895833	-0.079763	693800.000000
75.000000	-0.078758	694000.000000
75.104167	-0.081124	694200.000000
75.208333	-0.085932	694400.000000
75.312500	-0.091785	694600.000000
75.416667	-0.097914	694800.000000
75.520833	-0.100582	695000.000000
75.625000	-0.101480	695200.000000
75.729167	-0.100807	695400.000000
75.833333	-0.100709	695600.000000
75.937500	-0.100876	695800.000000
76.041667	-0.101150	696000.000000
76.145833	-0.100755	696200.000000
76.250000	-0.099528	696400.000000
76.354167	-0.097177	696600.000000
76.458333	-0.094100	696800.000000
76.562500	-0.089992	697000.000000
76.666667	-0.088885	697200.000000
76.770833	-0.090634	697400.000000
76.875000	-0.094513	697600.000000
76.979167	-0.097938	697800.000000
77.083333	-0.100829	698000.000000
77.187500	-0.102573	698200.000000
77.291667	-0.100703	698400.000000
77.395833	-0.098166	698600.000000
77.500000	-0.095394	698800.000000
77.604167	-0.094746	699000.000000
77.708333	-0.095746	699200.000000
77.812500	-0.098773	699400.000000
77.916667	-0.102322	699600.000000
78.020833	-0.104545	699800.000000
78.125000	-0.102281	700000.000000
78.229167	-0.098877	700200.000000
78.333333	-0.095550	700400.000000
78.437500	-0.093348	700600.000000
78.541667	-0.095727	700800.000000
78.645833	-0.099264	701000.000000
78.750000	-0.100869	701200.000000
78.854167	-0.102378	701400.000000
78.958333	-0.100017	701600.000000
79.062500	-0.096081	701800.000000
79.166667	-0.094366	702000.000000
79.270833	-0.095112	702200.000000
79.375000	-0.097132	702400.000000
79.479167	-0.100125	702600.000000
79.583333	-0.103189	702800.000000
79.687500	-0.104772	703000.000000
79.791667	-0.105132	703200.000000
79.895833	-0.102303	703400.000000
80.000000	-0.096371	703600.000000
80.104167	-0.091363	703800.000000
80.208333	-0.088757	704000.000000
80.312500	-0.089516	704200.000000
80.416667	-0.092146	704400.000000
80.520833	-0.096298	704600.000000
80.625000	-0.098903	704800.000000
80.729167	-0.101111	705000.000000
80.833333	-0.102778	705200.000000
80.937500	-0.102365	705400.000000
81.041667	-0.102191	705600.000000
81.145833	-0.101134	705800.000000
81.250000	-0.097151	706000.000000
81.354167	-0.095215	706200.000000
81.458333	-0.094315	706400.000000
81.562500	-0.093939	706600.000000
81.666667	-0.092996	706800.000000
81.770833	-0.091755	707000.000000
81.875000	-0.087993	707200.000000
81.979167	-0.085382	707400.000000
82.083333	-0.085587	707600.000000
82.187500	-0.086548	707800.000000
82.291667	-0.088334	708000.000000
82.395833	-0.090242	708200.000000
82.500000	-0.091336	708400.000000
82.604167	-0.092878	708600.000000
82.708333	-0.094147	708800.000000
82.812500	-0.092820	709000.000000
82.916667	-0.090123	709200.000000
83.020833	-0.089164	709400.000000
83.125000	-0.088978	709600.000000
83.229167	-0.089978	709800.000000
83.333333	-0.091166	710000.000000
83.437500	-0.092134	710200.000000
83.541667	-0.092285	710400.000000
83.645833	-0.093682	710600.000000
83.750000	-0.093686	710800.000000
83.854167	-0.093216	711000.000000
83.958333	-0.092847	711200.000000
84.062500	-0.092580	711400.000000
84.166667	-0.094803	711600.000000
84.270833	-0.098532	711800.000000
84.375000	-0.100372	712000.000000
84.479167	-0.100429	712200.000000
84.583333	-0.100894	712400.000000
84.687500	-0.102022	712600.000000
84.791667	-0.103103	712800.000000
84.895833	-0.105510	713000.000000
85.000000	-0.107499	713200.000000
85.104167	-0.108246	713400.000000
85.208333	-0.106865	713600.000000
85.312500	-0.104112	713800.000000
85.416667	-0.100879	714000.000000
85.520833	-0.098162	714200.000000
85.625000	-0.096668	714400.000000
85.729167	-0.096357	714600.000000
85.833333	-0.099897	714800.000000
85.937500	-0.102683	715000.000000
86.041667	-0.106083	715200.000000
86.145833	-0.107230	715400.000000
86.250000	-0.106667	715600.000000
86.354167	-0.104561	715800.000000
86.458333	-0.102773	716000.000000
86.562500	-0.102807	716200.000000
86.666667	-0.105413	716400.000000
86.770833	-0.105647	716600.000000
86.875000	-0.105535	716800.000000
86.979167	-0.103160	717000.000000
87.083333	-0.101095	717200.000000
87.187500	-0.098439	717400.000000
87.291667	-0.097403	717600.000000
87.395833	-0.097399	717800.000000
87.500000	-0.097931	718000.000000
87.604167	-0.100107	718200.000000
87.708333	-0.103900	718400.000000
87.812500	-0.106165	718600.000000
87.916667	-0.106730	718800.000000
88.020833	-0.104170	719000.000000
88.125000	-0.101832	719200.000000
88.229167	-0.099050	719400.000000
88.333333	-0.098429	719600.000000
88.437500	-0.099206	719800.000000
88.541667	-0.099493	720000.000000
88.645833	-0.101041	720200.000000
88.750000	-0.100836	720400.000000
88.854167	-0.099619	720600.000000
88.958333	-0.097939	720800.000000
89.062500	-0.096952	721000.000000
89.166667	-0.095452	721200.000000
89.270833	-0.094775	721400.000000
89.375000	-0.094922	721600.000000
89.479167	-0.094843	721800.000000
89.583333	-0.095475	722000.000000
89.687500	-0.095598	722200.000000
89.791667	-0.096766	722400.000000
89.895833	-0.098918	722600.000000
90.000000	-0.099598	722800.000000
90.104167	-0.099500	723000.000000
90.208333	-0.100849	723200.000000
90.312500	-0.101375	723400.000000
90.416667	-0.100971	723600.000000
90.520833	-0.098714	723800.000000
90.625000	-0.096753	724000.000000
90.729167	-0.095254	724200.000000
90.833333	-0.095013	724400.000000
90.937500	-0.095393	724600.000000
91.041667	-0.094106	724800.000000
91.145833	-0.094618	725000.000000
91.250000	-0.094928	725200.000000
91.354167	-0.096672	725400.000000
91.458333	-0.098862	725600.000000
91.562500	-0.101067	725800.000000
91.666667	-0.103206	726000.000000
91.770833	-0.103068	726200.000000
91.875000	-0.103552	726400.000000
91.979167	-0.103248	726600.000000
92.083333	-0.101905	726800.000000
92.187500	-0.099740	727000.000000
92.291667	-0.097918	727200.000000
92.395833	-0.096790	727400.000000
92.500000	-0.095820	727600.000000
92.604167	-0.095529	727800.000000
92.708333	-0.096727	728000.000000
92.812500	-0.097184	728200.000000
92.916667	-0.097448	728400.000000
93.020833	-0.098757	728600.000000
93.125000	-0.098948	728800.000000
93.229167	-0.099003	729000.000000
93.333333	-0.099600	729200.000000
93.437500	-0.099545	729400.000000
93.541667	-0.098099	729600.000000
93.645833	-0.097796	729800.000000
93.750000	-0.097596	730000.000000
93.854167	-0.098353	730200.000000
93.958333	-0.098219	730400.000000
94.062500	-0.097600	730600.000000
94.166667	-0.096650	730800.000000
94.270833	-0.097125	731000.000000
94.375000	-0.097050	731200.000000
94.479167	-0.095484	731400.000000
94.583333	-0.093873	731600.000000
94.687500	-0.094120	731800.000000
94.791667	-0.094542	732000.000000
94.895833	-0.096301	732200.000000
95.000000	-0.097383	732400.000000
95.104167	-0.098381	732600.000000
95.208333	-0.098335	732800.000000
95.312500	-0.097889	733000.000000
95.416667	-0.098125	733200.000000
95.520833	-0.097300	733400.000000
95.625000	-0.097373	733600.000000
95.729167	-0.097487	733800.000000
95.833333	-0.097206	734000.000000
95.937500	-0.096988	734200.000000
96.041667	-0.095900	734400.000000
96.145833	-0.094849	734600.000000
96.250000	-0.092479	734800.000000
96.354167	-0.090856	735000.000000
96.458333	-0.090858	735200.000000
96.562500	-0.092030	735400.000000
96.666667	-0.094379	735600.000000
96.770833	-0.098195	735800.000000
96.875000	-0.101205	736000.000000
96.979167	-0.102142	736200.000000
97.083333	-0.102266	736400.000000
97.187500	-0.102285	736600.000000
97.291667	-0.100885	736800.000000
97.395833	-0.098863	737000.000000
97.500000	-0.096964	737200.000000
97.604167	-0.095516	737400.000000
97.708333	-0.095906	737600.000000
97.812500	-0.095868	737800.000000
97.916667	-0.095866	738000.000000
98.020833	-0.095585	738200.000000
98.125000	-0.095483	738400.000000
98.229167	-0.094977	738600.000000
98.333333	-0.094974	738800.000000
98.437500	-0.096271	739000.000000
98.541667	-0.098394	739200.000000
98.645833	-0.099576	739400.000000
98.750000	-0.099994	739600.000000
98.854167	-0.099328	739800.000000
98.958333	-0.100079	740000.000000
99.062500	-0.099961	740200.000000
99.166667	-0.100712	740400.000000
99.270833	-0.101959	740600.000000
99.375000	-0.101556	740800.000000
99.479167	-0.101178	741000.000000
99.583333	-0.101455	741200.000000
99.687500	-0.100101	741400.000000
99.791667	-0.098886	741600.000000
99.895833	-0.095862	741800.000000
100.000000	-0.094525	742000.000000
100.104167	-0.093379	742200.000000
100.208333	-0.093124	742400.000000
100.312500	-0.094554	742600.000000
100.416667	-0.096834	742800.000000
100.520833	-0.097843	743000.000000
100.625000	-0.099122	743200.000000
100.729167	-0.098501	743400.000000
100.833333	-0.099226	743600.000000
100.937500	-0.100727	743800.000000
101.041667	-0.100811	744000.000000
101.145833	-0.101625	744200.000000
101.250000	-0.102149	744400.000000
101.354167	-0.099519	744600.000000
101.458333	-0.097869	744800.000000
101.562500	-0.096259	745000.000000
101.666667	-0.095130	745200.000000
101.770833	-0.095638	745400.000000
101.875000	-0.095754	745600.000000
101.979167	-0.098264	745800.000000
102.083333	-0.100716	746000.000000
102.187500	-0.101166	746200.000000
102.291667	-0.100660	746400.000000
102.395833	-0.098908	746600.000000
102.500000	-0.098339	746800.000000
102.604167	-0.096561	747000.000000
102.708333	-0.096187	747200.000000
102.812500	-0.097788	747400.000000
102.916667	-0.098641	747600.000000
103.020833	-0.097801	747800.000000
103.125000	-0.097425	748000.000000
103.229167	-0.095855	748200.000000
103.333333	-0.094453	748400.000000
103.437500	-0.093418	748600.000000
103.541667	-0.093906	748800.000000
103.645833	-0.094846	749000.000000
103.750000	-0.096318	749200.000000
103.854167	-0.098294	749400.000000
103.958333	-0.098493	749600.000000
104.062500	-0.099740	749800.000000
104.166667	-0.100067	750000.000000
104.270833	-0.099785	750200.000000
104.375000	-0.099341	750400.000000
104.479167	-0.099760	750600.000000
104.583333	-0.100449	750800.000000
104.687500	-0.101434	751000.000000
104.791667	-0.102141	751200.000000
104.895833	-0.102333	751400.000000
105.000000	-0.101787	751600.000000
105.104167	-0.100775	751800.000000
105.208333	-0.098798	752000.000000
105.312500	-0.098382	752200.000000
105.416667	-0.097125	752400.000000
105.520833	-0.096646	752600.000000
105.625000	-0.096569	752800.000000
105.729167	-0.097021	753000.000000
105.833333	-0.097727	753200.000000
105.937500	-0.099781	753400.000000
106.041667	-0.100245	753600.000000
106.145833	-0.100372	753800.000000
106.250000	-0.099182	754000.000000
106.354167	-0.098885	754200.000000
106.458333	-0.098464	754400.000000
106.562500	-0.098340	754600.000000
106.666667	-0.097385	754800.000000
106.770833	-0.096831	755000.000000
106.875000	-0.095798	755200.000000
106.979167	-0.095184	755400.000000
107.083333	-0.095429	755600.000000
107.187500	-0.094904	755800.000000
107.291667	-0.095318	756000.000000
107.395833	-0.095558	756200.000000
107.500000	-0.096759	756400.000000
107.604167	-0.097831	756600.000000
107.708333	-0.097896	756800.000000
107.812500	-0.098766	757000.000000
107.916667	-0.098706	757200.000000
108.020833	-0.096848	757400.000000
108.125000	-0.095911	757600.000000
108.229167	-0.094433	757800.000000
108.333333	-0.094032	758000.000000
108.437500	-0.093142	758200.000000
108.541667	-0.093024	758400.000000
108.645833	-0.092139	758600.000000
108.750000	-0.091715	758800.000000
108.854167	-0.090933	759000.000000
108.958333	-0.089573	759200.000000
109.062500	-0.090039	759400.000000
109.166667	-0.091288	759600.000000
109.270833	-0.092192	759800.000000
109.375000	-0.091888	760000.000000
109.479167	-0.093016	760200.000000
109.583333	-0.092917	760400.000000
109.687500	-0.092591	760600.000000
109.791667	-0.092315	760800.000000
109.895833	-0.092110	761000.000000
110.000000	-0.094477	761200.000000
110.104167	-0.096005	761400.000000
110.208333	-0.097180	761600.000000
110.312500	-0.097845	761800.000000
110.416667	-0.096737	762000.000000
110.520833	-0.095019	762200.000000
110.625000	-0.092906	762400.000000
110.729167	-0.090888	762600.000000
110.833333	-0.090930	762800.000000
110.937500	-0.092379	763000.000000
111.041667	-0.094763	763200.000000
111.145833	-0.096123	763400.000000
111.250000	-0.097179	763600.000000
111.354167	-0.097129	763800.000000
111.458333	-0.096174	764000.000000
111.562500	-0.096902	764200.000000
111.666667	-0.097547	764400.000000
111.770833	-0.098839	764600.000000
111.875000	-0.101632	764800.000000
111.979167	-0.104368	765000.000000
112.083333	-0.108231	765200.000000
112.187500	-0.111521	765400.000000
112.291667	-0.114790	765600.000000
112.395833	-0.119001	765800.000000
112.500000	-0.122785	766000.000000
112.604167	-0.125786	766200.000000
112.708333	-0.124480	766400.000000
112.812500	-0.121367	766600.000000
112.916667	-0.113998	766800.000000
113.020833	-0.105585	767000.000000
113.125000	-0.096685	767200.000000
113.229167	-0.089123	767400.000000
113.333333	-0.084385	767600.000000
113.437500	-0.079271	767800.000000
113.541667	-0.075473	768000.000000
113.645833	-0.072532	768200.000000
113.750000	-0.070994	768400.000000
113.854167	-0.072947	768600.000000
113.958333	-0.076609	768800.000000
114.062500	-0.081874	769000.000000
114.166667	-0.088573	769200.000000
114.270833	-0.094165	769400.000000
114.375000	-0.098011	769600.000000
114.479167	-0.100047	769800.000000
114.583333	-0.100084	770000.000000
114.687500	-0.100576	770200.000000
114.791667	-0.101604	770400.000000
114.895833	-0.101938	770600.000000
115.000000	-0.102134	770800.000000
115.104167	-0.102877	771000.000000
115.208333	-0.103273	771200.000000
115.312500	-0.104329	771400.000000
115.416667	-0.106718	771600.000000
115.520833	-0.107443	771800.000000
115.625000	-0.106690	772000.000000
115.729167	-0.106831	772200.000000
115.833333	-0.106235	772400.000000
115.937500	-0.105252	772600.000000
116.041667	-0.104842	772800.000000
116.145833	-0.103864	773000.000000
116.250000	-0.104666	773200.000000
116.354167	-0.104517	773400.000000
116.458333	-0.104698	773600.000000
116.562500	-0.105913	773800.000000
116.666667	-0.106253	774000.000000
116.770833	-0.106007	774200.000000
116.875000	-0.104991	774400.000000
116.979167	-0.104205	774600.000000
117.083333	-0.102879	774800.000000
117.187500	-0.103134	775000.000000
117.291667	-0.102608	775200.000000
117.395833	-0.101014	775400.000000
117.500000	-0.100289	775600.000000
117.604167	-0.099835	775800.000000
117.708333	-0.098957	776000.000000
117.812500	-0.098209	776200.000000
117.916667	-0.098828	776400.000000
118.020833	-0.100081	776600.000000
118.125000	-0.101687	776800.000000
118.229167	-0.102594	777000.000000
118.333333	-0.104583	777200.000000
118.437500	-0.106196	777400.000000
118.541667	-0.106995	777600.000000
118.645833	-0.107171	777800.000000
118.750000	-0.106689	778000.000000
118.854167	-0.107598	778200.000000
118.958333	-0.107972	778400.000000
119.062500	-0.108576	778600.000000
119.166667	-0.108377	778800.000000
119.270833	-0.107192	779000.000000
119.375000	-0.105375	779200.000000
119.479167	-0.103202	779400.000000
119.583333	-0.100057	779600.000000
119.687500	-0.096580	779800.000000
119.791667	-0.094285	780000.000000
119.895833	-0.094919	780200.000000
120.000000	-0.094711	780400.000000
120.104167	-0.095602	780600.000000
120.208333	-0.096445	780800.000000
120.312500	-0.097236	781000.000000
120.416667	-0.096543	781200.000000
120.520833	-0.095129	781400.000000
120.625000	-0.095520	781600.000000
120.729167	-0.096524	781800.000000
120.833333	-0.097045	782000.000000
120.937500	-0.098155	782200.000000
121.041667	-0.098993	782400.000000
121.145833	-0.097829	782600.000000
121.250000	-0.097029	782800.000000
121.354167	-0.096100	783000.000000
121.458333	-0.094106	783200.000000
121.562500	-0.093287	783400.000000
121.666667	-0.094289	783600.000000
121.770833	-0.094256	783800.000000
121.875000	-0.094725	784000.000000
121.979167	-0.095320	784200.000000
122.083333	-0.095138	784400.000000
122.187500	-0.094910	784600.000000
122.291667	-0.095129	784800.000000
122.395833	-0.094071	785000.000000
122.500000	-0.092050	785200.000000
122.604167	-0.092051	785400.000000
122.708333	-0.091132	785600.000000
122.812500	-0.090515	785800.000000
122.916667	-0.090275	786000.000000
123.020833	-0.088958	786200.000000
123.125000	-0.089261	786400.000000
123.229167	-0.089933	786600.000000
123.333333	-0.090647	786800.000000
123.437500	-0.091034	787000.000000
123.541667	-0.091308	787200.000000
123.645833	-0.091237	787400.000000
123.750000	-0.091426	787600.000000
123.854167	-0.093039	787800.000000
123.958333	-0.093761	788000.000000
124.062500	-0.095338	788200.000000
124.166667	-0.095964	788400.000000
124.270833	-0.097128	788600.000000
124.375000	-0.096206	788800.000000
124.479167	-0.096487	789000.000000
124.583333	-0.095751	789200.000000
124.687500	-0.096028	789400.000000
124.791667	-0.096326	789600.000000
124.895833	-0.097804	789800.000000
125.000000	-0.098628	790000.000000
125.104167	-0.099403	790200.000000
125.208333	-0.099300	790400.000000
125.312500	-0.098553	790600.000000
125.416667	-0.098795	790800.000000
125.520833	-0.099280	791000.000000
125.625000	-0.100984	791200.000000
125.729167	-0.102055	791400.000000
125.833333	-0.102770	791600.000000
125.937500	-0.101504	791800.000000
126.041667	-0.102373	792000.000000
126.145833	-0.102716	792200.000000
126.250000	-0.100700	792400.000000
126.354167	-0.100321	792600.000000
126.458333	-0.100772	792800.000000
126.562500	-0.100200	793000.000000
126.666667	-0.100819	793200.000000
126.770833	-0.098907	793400.000000
126.875000	-0.097153	793600.000000
126.979167	-0.096293	793800.000000
127.083333	-0.095880	794000.000000
127.187500	-0.096064	794200.000000
127.291667	-0.098241	794400.000000
127.395833	-0.101287	794600.000000
127.500000	-0.102052	794800.000000
127.604167	-0.104377	795000.000000
127.708333	-0.103333	795200.000000
127.812500	-0.102131	795400.000000
127.916667	-0.101706	795600.000000
128.020833	-0.100146	795800.000000
128.125000	-0.100305	796000.000000
128.229167	-0.100862	796200.000000
128.333333	-0.101128	796400.000000
128.437500	-0.100510	796600.000000
128.541667	-0.098685	796800.000000
128.645833	-0.096609	797000.000000
128.750000	-0.093264	797200.000000
128.854167	-0.092477	797400.000000
128.958333	-0.092108	797600.000000
129.062500	-0.092873	797800.000000
129.166667	-0.095535	798000.000000
129.270833	-0.096697	798200.000000
129.375000	-0.096101	798400.000000
129.479167	-0.096613	798600.000000
129.583333	-0.095395	798800.000000
129.687500	-0.094827	799000.000000
129.791667	-0.095271	799200.000000
129.895833	-0.096909	799400.000000
130.000000	-0.098763	799600.000000
130.104167	-0.100517	799800.000000
130.208333	-0.102013	800000.000000
