0.000000	-0.093417	550000.000000
0.104167	-0.093203	550200.000000
0.208333	-0.093356	550400.000000
0.312500	-0.094101	550600.000000
0.416667	-0.093988	550800.000000
0.520833	-0.093996	551000.000000
0.625000	-0.093978	551200.000000
0.729167	-0.093520	551400.000000
0.833333	-0.093858	551600.000000
0.937500	-0.093539	551800.000000
1.041667	-0.094107	552000.000000
1.145833	-0.094325	552200.000000
1.250000	-0.094869	552400.000000
1.354167	-0.094773	552600.000000
1.458333	-0.093868	552800.000000
1.562500	-0.095046	553000.000000
1.666667	-0.094245	553200.000000
1.770833	-0.094515	553400.000000
1.875000	-0.094937	553600.000000
1.979167	-0.093894	553800.000000
2.083333	-0.094374	554000.000000
2.187500	-0.093859	554200.000000
2.291667	-0.094256	554400.000000
2.395833	-0.094293	554600.000000
2.500000	-0.093907	554800.000000
2.604167	-0.093638	555000.000000
2.708333	-0.093877	555200.000000
2.812500	-0.094074	555400.000000
2.916667	-0.093102	555600.000000
3.020833	-0.093961	555800.000000
3.125000	-0.094233	556000.000000
3.229167	-0.093456	556200.000000
3.333333	-0.093873	556400.000000
3.437500	-0.094472	556600.000000
3.541667	-0.093336	556800.000000
3.645833	-0.093793	557000.000000
3.750000	-0.094164	557200.000000
3.854167	-0.093955	557400.000000
3.958333	-0.093956	557600.000000
4.062500	-0.093934	557800.000000
4.166667	-0.094341	558000.000000
4.270833	-0.093386	558200.000000
4.375000	-0.094122	558400.000000
4.479167	-0.094356	558600.000000
4.583333	-0.094622	558800.000000
4.687500	-0.094225	559000.000000
4.791667	-0.093559	559200.000000
4.895833	-0.094247	559400.000000
5.000000	-0.094720	559600.000000
5.104167	-0.093927	559800.000000
5.208333	-0.094450	560000.000000
5.312500	-0.094919	560200.000000
5.416667	-0.095254	560400.000000
5.520833	-0.093609	560600.000000
5.625000	-0.094513	560800.000000
5.729167	-0.094188	561000.000000
5.833333	-0.093636	561200.000000
5.937500	-0.094198	561400.000000
6.041667	-0.094408	561600.000000
6.145833	-0.094919	561800.000000
6.250000	-0.095005	562000.000000
6.354167	-0.094195	562200.000000
6.458333	-0.094517	562400.000000
6.562500	-0.094415	562600.000000
6.666667	-0.093787	562800.000000
6.770833	-0.094702	563000.000000
6.875000	-0.095037	563200.000000
6.979167	-0.095157	563400.000000
7.083333	-0.095079	563600.000000
7.187500	-0.094797	563800.000000
7.291667	-0.094528	564000.000000
7.395833	-0.093920	564200.000000
7.500000	-0.094563	564400.000000
7.604167	-0.094492	564600.000000
7.708333	-0.094030	564800.000000
7.812500	-0.094762	565000.000000
7.916667	-0.094111	565200.000000
8.020833	-0.094062	565400.000000
8.125000	-0.094717	565600.000000
8.229167	-0.094672	565800.000000
8.333333	-0.094509	566000.000000
8.437500	-0.094323	566200.000000
8.541667	-0.094715	566400.000000
8.645833	-0.093958	566600.000000
8.750000	-0.094172	566800.000000
8.854167	-0.094241	567000.000000
8.958333	-0.094687	567200.000000
9.062500	-0.095187	567400.000000
9.166667	-0.094493	567600.000000
9.270833	-0.093695	567800.000000
9.375000	-0.094206	568000.000000
9.479167	-0.094424	568200.000000
9.583333	-0.094790	568400.000000
9.687500	-0.095315	568600.000000
9.791667	-0.094932	568800.000000
9.895833	-0.094701	569000.000000
10.000000	-0.094399	569200.000000
10.104167	-0.094946	569400.000000
10.208333	-0.095193	569600.000000
10.312500	-0.094766	569800.000000
10.416667	-0.094423	570000.000000
10.520833	-0.093795	570200.000000
10.625000	-0.094417	570400.000000
10.729167	-0.095558	570600.000000
10.833333	-0.094961	570800.000000
10.937500	-0.095102	571000.000000
11.041667	-0.094844	571200.000000
11.145833	-0.093986	571400.000000
11.250000	-0.094875	571600.000000
11.354167	-0.095077	571800.000000
11.458333	-0.094556	572000.000000
11.562500	-0.095135	572200.000000
11.666667	-0.094975	572400.000000
11.770833	-0.095230	572600.000000
11.875000	-0.095001	572800.000000
11.979167	-0.094897	573000.000000
12.083333	-0.094757	573200.000000
12.187500	-0.094963	573400.000000
12.291667	-0.095196	573600.000000
12.395833	-0.095072	573800.000000
12.500000	-0.094906	574000.000000
12.604167	-0.094771	574200.000000
12.708333	-0.095010	574400.000000
12.812500	-0.095124	574600.000000
12.916667	-0.095192	574800.000000
13.020833	-0.094956	575000.000000
13.125000	-0.094634	575200.000000
13.229167	-0.094818	575400.000000
13.333333	-0.094476	575600.000000
13.437500	-0.094702	575800.000000
13.541667	-0.094570	576000.000000
13.645833	-0.094798	576200.000000
13.750000	-0.095316	576400.000000
13.854167	-0.094678	576600.000000
13.958333	-0.094876	576800.000000
14.062500	-0.094411	577000.000000
14.166667	-0.094550	577200.000000
14.270833	-0.094315	577400.000000
14.375000	-0.094695	577600.000000
14.479167	-0.094343	577800.000000
14.583333	-0.094803	578000.000000
14.687500	-0.094931	578200.000000
14.791667	-0.095331	578400.000000
14.895833	-0.094859	578600.000000
15.000000	-0.094386	578800.000000
15.104167	-0.094716	579000.000000
15.208333	-0.094121	579200.000000
15.312500	-0.094698	579400.000000
15.416667	-0.095115	579600.000000
15.520833	-0.093777	579800.000000
15.625000	-0.095217	580000.000000
15.729167	-0.095286	580200.000000
15.833333	-0.095397	580400.000000
15.937500	-0.095393	580600.000000
16.041667	-0.094739	580800.000000
16.145833	-0.094833	581000.000000
16.250000	-0.095338	581200.000000
16.354167	-0.095128	581400.000000
16.458333	-0.093922	581600.000000
16.562500	-0.094626	581800.000000
16.666667	-0.095371	582000.000000
16.770833	-0.095302	582200.000000
16.875000	-0.094609	582400.000000
16.979167	-0.094678	582600.000000
17.083333	-0.094780	582800.000000
17.187500	-0.094383	583000.000000
17.291667	-0.095313	583200.000000
17.395833	-0.094030	583400.000000
17.500000	-0.094895	583600.000000
17.604167	-0.094798	583800.000000
17.708333	-0.094214	584000.000000
17.812500	-0.094573	584200.000000
17.916667	-0.094316	584400.000000
18.020833	-0.095239	584600.000000
18.125000	-0.094463	584800.000000
18.229167	-0.094734	585000.000000
18.333333	-0.094499	585200.000000
18.437500	-0.094748	585400.000000
18.541667	-0.094503	585600.000000
18.645833	-0.093758	585800.000000
18.750000	-0.094822	586000.000000
18.854167	-0.094986	586200.000000
18.958333	-0.094591	586400.000000
19.062500	-0.094838	586600.000000
19.166667	-0.094792	586800.000000
19.270833	-0.094581	587000.000000
19.375000	-0.094162	587200.000000
19.479167	-0.094416	587400.000000
19.583333	-0.094985	587600.000000
19.687500	-0.093906	587800.000000
19.791667	-0.094706	588000.000000
19.895833	-0.094451	588200.000000
20.000000	-0.094285	588400.000000
20.104167	-0.094522	588600.000000
20.208333	-0.093996	588800.000000
20.312500	-0.094550	589000.000000
20.416667	-0.095260	589200.000000
20.520833	-0.094293	589400.000000
20.625000	-0.094396	589600.000000
20.729167	-0.094711	589800.000000
20.833333	-0.094539	590000.000000
20.937500	-0.093893	590200.000000
21.041667	-0.094909	590400.000000
21.145833	-0.094267	590600.000000
21.250000	-0.093549	590800.000000
21.354167	-0.093702	591000.000000
21.458333	-0.092762	591200.000000
21.562500	-0.092600	591400.000000
21.666667	-0.092759	591600.000000
21.770833	-0.092564	591800.000000
21.875000	-0.092611	592000.000000
21.979167	-0.092026	592200.000000
22.083333	-0.090452	592400.000000
22.187500	-0.090105	592600.000000
22.291667	-0.091237	592800.000000
22.395833	-0.089730	593000.000000
22.500000	-0.089530	593200.000000
22.604167	-0.088743	593400.000000
22.708333	-0.087820	593600.000000
22.812500	-0.087653	593800.000000
22.916667	-0.086139	594000.000000
23.020833	-0.085976	594200.000000
23.125000	-0.085431	594400.000000
23.229167	-0.085235	594600.000000
23.333333	-0.084463	594800.000000
23.437500	-0.084063	595000.000000
23.541667	-0.083609	595200.000000
23.645833	-0.084082	595400.000000
23.750000	-0.085021	595600.000000
23.854167	-0.086755	595800.000000
23.958333	-0.090196	596000.000000
24.062500	-0.098932	596200.000000
24.166667	-0.117108	596400.000000
24.270833	-0.145504	596600.000000
24.375000	-0.179195	596800.000000
24.479167	-0.208743	597000.000000
24.583333	-0.214800	597200.000000
24.687500	-0.193896	597400.000000
24.791667	-0.155512	597600.000000
24.895833	-0.113555	597800.000000
25.000000	-0.083135	598000.000000
25.104167	-0.065038	598200.000000
25.208333	-0.060796	598400.000000
25.312500	-0.061996	598600.000000
25.416667	-0.067248	598800.000000
25.520833	-0.071681	599000.000000
25.625000	-0.075563	599200.000000
25.729167	-0.077706	599400.000000
25.833333	-0.078936	599600.000000
25.937500	-0.079788	599800.000000
26.041667	-0.077445	600000.000000
26.145833	-0.072189	600200.000000
26.250000	-0.067410	600400.000000
26.354167	-0.068930	600600.000000
26.458333	-0.075297	600800.000000
26.562500	-0.083648	601000.000000
26.666667	-0.090187	601200.000000
26.770833	-0.091878	601400.000000
26.875000	-0.090559	601600.000000
26.979167	-0.088659	601800.000000
27.083333	-0.086927	602000.000000
27.187500	-0.086079	602200.000000
27.291667	-0.086350	602400.000000
27.395833	-0.088752	602600.000000
27.500000	-0.091635	602800.000000
27.604167	-0.094999	603000.000000
27.708333	-0.096103	603200.000000
27.812500	-0.094667	603400.000000
27.916667	-0.091577	603600.000000
28.020833	-0.088320	603800.000000
28.125000	-0.084964	604000.000000
28.229167	-0.087035	604200.000000
28.333333	-0.091548	604400.000000
28.437500	-0.095269	604600.000000
28.541667	-0.095977	604800.000000
28.645833	-0.093774	605000.000000
28.750000	-0.092256	605200.000000
28.854167	-0.092699	605400.000000
28.958333	-0.095961	605600.000000
29.062500	-0.098528	605800.000000
29.166667	-0.098938	606000.000000
29.270833	-0.097980	606200.000000
29.375000	-0.097185	606400.000000
29.479167	-0.095925	606600.000000
29.583333	-0.094698	606800.000000
29.687500	-0.093193	607000.000000
29.791667	-0.092363	607200.000000
29.895833	-0.091671	607400.000000
30.000000	-0.092467	607600.000000
30.104167	-0.094691	607800.000000
30.208333	-0.096263	608000.000000
30.312500	-0.096365	608200.000000
30.416667	-0.098626	608400.000000
30.520833	-0.098995	608600.000000
30.625000	-0.099323	608800.000000
30.729167	-0.097592	609000.000000
30.833333	-0.094652	609200.000000
30.937500	-0.093932	609400.000000
31.041667	-0.094252	609600.000000
31.145833	-0.094108	609800.000000
31.250000	-0.094413	610000.000000
31.354167	-0.095033	610200.000000
31.458333	-0.093689	610400.000000
31.562500	-0.092638	610600.000000
31.666667	-0.091982	610800.000000
31.770833	-0.091885	611000.000000
31.875000	-0.092019	611200.000000
31.979167	-0.094056	611400.000000
32.083333	-0.095539	611600.000000
32.187500	-0.095366	611800.000000
32.291667	-0.095523	612000.000000
32.395833	-0.096031	612200.000000
32.500000	-0.095295	612400.000000
32.604167	-0.096071	612600.000000
32.708333	-0.096501	612800.000000
32.812500	-0.095378	613000.000000
32.916667	-0.095524	613200.000000
33.020833	-0.095547	613400.000000
33.125000	-0.095846	613600.000000
33.229167	-0.097513	613800.000000
33.333333	-0.097217	614000.000000
33.437500	-0.096144	614200.000000
33.541667	-0.094109	614400.000000
33.645833	-0.092404	614600.000000
33.750000	-0.091843	614800.000000
33.854167	-0.093743	615000.000000
33.958333	-0.097802	615200.000000
34.062500	-0.099416	615400.000000
34.166667	-0.101377	615600.000000
34.270833	-0.100500	615800.000000
34.375000	-0.099405	616000.000000
34.479167	-0.098596	616200.000000
34.583333	-0.097689	616400.000000
34.687500	-0.096583	616600.000000
34.791667	-0.095576	616800.000000
34.895833	-0.096114	617000.000000
35.000000	-0.096103	617200.000000
35.104167	-0.094676	617400.000000
35.208333	-0.095282	617600.000000
35.312500	-0.093593	617800.000000
35.416667	-0.093089	618000.000000
35.520833	-0.092537	618200.000000
35.625000	-0.092856	618400.000000
35.729167	-0.093147	618600.000000
35.833333	-0.094509	618800.000000
35.937500	-0.095810	619000.000000
36.041667	-0.097071	619200.000000
36.145833	-0.099066	619400.000000
36.250000	-0.099574	619600.000000
36.354167	-0.096588	619800.000000
36.458333	-0.094092	620000.000000
36.562500	-0.092825	620200.000000
36.666667	-0.093474	620400.000000
36.770833	-0.095701	620600.000000
36.875000	-0.098781	620800.000000
36.979167	-0.101095	621000.000000
37.083333	-0.100173	621200.000000
37.187500	-0.097403	621400.000000
37.291667	-0.094965	621600.000000
37.395833	-0.094691	621800.000000
37.500000	-0.095427	622000.000000
37.604167	-0.097649	622200.000000
37.708333	-0.098888	622400.000000
37.812500	-0.098293	622600.000000
37.916667	-0.098331	622800.000000
38.020833	-0.097407	623000.000000
38.125000	-0.097320	623200.000000
38.229167	-0.095547	623400.000000
38.333333	-0.095105	623600.000000
38.437500	-0.094767	623800.000000
38.541667	-0.096977	624000.000000
38.645833	-0.098374	624200.000000
38.750000	-0.098186	624400.000000
38.854167	-0.096472	624600.000000
38.958333	-0.094071	624800.000000
39.062500	-0.092281	625000.000000
39.166667	-0.093103	625200.000000
39.270833	-0.095574	625400.000000
39.375000	-0.097540	625600.000000
39.479167	-0.099133	625800.000000
39.583333	-0.100393	626000.000000
39.687500	-0.101359	626200.000000
39.791667	-0.100917	626400.000000
39.895833	-0.099013	626600.000000
40.000000	-0.095177	626800.000000
40.104167	-0.093620	627000.000000
40.208333	-0.093781	627200.000000
40.312500	-0.095679	627400.000000
40.416667	-0.097456	627600.000000
40.520833	-0.098048	627800.000000
40.625000	-0.094706	628000.000000
40.729167	-0.092336	628200.000000
40.833333	-0.091093	628400.000000
40.937500	-0.091733	628600.000000
41.041667	-0.094903	628800.000000
41.145833	-0.099215	629000.000000
41.250000	-0.100374	629200.000000
41.354167	-0.100479	629400.000000
41.458333	-0.099206	629600.000000
41.562500	-0.096835	629800.000000
41.666667	-0.093123	630000.000000
41.770833	-0.092520	630200.000000
41.875000	-0.093492	630400.000000
41.979167	-0.094347	630600.000000
42.083333	-0.096461	630800.000000
42.187500	-0.095287	631000.000000
42.291667	-0.097080	631200.000000
42.395833	-0.096528	631400.000000
42.500000	-0.094231	631600.000000
42.604167	-0.092570	631800.000000
42.708333	-0.091795	632000.000000
42.812500	-0.092349	632200.000000
42.916667	-0.094784	632400.000000
43.020833	-0.096239	632600.000000
43.125000	-0.097256	632800.000000
43.229167	-0.097205	633000.000000
43.333333	-0.096131	633200.000000
43.437500	-0.095971	633400.000000
43.541667	-0.095375	633600.000000
43.645833	-0.095469	633800.000000
43.750000	-0.095134	634000.000000
43.854167	-0.096059	634200.000000
43.958333	-0.096757	634400.000000
44.062500	-0.097216	634600.000000
44.166667	-0.095688	634800.000000
44.270833	-0.093654	635000.000000
44.375000	-0.092550	635200.000000
44.479167	-0.092852	635400.000000
44.583333	-0.094589	635600.000000
44.687500	-0.096571	635800.000000
44.791667	-0.097894	636000.000000
44.895833	-0.096543	636200.000000
45.000000	-0.096749	636400.000000
45.104167	-0.096207	636600.000000
45.208333	-0.095998	636800.000000
45.312500	-0.096180	637000.000000
45.416667	-0.095508	637200.000000
45.520833	-0.095596	637400.000000
45.625000	-0.094800	637600.000000
45.729167	-0.093947	637800.000000
45.833333	-0.093221	638000.000000
45.937500	-0.093373	638200.000000
46.041667	-0.094519	638400.000000
46.145833	-0.094391	638600.000000
46.250000	-0.095712	638800.000000
46.354167	-0.095757	639000.000000
46.458333	-0.096192	639200.000000
46.562500	-0.095994	639400.000000
46.666667	-0.096448	639600.000000
46.770833	-0.097086	639800.000000
46.875000	-0.096925	640000.000000
46.979167	-0.095361	640200.000000
47.083333	-0.095364	640400.000000
47.187500	-0.095753	640600.000000
47.291667	-0.096052	640800.000000
47.395833	-0.096558	641000.000000
47.500000	-0.095475	641200.000000
47.604167	-0.095255	641400.000000
47.708333	-0.094826	641600.000000
47.812500	-0.094050	641800.000000
47.916667	-0.095022	642000.000000
48.020833	-0.095492	642200.000000
48.125000	-0.096099	642400.000000
48.229167	-0.095748	642600.000000
48.333333	-0.095441	642800.000000
48.437500	-0.096750	643000.000000
48.541667	-0.094955	643200.000000
48.645833	-0.094583	643400.000000
48.750000	-0.096161	643600.000000
48.854167	-0.096166	643800.000000
48.958333	-0.097032	644000.000000
49.062500	-0.097450	644200.000000
49.166667	-0.096562	644400.000000
49.270833	-0.096016	644600.000000
49.375000	-0.094675	644800.000000
49.479167	-0.094158	645000.000000
49.583333	-0.092868	645200.000000
49.687500	-0.094799	645400.000000
49.791667	-0.095862	645600.000000
49.895833	-0.095452	645800.000000
50.000000	-0.094868	646000.000000
50.104167	-0.094265	646200.000000
50.208333	-0.095778	646400.000000
50.312500	-0.097169	646600.000000
50.416667	-0.098413	646800.000000
50.520833	-0.099048	647000.000000
50.625000	-0.097869	647200.000000
50.729167	-0.096771	647400.000000
50.833333	-0.096378	647600.000000
50.937500	-0.095739	647800.000000
51.041667	-0.094959	648000.000000
51.145833	-0.094438	648200.000000
51.250000	-0.094564	648400.000000
51.354167	-0.095025	648600.000000
51.458333	-0.095629	648800.000000
51.562500	-0.097323	649000.000000
51.666667	-0.097013	649200.000000
51.770833	-0.096175	649400.000000
51.875000	-0.096384	649600.000000
51.979167	-0.096197	649800.000000
52.083333	-0.095818	650000.000000
52.187500	-0.097119	650200.000000
52.291667	-0.097559	650400.000000
52.395833	-0.097990	650600.000000
52.500000	-0.098710	650800.000000
52.604167	-0.097508	651000.000000
52.708333	-0.095912	651200.000000
52.812500	-0.094942	651400.000000
52.916667	-0.094511	651600.000000
53.020833	-0.095304	651800.000000
53.125000	-0.095931	652000.000000
53.229167	-0.097404	652200.000000
53.333333	-0.097660	652400.000000
53.437500	-0.097044	652600.000000
53.541667	-0.095993	652800.000000
53.645833	-0.096171	653000.000000
53.750000	-0.095522	653200.000000
53.854167	-0.095768	653400.000000
53.958333	-0.097472	653600.000000
54.062500	-0.098180	653800.000000
54.166667	-0.098186	654000.000000
54.270833	-0.098485	654200.000000
54.375000	-0.098002	654400.000000
54.479167	-0.097125	654600.000000
54.583333	-0.095890	654800.000000
54.687500	-0.096183	655000.000000
54.791667	-0.096098	655200.000000
54.895833	-0.095188	655400.000000
55.000000	-0.095031	655600.000000
55.104167	-0.095634	655800.000000
55.208333	-0.095597	656000.000000
55.312500	-0.096092	656200.000000
55.416667	-0.097066	656400.000000
55.520833	-0.097234	656600.000000
55.625000	-0.097201	656800.000000
55.729167	-0.096933	657000.000000
55.833333	-0.097641	657200.000000
55.937500	-0.098263	657400.000000
56.041667	-0.097634	657600.000000
56.145833	-0.098172	657800.000000
56.250000	-0.096407	658000.000000
56.354167	-0.095696	658200.000000
56.458333	-0.095025	658400.000000
56.562500	-0.096080	658600.000000
56.666667	-0.096363	658800.000000
56.770833	-0.095187	659000.000000
56.875000	-0.095923	659200.000000
56.979167	-0.096966	659400.000000
57.083333	-0.095911	659600.000000
57.187500	-0.096237	659800.000000
57.291667	-0.095869	660000.000000
57.395833	-0.096095	660200.000000
57.500000	-0.097324	660400.000000
57.604167	-0.097301	660600.000000
57.708333	-0.096015	660800.000000
57.812500	-0.095343	661000.000000
57.916667	-0.096514	661200.000000
58.020833	-0.096193	661400.000000
58.125000	-0.097541	661600.000000
58.229167	-0.096292	661800.000000
58.333333	-0.095486	662000.000000
58.437500	-0.094826	662200.000000
58.541667	-0.094901	662400.000000
58.645833	-0.095516	662600.000000
58.750000	-0.095030	662800.000000
58.854167	-0.095834	663000.000000
58.958333	-0.094602	663200.000000
59.062500	-0.096475	663400.000000
59.166667	-0.095793	663600.000000
59.270833	-0.095697	663800.000000
59.375000	-0.096504	664000.000000
59.479167	-0.096980	664200.000000
59.583333	-0.096877	664400.000000
59.687500	-0.098124	664600.000000
59.791667	-0.097702	664800.000000
59.895833	-0.097368	665000.000000
60.000000	-0.096464	665200.000000
60.104167	-0.095300	665400.000000
60.208333	-0.094806	665600.000000
60.312500	-0.094759	665800.000000
60.416667	-0.096242	666000.000000
60.520833	-0.097042	666200.000000
60.625000	-0.097347	666400.000000
60.729167	-0.096780	666600.000000
60.833333	-0.096268	666800.000000
60.937500	-0.096682	667000.000000
61.041667	-0.096894	667200.000000
61.145833	-0.097397	667400.000000
61.250000	-0.097483	667600.000000
61.354167	-0.097121	667800.000000
61.458333	-0.097605	668000.000000
61.562500	-0.097434	668200.000000
61.666667	-0.097328	668400.000000
61.770833	-0.096244	668600.000000
61.875000	-0.095827	668800.000000
61.979167	-0.094771	669000.000000
62.083333	-0.094637	669200.000000
62.187500	-0.096326	669400.000000
62.291667	-0.096595	669600.000000
62.395833	-0.097131	669800.000000
62.500000	-0.096810	670000.000000
62.604167	-0.097071	670200.000000
62.708333	-0.095409	670400.000000
62.812500	-0.095295	670600.000000
62.916667	-0.096056	670800.000000
63.020833	-0.096907	671000.000000
63.125000	-0.096863	671200.000000
63.229167	-0.097368	671400.000000
63.333333	-0.097743	671600.000000
63.437500	-0.097410	671800.000000
63.541667	-0.096508	672000.000000
63.645833	-0.096492	672200.000000
63.750000	-0.096704	672400.000000
63.854167	-0.096576	672600.000000
63.958333	-0.095559	672800.000000
64.062500	-0.095755	673000.000000
64.166667	-0.095775	673200.000000
64.270833	-0.096087	673400.000000
64.375000	-0.096434	673600.000000
64.479167	-0.096743	673800.000000
64.583333	-0.096579	674000.000000
64.687500	-0.097247	674200.000000
64.791667	-0.097689	674400.000000
64.895833	-0.097126	674600.000000
65.000000	-0.096955	674800.000000
65.104167	-0.096963	675000.000000
65.208333	-0.098091	675200.000000
65.312500	-0.098913	675400.000000
65.416667	-0.097816	675600.000000
65.520833	-0.096300	675800.000000
65.625000	-0.095949	676000.000000
65.729167	-0.095077	676200.000000
65.833333	-0.096004	676400.000000
65.937500	-0.097231	676600.000000
66.041667	-0.097733	676800.000000
66.145833	-0.097569	677000.000000
66.250000	-0.098761	677200.000000
66.354167	-0.098461	677400.000000
66.458333	-0.098151	677600.000000
66.562500	-0.097563	677800.000000
66.666667	-0.097969	678000.000000
66.770833	-0.096811	678200.000000
66.875000	-0.096737	678400.000000
66.979167	-0.096656	678600.000000
67.083333	-0.096631	678800.000000
67.187500	-0.096774	679000.000000
67.291667	-0.096585	679200.000000
67.395833	-0.095258	679400.000000
67.500000	-0.094956	679600.000000
67.604167	-0.096142	679800.000000
67.708333	-0.094916	680000.000000
67.812500	-0.095902	680200.000000
67.916667	-0.097951	680400.000000
68.020833	-0.096881	680600.000000
68.125000	-0.097183	680800.000000
68.229167	-0.096677	681000.000000
68.333333	-0.093911	681200.000000
68.437500	-0.094984	681400.000000
68.541667	-0.096673	681600.000000
68.645833	-0.097530	681800.000000
68.750000	-0.098045	682000.000000
68.854167	-0.097149	682200.000000
68.958333	-0.096176	682400.000000
69.062500	-0.095365	682600.000000
69.166667	-0.095324	682800.000000
69.270833	-0.094278	683000.000000
69.375000	-0.095662	683200.000000
69.479167	-0.096282	683400.000000
69.583333	-0.096061	683600.000000
69.687500	-0.096890	683800.000000
69.791667	-0.096722	684000.000000
69.895833	-0.096071	684200.000000
70.000000	-0.094859	684400.000000
70.104167	-0.096080	684600.000000
70.208333	-0.096169	684800.000000
70.312500	-0.097516	685000.000000
70.416667	-0.098081	685200.000000
70.520833	-0.097409	685400.000000
70.625000	-0.097196	685600.000000
70.729167	-0.097439	685800.000000
70.833333	-0.096617	686000.000000
70.937500	-0.095865	686200.000000
71.041667	-0.096589	686400.000000
71.145833	-0.095918	686600.000000
71.250000	-0.097194	686800.000000
71.354167	-0.097244	687000.000000
71.458333	-0.097584	687200.000000
71.562500	-0.097525	687400.000000
71.666667	-0.098213	687600.000000
71.770833	-0.098262	687800.000000
71.875000	-0.097857	688000.000000
71.979167	-0.097943	688200.000000
72.083333	-0.097840	688400.000000
72.187500	-0.097788	688600.000000
72.291667	-0.098164	688800.000000
72.395833	-0.097064	689000.000000
72.500000	-0.096791	689200.000000
72.604167	-0.097249	689400.000000
72.708333	-0.096923	689600.000000
72.812500	-0.096878	689800.000000
72.916667	-0.096381	690000.000000
73.020833	-0.096250	690200.000000
73.125000	-0.095688	690400.000000
73.229167	-0.095244	690600.000000
73.333333	-0.095437	690800.000000
73.437500	-0.095848	691000.000000
73.541667	-0.095825	691200.000000
73.645833	-0.095371	691400.000000
73.750000	-0.095372	691600.000000
73.854167	-0.096029	691800.000000
73.958333	-0.095091	692000.000000
74.062500	-0.094263	692200.000000
74.166667	-0.095591	692400.000000
74.270833	-0.095808	692600.000000
74.375000	-0.095562	692800.000000
74.479167	-0.095885	693000.000000
74.583333	-0.095830	693200.000000
74.687500	-0.095177	693400.000000
74.791667	-0.094780	693600.000000
74.895833	-0.094744	693800.000000
75.000000	-0.095253	694000.000000
75.104167	-0.095451	694200.000000
75.208333	-0.096810	694400.000000
75.312500	-0.097538	694600.000000
75.416667	-0.098262	694800.000000
75.520833	-0.097129	695000.000000
75.625000	-0.097085	695200.000000
75.729167	-0.097754	695400.000000
75.833333	-0.097420	695600.000000
75.937500	-0.096831	695800.000000
76.041667	-0.097920	696000.000000
76.145833	-0.098389	696200.000000
76.250000	-0.096528	696400.000000
76.354167	-0.096464	696600.000000
76.458333	-0.095666	696800.000000
76.562500	-0.095675	697000.000000
76.666667	-0.095651	697200.000000
76.770833	-0.096116	697400.000000
76.875000	-0.097777	697600.000000
76.979167	-0.097542	697800.000000
77.083333	-0.097338	698000.000000
77.187500	-0.096383	698200.000000
77.291667	-0.096222	698400.000000
77.395833	-0.095894	698600.000000
77.500000	-0.096113	698800.000000
77.604167	-0.096668	699000.000000
77.708333	-0.097090	699200.000000
77.812500	-0.096798	699400.000000
77.916667	-0.097657	699600.000000
78.020833	-0.097755	699800.000000
78.125000	-0.096277	700000.000000
78.229167	-0.096375	700200.000000
78.333333	-0.096291	700400.000000
78.437500	-0.096036	700600.000000
78.541667	-0.097651	700800.000000
78.645833	-0.097215	701000.000000
78.750000	-0.097666	701200.000000
78.854167	-0.096923	701400.000000
78.958333	-0.095940	701600.000000
79.062500	-0.096487	701800.000000
79.166667	-0.095957	702000.000000
79.270833	-0.095998	702200.000000
79.375000	-0.095653	702400.000000
79.479167	-0.097228	702600.000000
79.583333	-0.097376	702800.000000
79.687500	-0.096779	703000.000000
79.791667	-0.096638	703200.000000
79.895833	-0.096209	703400.000000
80.000000	-0.095123	703600.000000
80.104167	-0.095686	703800.000000
80.208333	-0.095632	704000.000000
80.312500	-0.094942	704200.000000
80.416667	-0.096754	704400.000000
80.520833	-0.097976	704600.000000
80.625000	-0.096772	704800.000000
80.729167	-0.097249	705000.000000
80.833333	-0.096891	705200.000000
80.937500	-0.097768	705400.000000
81.041667	-0.097180	705600.000000
81.145833	-0.096925	705800.000000
81.250000	-0.096200	706000.000000
81.354167	-0.096491	706200.000000
81.458333	-0.096377	706400.000000
81.562500	-0.096305	706600.000000
81.666667	-0.096089	706800.000000
81.770833	-0.096047	707000.000000
81.875000	-0.096089	707200.000000
81.979167	-0.096078	707400.000000
82.083333	-0.096282	707600.000000
82.187500	-0.096179	707800.000000
82.291667	-0.096471	708000.000000
82.395833	-0.096465	708200.000000
82.500000	-0.097229	708400.000000
82.604167	-0.096629	708600.000000
82.708333	-0.096621	708800.000000
82.812500	-0.096137	709000.000000
82.916667	-0.095769	709200.000000
83.020833	-0.095981	709400.000000
83.125000	-0.095846	709600.000000
83.229167	-0.095668	709800.000000
83.333333	-0.095676	710000.000000
83.437500	-0.095604	710200.000000
83.541667	-0.096509	710400.000000
83.645833	-0.096382	710600.000000
83.750000	-0.096187	710800.000000
83.854167	-0.096023	711000.000000
83.958333	-0.095962	711200.000000
84.062500	-0.096455	711400.000000
84.166667	-0.096203	711600.000000
84.270833	-0.096101	711800.000000
84.375000	-0.096111	712000.000000
84.479167	-0.097096	712200.000000
84.583333	-0.097211	712400.000000
84.687500	-0.095920	712600.000000
84.791667	-0.097034	712800.000000
84.895833	-0.097880	713000.000000
85.000000	-0.097677	713200.000000
85.104167	-0.097332	713400.000000
85.208333	-0.097207	713600.000000
85.312500	-0.097129	713800.000000
85.416667	-0.097094	714000.000000
85.520833	-0.096832	714200.000000
85.625000	-0.097331	714400.000000
85.729167	-0.097737	714600.000000
85.833333	-0.098509	714800.000000
85.937500	-0.098153	715000.000000
86.041667	-0.098792	715200.000000
86.145833	-0.099400	715400.000000
86.250000	-0.098025	715600.000000
86.354167	-0.098331	715800.000000
86.458333	-0.097714	716000.000000
86.562500	-0.098145	716200.000000
86.666667	-0.098822	716400.000000
86.770833	-0.099321	716600.000000
86.875000	-0.099024	716800.000000
86.979167	-0.098172	717000.000000
87.083333	-0.097501	717200.000000
87.187500	-0.097332	717400.000000
87.291667	-0.097779	717600.000000
87.395833	-0.097166	717800.000000
87.500000	-0.097807	718000.000000
87.604167	-0.098379	718200.000000
87.708333	-0.098793	718400.000000
87.812500	-0.098368	718600.000000
87.916667	-0.097402	718800.000000
88.020833	-0.097194	719000.000000
88.125000	-0.096001	719200.000000
88.229167	-0.095801	719400.000000
88.333333	-0.097362	719600.000000
88.437500	-0.097496	719800.000000
88.541667	-0.097202	720000.000000
88.645833	-0.096839	720200.000000
88.750000	-0.097323	720400.000000
88.854167	-0.096621	720600.000000
88.958333	-0.096504	720800.000000
89.062500	-0.096295	721000.000000
89.166667	-0.096250	721200.000000
89.270833	-0.096467	721400.000000
89.375000	-0.096310	721600.000000
89.479167	-0.096998	721800.000000
89.583333	-0.097354	722000.000000
89.687500	-0.097041	722200.000000
89.791667	-0.097628	722400.000000
89.895833	-0.098134	722600.000000
90.000000	-0.097784	722800.000000
90.104167	-0.097568	723000.000000
90.208333	-0.098331	723200.000000
90.312500	-0.097741	723400.000000
90.416667	-0.097319	723600.000000
90.520833	-0.097501	723800.000000
90.625000	-0.097310	724000.000000
90.729167	-0.097410	724200.000000
90.833333	-0.097679	724400.000000
90.937500	-0.096521	724600.000000
91.041667	-0.097129	724800.000000
91.145833	-0.097618	725000.000000
91.250000	-0.097155	725200.000000
91.354167	-0.097186	725400.000000
91.458333	-0.097497	725600.000000
91.562500	-0.096595	725800.000000
91.666667	-0.097212	726000.000000
91.770833	-0.097448	726200.000000
91.875000	-0.097665	726400.000000
91.979167	-0.096983	726600.000000
92.083333	-0.098164	726800.000000
92.187500	-0.097183	727000.000000
92.291667	-0.096993	727200.000000
92.395833	-0.096563	727400.000000
92.500000	-0.097040	727600.000000
92.604167	-0.097275	727800.000000
92.708333	-0.097864	728000.000000
92.812500	-0.097496	728200.000000
92.916667	-0.097440	728400.000000
93.020833	-0.097744	728600.000000
93.125000	-0.097978	728800.000000
93.229167	-0.098356	729000.000000
93.333333	-0.098247	729200.000000
93.437500	-0.098502	729400.000000
93.541667	-0.097952	729600.000000
93.645833	-0.098941	729800.000000
93.750000	-0.098102	730000.000000
93.854167	-0.099249	730200.000000
93.958333	-0.098791	730400.000000
94.062500	-0.099008	730600.000000
94.166667	-0.098960	730800.000000
94.270833	-0.098525	731000.000000
94.375000	-0.099105	731200.000000
94.479167	-0.098223	731400.000000
94.583333	-0.098082	731600.000000
94.687500	-0.099044	731800.000000
94.791667	-0.098551	732000.000000
94.895833	-0.098550	732200.000000
95.000000	-0.098198	732400.000000
95.104167	-0.098487	732600.000000
95.208333	-0.098191	732800.000000
95.312500	-0.097640	733000.000000
95.416667	-0.098239	733200.000000
95.520833	-0.097814	733400.000000
95.625000	-0.097897	733600.000000
95.729167	-0.097614	733800.000000
95.833333	-0.097230	734000.000000
95.937500	-0.097264	734200.000000
96.041667	-0.097137	734400.000000
96.145833	-0.096100	734600.000000
96.250000	-0.096324	734800.000000
96.354167	-0.096065	735000.000000
96.458333	-0.095468	735200.000000
96.562500	-0.096207	735400.000000
96.666667	-0.096384	735600.000000
96.770833	-0.096568	735800.000000
96.875000	-0.095914	736000.000000
96.979167	-0.096040	736200.000000
97.083333	-0.096026	736400.000000
97.187500	-0.096975	736600.000000
97.291667	-0.095381	736800.000000
97.395833	-0.095690	737000.000000
97.500000	-0.095638	737200.000000
97.604167	-0.096095	737400.000000
97.708333	-0.095650	737600.000000
97.812500	-0.096206	737800.000000
97.916667	-0.096834	738000.000000
98.020833	-0.097321	738200.000000
98.125000	-0.097281	738400.000000
98.229167	-0.098107	738600.000000
98.333333	-0.098762	738800.000000
98.437500	-0.098807	739000.000000
98.541667	-0.098058	739200.000000
98.645833	-0.098912	739400.000000
98.750000	-0.099393	739600.000000
98.854167	-0.099061	739800.000000
98.958333	-0.098873	740000.000000
99.062500	-0.098493	740200.000000
99.166667	-0.099042	740400.000000
99.270833	-0.100160	740600.000000
99.375000	-0.099706	740800.000000
99.479167	-0.099133	741000.000000
99.583333	-0.098692	741200.000000
99.687500	-0.098517	741400.000000
99.791667	-0.097800	741600.000000
99.895833	-0.098009	741800.000000
100.000000	-0.096360	742000.000000
100.104167	-0.096906	742200.000000
100.208333	-0.097476	742400.000000
100.312500	-0.097208	742600.000000
100.416667	-0.097483	742800.000000
100.520833	-0.097652	743000.000000
100.625000	-0.098016	743200.000000
100.729167	-0.097287	743400.000000
100.833333	-0.097231	743600.000000
100.937500	-0.098415	743800.000000
101.041667	-0.097727	744000.000000
101.145833	-0.097971	744200.000000
101.250000	-0.097972	744400.000000
101.354167	-0.097403	744600.000000
101.458333	-0.098383	744800.000000
101.562500	-0.097917	745000.000000
101.666667	-0.098393	745200.000000
101.770833	-0.097808	745400.000000
101.875000	-0.098773	745600.000000
101.979167	-0.097983	745800.000000
102.083333	-0.097537	746000.000000
102.187500	-0.098241	746200.000000
102.291667	-0.097928	746400.000000
102.395833	-0.097509	746600.000000
102.500000	-0.097376	746800.000000
102.604167	-0.098078	747000.000000
102.708333	-0.097664	747200.000000
102.812500	-0.097658	747400.000000
102.916667	-0.097451	747600.000000
103.020833	-0.097177	747800.000000
103.125000	-0.097390	748000.000000
103.229167	-0.096815	748200.000000
103.333333	-0.097540	748400.000000
103.437500	-0.097722	748600.000000
103.541667	-0.098384	748800.000000
103.645833	-0.097868	749000.000000
103.750000	-0.098362	749200.000000
103.854167	-0.098307	749400.000000
103.958333	-0.098182	749600.000000
104.062500	-0.098615	749800.000000
104.166667	-0.098271	750000.000000
104.270833	-0.098068	750200.000000
104.375000	-0.098637	750400.000000
104.479167	-0.098217	750600.000000
104.583333	-0.098384	750800.000000
104.687500	-0.098136	751000.000000
104.791667	-0.098303	751200.000000
104.895833	-0.098072	751400.000000
105.000000	-0.097997	751600.000000
105.104167	-0.098342	751800.000000
105.208333	-0.098185	752000.000000
105.312500	-0.097735	752200.000000
105.416667	-0.098521	752400.000000
105.520833	-0.098187	752600.000000
105.625000	-0.098095	752800.000000
105.729167	-0.098454	753000.000000
105.833333	-0.098799	753200.000000
105.937500	-0.098288	753400.000000
106.041667	-0.097814	753600.000000
106.145833	-0.098205	753800.000000
106.250000	-0.097978	754000.000000
106.354167	-0.097789	754200.000000
106.458333	-0.097450	754400.000000
106.562500	-0.097325	754600.000000
106.666667	-0.097100	754800.000000
106.770833	-0.097036	755000.000000
106.875000	-0.098002	755200.000000
106.979167	-0.096875	755400.000000
107.083333	-0.097821	755600.000000
107.187500	-0.098206	755800.000000
107.291667	-0.097339	756000.000000
107.395833	-0.097993	756200.000000
107.500000	-0.098752	756400.000000
107.604167	-0.098128	756600.000000
107.708333	-0.097342	756800.000000
107.812500	-0.097437	757000.000000
107.916667	-0.097820	757200.000000
108.020833	-0.097821	757400.000000
108.125000	-0.097881	757600.000000
108.229167	-0.097573	757800.000000
108.333333	-0.097210	758000.000000
108.437500	-0.097417	758200.000000
108.541667	-0.097615	758400.000000
108.645833	-0.096807	758600.000000
108.750000	-0.097151	758800.000000
108.854167	-0.097449	759000.000000
108.958333	-0.096715	759200.000000
109.062500	-0.097381	759400.000000
109.166667	-0.097439	759600.000000
109.270833	-0.097431	759800.000000
109.375000	-0.096710	760000.000000
109.479167	-0.098051	760200.000000
109.583333	-0.097760	760400.000000
109.687500	-0.097151	760600.000000
109.791667	-0.096988	760800.000000
109.895833	-0.096694	761000.000000
110.000000	-0.098239	761200.000000
110.104167	-0.098077	761400.000000
110.208333	-0.098188	761600.000000
110.312500	-0.098570	761800.000000
110.416667	-0.097252	762000.000000
110.520833	-0.096740	762200.000000
110.625000	-0.096863	762400.000000
110.729167	-0.097081	762600.000000
110.833333	-0.096725	762800.000000
110.937500	-0.097908	763000.000000
111.041667	-0.097634	763200.000000
111.145833	-0.097098	763400.000000
111.250000	-0.097868	763600.000000
111.354167	-0.097136	763800.000000
111.458333	-0.096799	764000.000000
111.562500	-0.097785	764200.000000
111.666667	-0.097505	764400.000000
111.770833	-0.098198	764600.000000
111.875000	-0.098836	764800.000000
111.979167	-0.099103	765000.000000
112.083333	-0.098890	765200.000000
112.187500	-0.099647	765400.000000
112.291667	-0.099809	765600.000000
112.395833	-0.100629	765800.000000
112.500000	-0.100285	766000.000000
112.604167	-0.101255	766200.000000
112.708333	-0.099710	766400.000000
112.812500	-0.098427	766600.000000
112.916667	-0.098415	766800.000000
113.020833	-0.097628	767000.000000
113.125000	-0.097266	767200.000000
113.229167	-0.095295	767400.000000
113.333333	-0.094913	767600.000000
113.437500	-0.096184	767800.000000
113.541667	-0.095472	768000.000000
113.645833	-0.095803	768200.000000
113.750000	-0.096373	768400.000000
113.854167	-0.096023	768600.000000
113.958333	-0.097776	768800.000000
114.062500	-0.098582	769000.000000
114.166667	-0.098711	769200.000000
114.270833	-0.099205	769400.000000
114.375000	-0.099178	769600.000000
114.479167	-0.099499	769800.000000
114.583333	-0.099480	770000.000000
114.687500	-0.099331	770200.000000
114.791667	-0.099343	770400.000000
114.895833	-0.099701	770600.000000
115.000000	-0.099234	770800.000000
115.104167	-0.098629	771000.000000
115.208333	-0.098797	771200.000000
115.312500	-0.099538	771400.000000
115.416667	-0.099466	771600.000000
115.520833	-0.099049	771800.000000
115.625000	-0.099237	772000.000000
115.729167	-0.100072	772200.000000
115.833333	-0.099086	772400.000000
115.937500	-0.098640	772600.000000
116.041667	-0.099037	772800.000000
116.145833	-0.098445	773000.000000
116.250000	-0.098424	773200.000000
116.354167	-0.099065	773400.000000
116.458333	-0.099214	773600.000000
116.562500	-0.100042	773800.000000
116.666667	-0.099596	774000.000000
116.770833	-0.099294	774200.000000
116.875000	-0.099019	774400.000000
116.979167	-0.098968	774600.000000
117.083333	-0.098942	774800.000000
117.187500	-0.098906	775000.000000
117.291667	-0.098742	775200.000000
117.395833	-0.098681	775400.000000
117.500000	-0.100023	775600.000000
117.604167	-0.098917	775800.000000
117.708333	-0.099170	776000.000000
117.812500	-0.099439	776200.000000
117.916667	-0.098694	776400.000000
118.020833	-0.098798	776600.000000
118.125000	-0.098988	776800.000000
118.229167	-0.099025	777000.000000
118.333333	-0.099676	777200.000000
118.437500	-0.099194	777400.000000
118.541667	-0.099468	777600.000000
118.645833	-0.098959	777800.000000
118.750000	-0.098184	778000.000000
118.854167	-0.098818	778200.000000
118.958333	-0.098718	778400.000000
119.062500	-0.099349	778600.000000
119.166667	-0.099025	778800.000000
119.270833	-0.099232	779000.000000
119.375000	-0.098563	779200.000000
119.479167	-0.097887	779400.000000
119.583333	-0.097560	779600.000000
119.687500	-0.097968	779800.000000
119.791667	-0.098385	780000.000000
119.895833	-0.097140	780200.000000
120.000000	-0.097927	780400.000000
120.104167	-0.098607	780600.000000
120.208333	-0.097827	780800.000000
120.312500	-0.097889	781000.000000
120.416667	-0.097698	781200.000000
120.520833	-0.098339	781400.000000
120.625000	-0.098029	781600.000000
120.729167	-0.097809	781800.000000
120.833333	-0.098413	782000.000000
120.937500	-0.098300	782200.000000
121.041667	-0.098683	782400.000000
121.145833	-0.098694	782600.000000
121.250000	-0.098372	782800.000000
121.354167	-0.097883	783000.000000
121.458333	-0.098064	783200.000000
121.562500	-0.098253	783400.000000
121.666667	-0.097778	783600.000000
121.770833	-0.098431	783800.000000
121.875000	-0.098054	784000.000000
121.979167	-0.098457	784200.000000
122.083333	-0.098881	784400.000000
122.187500	-0.098446	784600.000000
122.291667	-0.098396	784800.000000
122.395833	-0.098117	785000.000000
122.500000	-0.098612	785200.000000
122.604167	-0.097989	785400.000000
122.708333	-0.097723	785600.000000
122.812500	-0.098057	785800.000000
122.916667	-0.097333	786000.000000
123.020833	-0.098000	786200.000000
123.125000	-0.098056	786400.000000
123.229167	-0.097533	786600.000000
123.333333	-0.098173	786800.000000
123.437500	-0.097674	787000.000000
123.541667	-0.097578	787200.000000
123.645833	-0.097840	787400.000000
123.750000	-0.097690	787600.000000
123.854167	-0.097901	787800.000000
123.958333	-0.097519	788000.000000
124.062500	-0.098801	788200.000000
124.166667	-0.098986	788400.000000
124.270833	-0.097732	788600.000000
124.375000	-0.098071	788800.000000
124.479167	-0.098225	789000.000000
124.583333	-0.097521	789200.000000
124.687500	-0.097718	789400.000000
124.791667	-0.099352	789600.000000
124.895833	-0.098506	789800.000000
125.000000	-0.098446	790000.000000
125.104167	-0.098589	790200.000000
125.208333	-0.098635	790400.000000
125.312500	-0.097511	790600.000000
125.416667	-0.097852	790800.000000
125.520833	-0.097816	791000.000000
125.625000	-0.097886	791200.000000
125.729167	-0.098507	791400.000000
125.833333	-0.098721	791600.000000
125.937500	-0.097724	791800.000000
126.041667	-0.098649	792000.000000
126.145833	-0.098326	792200.000000
126.250000	-0.098494	792400.000000
126.354167	-0.099255	792600.000000
126.458333	-0.098016	792800.000000
126.562500	-0.098836	793000.000000
126.666667	-0.098781	793200.000000
126.770833	-0.098725	793400.000000
126.875000	-0.098741	793600.000000
126.979167	-0.098883	793800.000000
127.083333	-0.098304	794000.000000
127.187500	-0.099147	794200.000000
127.291667	-0.099722	794400.000000
127.395833	-0.099395	794600.000000
127.500000	-0.099485	794800.000000
127.604167	-0.099669	795000.000000
127.708333	-0.098771	795200.000000
127.812500	-0.098818	795400.000000
127.916667	-0.098962	795600.000000
128.020833	-0.098292	795800.000000
128.125000	-0.097827	796000.000000
128.229167	-0.097792	796200.000000
128.333333	-0.098431	796400.000000
128.437500	-0.097242	796600.000000
128.541667	-0.097087	796800.000000
128.645833	-0.097313	797000.000000
128.750000	-0.095868	797200.000000
128.854167	-0.096602	797400.000000
128.958333	-0.096696	797600.000000
129.062500	-0.096430	797800.000000
129.166667	-0.097595	798000.000000
129.270833	-0.097051	798200.000000
129.375000	-0.097559	798400.000000
129.479167	-0.098286	798600.000000
129.583333	-0.097303	798800.000000
129.687500	-0.097586	799000.000000
129.791667	-0.097682	799200.000000
129.895833	-0.098036	799400.000000
130.000000	-0.098590	799600.000000
130.104167	-0.099120	799800.000000
130.208333	-0.098852	800000.000000
