0.000000	-0.102499	550000.000000
0.104167	-0.102232	550200.000000
0.208333	-0.101634	550400.000000
0.312500	-0.100952	550600.000000
0.416667	-0.101577	550800.000000
0.520833	-0.101439	551000.000000
0.625000	-0.101126	551200.000000
0.729167	-0.101356	551400.000000
0.833333	-0.100830	551600.000000
0.937500	-0.101297	551800.000000
1.041667	-0.101266	552000.000000
1.145833	-0.101201	552200.000000
1.250000	-0.102608	552400.000000
1.354167	-0.102122	552600.000000
1.458333	-0.100514	552800.000000
1.562500	-0.099503	553000.000000
1.666667	-0.099468	553200.000000
1.770833	-0.099618	553400.000000
1.875000	-0.100926	553600.000000
1.979167	-0.101804	553800.000000
2.083333	-0.101340	554000.000000
2.187500	-0.102856	554200.000000
2.291667	-0.102273	554400.000000
2.395833	-0.102103	554600.000000
2.500000	-0.102683	554800.000000
2.604167	-0.101905	555000.000000
2.708333	-0.101958	555200.000000
2.812500	-0.103110	555400.000000
2.916667	-0.102496	555600.000000
3.020833	-0.102452	555800.000000
3.125000	-0.101207	556000.000000
3.229167	-0.100012	556200.000000
3.333333	-0.100402	556400.000000
3.437500	-0.100437	556600.000000
3.541667	-0.101118	556800.000000
3.645833	-0.100458	557000.000000
3.750000	-0.100559	557200.000000
3.854167	-0.101063	557400.000000
3.958333	-0.101235	557600.000000
4.062500	-0.101156	557800.000000
4.166667	-0.101785	558000.000000
4.270833	-0.101498	558200.000000
4.375000	-0.100581	558400.000000
4.479167	-0.101280	558600.000000
4.583333	-0.101788	558800.000000
4.687500	-0.101773	559000.000000
4.791667	-0.102301	559200.000000
4.895833	-0.102281	559400.000000
5.000000	-0.102286	559600.000000
5.104167	-0.102284	559800.000000
5.208333	-0.101176	560000.000000
5.312500	-0.101863	560200.000000
5.416667	-0.102084	560400.000000
5.520833	-0.101640	560600.000000
5.625000	-0.101491	560800.000000
5.729167	-0.101180	561000.000000
5.833333	-0.101630	561200.000000
5.937500	-0.100881	561400.000000
6.041667	-0.101633	561600.000000
6.145833	-0.101335	561800.000000
6.250000	-0.101419	562000.000000
6.354167	-0.101508	562200.000000
6.458333	-0.101221	562400.000000
6.562500	-0.101846	562600.000000
6.666667	-0.101416	562800.000000
6.770833	-0.101573	563000.000000
6.875000	-0.101566	563200.000000
6.979167	-0.100980	563400.000000
7.083333	-0.101411	563600.000000
7.187500	-0.101376	563800.000000
7.291667	-0.101969	564000.000000
7.395833	-0.101545	564200.000000
7.500000	-0.101299	564400.000000
7.604167	-0.101286	564600.000000
7.708333	-0.100910	564800.000000
7.812500	-0.101298	565000.000000
7.916667	-0.100965	565200.000000
8.020833	-0.101844	565400.000000
8.125000	-0.101716	565600.000000
8.229167	-0.101545	565800.000000
8.333333	-0.100144	566000.000000
8.437500	-0.100979	566200.000000
8.541667	-0.101678	566400.000000
8.645833	-0.101955	566600.000000
8.750000	-0.101874	566800.000000
8.854167	-0.101498	567000.000000
8.958333	-0.101279	567200.000000
9.062500	-0.101849	567400.000000
9.166667	-0.101955	567600.000000
9.270833	-0.102175	567800.000000
9.375000	-0.101410	568000.000000
9.479167	-0.101354	568200.000000
9.583333	-0.101486	568400.000000
9.687500	-0.101275	568600.000000
9.791667	-0.101264	568800.000000
9.895833	-0.101723	569000.000000
10.000000	-0.101196	569200.000000
10.104167	-0.101588	569400.000000
10.208333	-0.101586	569600.000000
10.312500	-0.100991	569800.000000
10.416667	-0.101003	570000.000000
10.520833	-0.100761	570200.000000
10.625000	-0.100589	570400.000000
10.729167	-0.101300	570600.000000
10.833333	-0.101660	570800.000000
10.937500	-0.101351	571000.000000
11.041667	-0.101074	571200.000000
11.145833	-0.101385	571400.000000
11.250000	-0.100632	571600.000000
11.354167	-0.101204	571800.000000
11.458333	-0.101376	572000.000000
11.562500	-0.100719	572200.000000
11.666667	-0.101180	572400.000000
11.770833	-0.101254	572600.000000
11.875000	-0.100336	572800.000000
11.979167	-0.101207	573000.000000
12.083333	-0.101605	573200.000000
12.187500	-0.100908	573400.000000
12.291667	-0.100837	573600.000000
12.395833	-0.100763	573800.000000
12.500000	-0.100746	574000.000000
12.604167	-0.100424	574200.000000
12.708333	-0.101302	574400.000000
12.812500	-0.100866	574600.000000
12.916667	-0.100621	574800.000000
13.020833	-0.101157	575000.000000
13.125000	-0.101003	575200.000000
13.229167	-0.101100	575400.000000
13.333333	-0.101801	575600.000000
13.437500	-0.100282	575800.000000
13.541667	-0.101471	576000.000000
13.645833	-0.101437	576200.000000
13.750000	-0.100739	576400.000000
13.854167	-0.099964	576600.000000
13.958333	-0.100082	576800.000000
14.062500	-0.100128	577000.000000
14.166667	-0.100010	577200.000000
14.270833	-0.099447	577400.000000
14.375000	-0.099762	577600.000000
14.479167	-0.100310	577800.000000
14.583333	-0.099663	578000.000000
14.687500	-0.100348	578200.000000
14.791667	-0.099343	578400.000000
14.895833	-0.099459	578600.000000
15.000000	-0.100053	578800.000000
15.104167	-0.100481	579000.000000
15.208333	-0.099863	579200.000000
15.312500	-0.100486	579400.000000
15.416667	-0.100639	579600.000000
15.520833	-0.099784	579800.000000
15.625000	-0.100543	580000.000000
15.729167	-0.100502	580200.000000
15.833333	-0.100350	580400.000000
15.937500	-0.099527	580600.000000
16.041667	-0.099965	580800.000000
16.145833	-0.099983	581000.000000
16.250000	-0.099345	581200.000000
16.354167	-0.099390	581400.000000
16.458333	-0.099433	581600.000000
16.562500	-0.099322	581800.000000
16.666667	-0.100096	582000.000000
16.770833	-0.100111	582200.000000
16.875000	-0.099920	582400.000000
16.979167	-0.100457	582600.000000
17.083333	-0.099497	582800.000000
17.187500	-0.099474	583000.000000
17.291667	-0.099810	583200.000000
17.395833	-0.099577	583400.000000
17.500000	-0.098489	583600.000000
17.604167	-0.098911	583800.000000
17.708333	-0.099683	584000.000000
17.812500	-0.098314	584200.000000
17.916667	-0.098926	584400.000000
18.020833	-0.099258	584600.000000
18.125000	-0.098718	584800.000000
18.229167	-0.098435	585000.000000
18.333333	-0.098614	585200.000000
18.437500	-0.098204	585400.000000
18.541667	-0.097685	585600.000000
18.645833	-0.097922	585800.000000
18.750000	-0.097241	586000.000000
18.854167	-0.097324	586200.000000
18.958333	-0.097513	586400.000000
19.062500	-0.097011	586600.000000
19.166667	-0.097130	586800.000000
19.270833	-0.096939	587000.000000
19.375000	-0.096296	587200.000000
19.479167	-0.095153	587400.000000
19.583333	-0.094852	587600.000000
19.687500	-0.094596	587800.000000
19.791667	-0.093544	588000.000000
19.895833	-0.093151	588200.000000
20.000000	-0.092879	588400.000000
20.104167	-0.091464	588600.000000
20.208333	-0.090830	588800.000000
20.312500	-0.089629	589000.000000
20.416667	-0.087818	589200.000000
20.520833	-0.086572	589400.000000
20.625000	-0.084730	589600.000000
20.729167	-0.083244	589800.000000
20.833333	-0.080681	590000.000000
20.937500	-0.078412	590200.000000
21.041667	-0.076562	590400.000000
21.145833	-0.074047	590600.000000
21.250000	-0.071785	590800.000000
21.354167	-0.068033	591000.000000
21.458333	-0.063482	591200.000000
21.562500	-0.059634	591400.000000
21.666667	-0.054375	591600.000000
21.770833	-0.048971	591800.000000
21.875000	-0.043440	592000.000000
21.979167	-0.035882	592200.000000
22.083333	-0.027666	592400.000000
22.187500	-0.019009	592600.000000
22.291667	-0.009134	592800.000000
22.395833	0.001917	593000.000000
22.500000	0.015246	593200.000000
22.604167	0.028878	593400.000000
22.708333	0.044705	593600.000000
22.812500	0.061304	593800.000000
22.916667	0.078659	594000.000000
23.020833	0.097507	594200.000000
23.125000	0.115209	594400.000000
23.229167	0.133848	594600.000000
23.333333	0.151118	594800.000000
23.437500	0.165628	595000.000000
23.541667	0.176172	595200.000000
23.645833	0.183866	595400.000000
23.750000	0.184960	595600.000000
23.854167	0.174576	595800.000000
23.958333	0.137584	596000.000000
24.062500	0.043987	596200.000000
24.166667	-0.163019	596400.000000
24.270833	-0.560667	596600.000000
24.375000	-1.178927	596800.000000
24.479167	-1.924757	597000.000000
24.583333	-2.578112	597200.000000
24.687500	-2.835512	597400.000000
24.791667	-2.551708	597600.000000
24.895833	-1.843213	597800.000000
25.000000	-0.999172	598000.000000
25.104167	-0.246634	598200.000000
25.208333	0.251906	598400.000000
25.312500	0.503934	598600.000000
25.416667	0.570665	598800.000000
25.520833	0.530575	599000.000000
25.625000	0.456621	599200.000000
25.729167	0.391100	599400.000000
25.833333	0.344365	599600.000000
25.937500	0.316165	599800.000000
26.041667	0.316676	600000.000000
26.145833	0.362739	600200.000000
26.250000	0.445552	600400.000000
26.354167	0.517969	600600.000000
26.458333	0.514101	600800.000000
26.562500	0.415658	601000.000000
26.666667	0.263394	601200.000000
26.770833	0.139153	601400.000000
26.875000	0.089517	601600.000000
26.979167	0.098330	601800.000000
27.083333	0.127871	602000.000000
27.187500	0.151458	602200.000000
27.291667	0.159019	602400.000000
27.395833	0.146670	602600.000000
27.500000	0.110289	602800.000000
27.604167	0.052898	603000.000000
27.708333	-0.015646	603200.000000
27.812500	-0.067199	603400.000000
27.916667	-0.072522	603600.000000
28.020833	-0.026551	603800.000000
28.125000	0.037274	604000.000000
28.229167	0.075182	604200.000000
28.333333	0.049000	604400.000000
28.437500	-0.026115	604600.000000
28.541667	-0.101173	604800.000000
28.645833	-0.126673	605000.000000
28.750000	-0.103514	605200.000000
28.854167	-0.073569	605400.000000
28.958333	-0.075172	605600.000000
29.062500	-0.106157	605800.000000
29.166667	-0.140925	606000.000000
29.270833	-0.160293	606200.000000
29.375000	-0.158051	606400.000000
29.479167	-0.139341	606600.000000
29.583333	-0.110510	606800.000000
29.687500	-0.082537	607000.000000
29.791667	-0.056504	607200.000000
29.895833	-0.029565	607400.000000
30.000000	-0.014808	607600.000000
30.104167	-0.022692	607800.000000
30.208333	-0.048800	608000.000000
30.312500	-0.077003	608200.000000
30.416667	-0.105317	608400.000000
30.520833	-0.129785	608600.000000
30.625000	-0.146709	608800.000000
30.729167	-0.148724	609000.000000
30.833333	-0.130276	609200.000000
30.937500	-0.102472	609400.000000
31.041667	-0.079776	609600.000000
31.145833	-0.076440	609800.000000
31.250000	-0.091681	610000.000000
31.354167	-0.107547	610200.000000
31.458333	-0.111454	610400.000000
31.562500	-0.101268	610600.000000
31.666667	-0.086551	610800.000000
31.770833	-0.073039	611000.000000
31.875000	-0.067836	611200.000000
31.979167	-0.081711	611400.000000
32.083333	-0.109597	611600.000000
32.187500	-0.136813	611800.000000
32.291667	-0.156856	612000.000000
32.395833	-0.163684	612200.000000
32.500000	-0.164460	612400.000000
32.604167	-0.165150	612600.000000
32.708333	-0.168881	612800.000000
32.812500	-0.166986	613000.000000
32.916667	-0.155294	613200.000000
33.020833	-0.146427	613400.000000
33.125000	-0.149439	613600.000000
33.229167	-0.161428	613800.000000
33.333333	-0.168376	614000.000000
33.437500	-0.156304	614200.000000
33.541667	-0.126072	614400.000000
33.645833	-0.083076	614600.000000
33.750000	-0.044698	614800.000000
33.854167	-0.028805	615000.000000
33.958333	-0.048534	615200.000000
34.062500	-0.097984	615400.000000
34.166667	-0.150538	615600.000000
34.270833	-0.181441	615800.000000
34.375000	-0.186719	616000.000000
34.479167	-0.175871	616200.000000
34.583333	-0.153018	616400.000000
34.687500	-0.126568	616600.000000
34.791667	-0.105959	616800.000000
34.895833	-0.096508	617000.000000
35.000000	-0.094926	617200.000000
35.104167	-0.094084	617400.000000
35.208333	-0.089927	617600.000000
35.312500	-0.082434	617800.000000
35.416667	-0.072704	618000.000000
35.520833	-0.065956	618200.000000
35.625000	-0.066453	618400.000000
35.729167	-0.074570	618600.000000
35.833333	-0.092092	618800.000000
35.937500	-0.117781	619000.000000
36.041667	-0.149830	619200.000000
36.145833	-0.178238	619400.000000
36.250000	-0.195191	619600.000000
36.354167	-0.186171	619800.000000
36.458333	-0.148899	620000.000000
36.562500	-0.099913	620200.000000
36.666667	-0.063158	620400.000000
36.770833	-0.059884	620600.000000
36.875000	-0.095176	620800.000000
36.979167	-0.146009	621000.000000
37.083333	-0.177379	621200.000000
37.187500	-0.167855	621400.000000
37.291667	-0.128790	621600.000000
37.395833	-0.089489	621800.000000
37.500000	-0.076660	622000.000000
37.604167	-0.094937	622200.000000
37.708333	-0.129463	622400.000000
37.812500	-0.158711	622600.000000
37.916667	-0.173609	622800.000000
38.020833	-0.176219	623000.000000
38.125000	-0.171469	623200.000000
38.229167	-0.158628	623400.000000
38.333333	-0.137460	623600.000000
38.437500	-0.116801	623800.000000
38.541667	-0.114510	624000.000000
38.645833	-0.136728	624200.000000
38.750000	-0.163415	624400.000000
38.854167	-0.168376	624600.000000
38.958333	-0.139798	624800.000000
39.062500	-0.093137	625000.000000
39.166667	-0.061005	625200.000000
39.270833	-0.063442	625400.000000
39.375000	-0.092320	625600.000000
39.479167	-0.128155	625800.000000
39.583333	-0.160486	626000.000000
39.687500	-0.189124	626200.000000
39.791667	-0.209656	626400.000000
39.895833	-0.205193	626600.000000
40.000000	-0.166553	626800.000000
40.104167	-0.110934	627000.000000
40.208333	-0.070707	627200.000000
40.312500	-0.069679	627400.000000
40.416667	-0.102830	627600.000000
40.520833	-0.139289	627800.000000
40.625000	-0.144194	628000.000000
40.729167	-0.108670	628200.000000
40.833333	-0.056319	628400.000000
40.937500	-0.026908	628600.000000
41.041667	-0.038064	628800.000000
41.145833	-0.082710	629000.000000
41.250000	-0.133242	629200.000000
41.354167	-0.173888	629400.000000
41.458333	-0.190891	629600.000000
41.562500	-0.175920	629800.000000
41.666667	-0.134380	630000.000000
41.770833	-0.091113	630200.000000
41.875000	-0.063771	630400.000000
41.979167	-0.060884	630600.000000
42.083333	-0.077498	630800.000000
42.187500	-0.101256	631000.000000
42.291667	-0.121281	631200.000000
42.395833	-0.129949	631400.000000
42.500000	-0.118743	631600.000000
42.604167	-0.087152	631800.000000
42.708333	-0.050946	632000.000000
42.812500	-0.032301	632200.000000
42.916667	-0.040870	632400.000000
43.020833	-0.070400	632600.000000
43.125000	-0.099720	632800.000000
43.229167	-0.120659	633000.000000
43.333333	-0.124364	633200.000000
43.437500	-0.117998	633400.000000
43.541667	-0.105051	633600.000000
43.645833	-0.088017	633800.000000
43.750000	-0.076865	634000.000000
43.854167	-0.077949	634200.000000
43.958333	-0.092270	634400.000000
44.062500	-0.106282	634600.000000
44.166667	-0.104300	634800.000000
44.270833	-0.078901	635000.000000
44.375000	-0.041709	635200.000000
44.479167	-0.017098	635400.000000
44.583333	-0.017027	635600.000000
44.687500	-0.041260	635800.000000
44.791667	-0.072357	636000.000000
44.895833	-0.095466	636200.000000
45.000000	-0.107884	636400.000000
45.104167	-0.113451	636600.000000
45.208333	-0.111727	636800.000000
45.312500	-0.105061	637000.000000
45.416667	-0.100149	637200.000000
45.520833	-0.098682	637400.000000
45.625000	-0.094951	637600.000000
45.729167	-0.084113	637800.000000
45.833333	-0.065369	638000.000000
45.937500	-0.048677	638200.000000
46.041667	-0.043226	638400.000000
46.145833	-0.051882	638600.000000
46.250000	-0.069751	638800.000000
46.354167	-0.084494	639000.000000
46.458333	-0.092208	639200.000000
46.562500	-0.094392	639400.000000
46.666667	-0.097662	639600.000000
46.770833	-0.103387	639800.000000
46.875000	-0.107180	640000.000000
46.979167	-0.103691	640200.000000
47.083333	-0.093948	640400.000000
47.187500	-0.083946	640600.000000
47.291667	-0.083451	640800.000000
47.395833	-0.090568	641000.000000
47.500000	-0.096875	641200.000000
47.604167	-0.095920	641400.000000
47.708333	-0.087142	641600.000000
47.812500	-0.074012	641800.000000
47.916667	-0.064942	642000.000000
48.020833	-0.066148	642200.000000
48.125000	-0.075580	642400.000000
48.229167	-0.086207	642600.000000
48.333333	-0.091699	642800.000000
48.437500	-0.090133	643000.000000
48.541667	-0.086785	643200.000000
48.645833	-0.086131	643400.000000
48.750000	-0.091694	643600.000000
48.854167	-0.102362	643800.000000
48.958333	-0.113611	644000.000000
49.062500	-0.122000	644200.000000
49.166667	-0.124405	644400.000000
49.270833	-0.117184	644600.000000
49.375000	-0.100283	644800.000000
49.479167	-0.075903	645000.000000
49.583333	-0.056364	645200.000000
49.687500	-0.055322	645400.000000
49.791667	-0.069138	645600.000000
49.895833	-0.086436	645800.000000
50.000000	-0.088742	646000.000000
50.104167	-0.079718	646200.000000
50.208333	-0.076953	646400.000000
50.312500	-0.094446	646600.000000
50.416667	-0.123093	646800.000000
50.520833	-0.143250	647000.000000
50.625000	-0.149027	647200.000000
50.729167	-0.143071	647400.000000
50.833333	-0.131159	647600.000000
50.937500	-0.116488	647800.000000
51.041667	-0.098944	648000.000000
51.145833	-0.083275	648200.000000
51.250000	-0.072385	648400.000000
51.354167	-0.071026	648600.000000
51.458333	-0.079959	648800.000000
51.562500	-0.100237	649000.000000
51.666667	-0.118673	649200.000000
51.770833	-0.125289	649400.000000
51.875000	-0.118729	649600.000000
51.979167	-0.107472	649800.000000
52.083333	-0.101794	650000.000000
52.187500	-0.106640	650200.000000
52.291667	-0.119308	650400.000000
52.395833	-0.135615	650600.000000
52.500000	-0.147989	650800.000000
52.604167	-0.152096	651000.000000
52.708333	-0.142252	651200.000000
52.812500	-0.118833	651400.000000
52.916667	-0.094574	651600.000000
53.020833	-0.085727	651800.000000
53.125000	-0.094645	652000.000000
53.229167	-0.114318	652200.000000
53.333333	-0.131152	652400.000000
53.437500	-0.135186	652600.000000
53.541667	-0.126998	652800.000000
53.645833	-0.109610	653000.000000
53.750000	-0.094662	653200.000000
53.854167	-0.090823	653400.000000
53.958333	-0.101257	653600.000000
54.062500	-0.119887	653800.000000
54.166667	-0.141402	654000.000000
54.270833	-0.154246	654200.000000
54.375000	-0.156725	654400.000000
54.479167	-0.147578	654600.000000
54.583333	-0.129985	654800.000000
54.687500	-0.111872	655000.000000
54.791667	-0.099688	655200.000000
54.895833	-0.091294	655400.000000
55.000000	-0.082952	655600.000000
55.104167	-0.077908	655800.000000
55.208333	-0.080505	656000.000000
55.312500	-0.088620	656200.000000
55.416667	-0.096290	656400.000000
55.520833	-0.100637	656600.000000
55.625000	-0.105509	656800.000000
55.729167	-0.110781	657000.000000
55.833333	-0.120427	657200.000000
55.937500	-0.130834	657400.000000
56.041667	-0.135874	657600.000000
56.145833	-0.132890	657800.000000
56.250000	-0.121794	658000.000000
56.354167	-0.104684	658200.000000
56.458333	-0.090291	658400.000000
56.562500	-0.082429	658600.000000
56.666667	-0.080443	658800.000000
56.770833	-0.081897	659000.000000
56.875000	-0.085156	659200.000000
56.979167	-0.088615	659400.000000
57.083333	-0.091340	659600.000000
57.187500	-0.093559	659800.000000
57.291667	-0.093868	660000.000000
57.395833	-0.096965	660200.000000
57.500000	-0.105934	660400.000000
57.604167	-0.113205	660600.000000
57.708333	-0.110177	660800.000000
57.812500	-0.097756	661000.000000
57.916667	-0.088129	661200.000000
58.020833	-0.090269	661400.000000
58.125000	-0.100276	661600.000000
58.229167	-0.105713	661800.000000
58.333333	-0.100201	662000.000000
58.437500	-0.088015	662200.000000
58.541667	-0.079305	662400.000000
58.645833	-0.077111	662600.000000
58.750000	-0.079468	662800.000000
58.854167	-0.083216	663000.000000
58.958333	-0.085211	663200.000000
59.062500	-0.084526	663400.000000
59.166667	-0.084091	663600.000000
59.270833	-0.084870	663800.000000
59.375000	-0.091045	664000.000000
59.479167	-0.101258	664200.000000
59.583333	-0.112465	664400.000000
59.687500	-0.122178	664600.000000
59.791667	-0.128006	664800.000000
59.895833	-0.125659	665000.000000
60.000000	-0.113527	665200.000000
60.104167	-0.094271	665400.000000
60.208333	-0.075282	665600.000000
60.312500	-0.064585	665800.000000
60.416667	-0.066786	666000.000000
60.520833	-0.077302	666200.000000
60.625000	-0.088326	666400.000000
60.729167	-0.094031	666600.000000
60.833333	-0.093894	666800.000000
60.937500	-0.094387	667000.000000
61.041667	-0.100042	667200.000000
61.145833	-0.109268	667400.000000
61.250000	-0.116875	667600.000000
61.354167	-0.117791	667800.000000
61.458333	-0.116169	668000.000000
61.562500	-0.115180	668200.000000
61.666667	-0.116587	668400.000000
61.770833	-0.113167	668600.000000
61.875000	-0.101328	668800.000000
61.979167	-0.084669	669000.000000
62.083333	-0.072160	669200.000000
62.187500	-0.074486	669400.000000
62.291667	-0.088855	669600.000000
62.395833	-0.108024	669800.000000
62.500000	-0.119038	670000.000000
62.604167	-0.118787	670200.000000
62.708333	-0.113178	670400.000000
62.812500	-0.107542	670600.000000
62.916667	-0.104565	670800.000000
63.020833	-0.106130	671000.000000
63.125000	-0.109162	671200.000000
63.229167	-0.111821	671400.000000
63.333333	-0.116612	671600.000000
63.437500	-0.121059	671800.000000
63.541667	-0.122834	672000.000000
63.645833	-0.122134	672200.000000
63.750000	-0.117929	672400.000000
63.854167	-0.111228	672600.000000
63.958333	-0.104947	672800.000000
64.062500	-0.097612	673000.000000
64.166667	-0.093273	673200.000000
64.270833	-0.093043	673400.000000
64.375000	-0.099821	673600.000000
64.479167	-0.107382	673800.000000
64.583333	-0.114837	674000.000000
64.687500	-0.120447	674200.000000
64.791667	-0.123397	674400.000000
64.895833	-0.124136	674600.000000
65.000000	-0.120619	674800.000000
65.104167	-0.116844	675000.000000
65.208333	-0.118618	675200.000000
65.312500	-0.126654	675400.000000
65.416667	-0.132784	675600.000000
65.520833	-0.129695	675800.000000
65.625000	-0.114358	676000.000000
65.729167	-0.096984	676200.000000
65.833333	-0.087379	676400.000000
65.937500	-0.092380	676600.000000
66.041667	-0.106041	676800.000000
66.145833	-0.120418	677000.000000
66.250000	-0.130942	677200.000000
66.354167	-0.136455	677400.000000
66.458333	-0.138505	677600.000000
66.562500	-0.136416	677800.000000
66.666667	-0.129367	678000.000000
66.770833	-0.117954	678200.000000
66.875000	-0.109699	678400.000000
66.979167	-0.108072	678600.000000
67.083333	-0.111558	678800.000000
67.187500	-0.112773	679000.000000
67.291667	-0.108719	679200.000000
67.395833	-0.099553	679400.000000
67.500000	-0.089403	679600.000000
67.604167	-0.082820	679800.000000
67.708333	-0.080791	680000.000000
67.812500	-0.086403	680200.000000
67.916667	-0.095991	680400.000000
68.020833	-0.105453	680600.000000
68.125000	-0.106985	680800.000000
68.229167	-0.100073	681000.000000
68.333333	-0.088558	681200.000000
68.437500	-0.078955	681400.000000
68.541667	-0.078595	681600.000000
68.645833	-0.090431	681800.000000
68.750000	-0.108267	682000.000000
68.854167	-0.122291	682200.000000
68.958333	-0.122729	682400.000000
69.062500	-0.109673	682600.000000
69.166667	-0.089409	682800.000000
69.270833	-0.073321	683000.000000
69.375000	-0.065872	683200.000000
69.479167	-0.071649	683400.000000
69.583333	-0.083165	683600.000000
69.687500	-0.096353	683800.000000
69.791667	-0.103779	684000.000000
69.895833	-0.103070	684200.000000
70.000000	-0.097658	684400.000000
70.104167	-0.092579	684600.000000
70.208333	-0.093740	684800.000000
70.312500	-0.105491	685000.000000
70.416667	-0.122265	685200.000000
70.520833	-0.134333	685400.000000
70.625000	-0.136934	685600.000000
70.729167	-0.129859	685800.000000
70.833333	-0.116959	686000.000000
70.937500	-0.103173	686200.000000
71.041667	-0.092369	686400.000000
71.145833	-0.088566	686600.000000
71.250000	-0.093260	686800.000000
71.354167	-0.103096	687000.000000
71.458333	-0.116018	687200.000000
71.562500	-0.128795	687400.000000
71.666667	-0.137833	687600.000000
71.770833	-0.142540	687800.000000
71.875000	-0.141645	688000.000000
71.979167	-0.138472	688200.000000
72.083333	-0.136032	688400.000000
72.187500	-0.136874	688600.000000
72.291667	-0.137517	688800.000000
72.395833	-0.136616	689000.000000
72.500000	-0.133426	689200.000000
72.604167	-0.127155	689400.000000
72.708333	-0.118841	689600.000000
72.812500	-0.112406	689800.000000
72.916667	-0.108715	690000.000000
73.020833	-0.104781	690200.000000
73.125000	-0.099343	690400.000000
73.229167	-0.091942	690600.000000
73.333333	-0.084631	690800.000000
73.437500	-0.081507	691000.000000
73.541667	-0.079668	691200.000000
73.645833	-0.079882	691400.000000
73.750000	-0.078359	691600.000000
73.854167	-0.075452	691800.000000
73.958333	-0.068632	692000.000000
74.062500	-0.063212	692200.000000
74.166667	-0.059982	692400.000000
74.270833	-0.060983	692600.000000
74.375000	-0.066434	692800.000000
74.479167	-0.072219	693000.000000
74.583333	-0.073848	693200.000000
74.687500	-0.071637	693400.000000
74.791667	-0.066708	693600.000000
74.895833	-0.060397	693800.000000
75.000000	-0.056865	694000.000000
75.104167	-0.060479	694200.000000
75.208333	-0.073364	694400.000000
75.312500	-0.089828	694600.000000
75.416667	-0.103039	694800.000000
75.520833	-0.112487	695000.000000
75.625000	-0.114280	695200.000000
75.729167	-0.113402	695400.000000
75.833333	-0.112285	695600.000000
75.937500	-0.112290	695800.000000
76.041667	-0.112947	696000.000000
76.145833	-0.114051	696200.000000
76.250000	-0.110556	696400.000000
76.354167	-0.104113	696600.000000
76.458333	-0.095291	696800.000000
76.562500	-0.086488	697000.000000
76.666667	-0.082286	697200.000000
76.770833	-0.086527	697400.000000
76.875000	-0.095153	697600.000000
76.979167	-0.104916	697800.000000
77.083333	-0.112381	698000.000000
77.187500	-0.115155	698200.000000
77.291667	-0.112670	698400.000000
77.395833	-0.106812	698600.000000
77.500000	-0.100069	698800.000000
77.604167	-0.095966	699000.000000
77.708333	-0.098396	699200.000000
77.812500	-0.106092	699400.000000
77.916667	-0.114098	699600.000000
78.020833	-0.119713	699800.000000
78.125000	-0.117834	700000.000000
78.229167	-0.108150	700200.000000
78.333333	-0.097811	700400.000000
78.437500	-0.092700	700600.000000
78.541667	-0.095529	700800.000000
78.645833	-0.105220	701000.000000
78.750000	-0.114437	701200.000000
78.854167	-0.116704	701400.000000
78.958333	-0.111244	701600.000000
79.062500	-0.102740	701800.000000
79.166667	-0.096906	702000.000000
79.270833	-0.096660	702200.000000
79.375000	-0.103323	702400.000000
79.479167	-0.110901	702600.000000
79.583333	-0.118477	702800.000000
79.687500	-0.124912	703000.000000
79.791667	-0.125837	703200.000000
79.895833	-0.119657	703400.000000
80.000000	-0.105817	703600.000000
80.104167	-0.092362	703800.000000
80.208333	-0.084338	704000.000000
80.312500	-0.085025	704200.000000
80.416667	-0.091975	704400.000000
80.520833	-0.102371	704600.000000
80.625000	-0.109513	704800.000000
80.729167	-0.113859	705000.000000
80.833333	-0.116274	705200.000000
80.937500	-0.119189	705400.000000
81.041667	-0.119100	705600.000000
81.145833	-0.113725	705800.000000
81.250000	-0.105045	706000.000000
81.354167	-0.098218	706200.000000
81.458333	-0.095494	706400.000000
81.562500	-0.094957	706600.000000
81.666667	-0.092972	706800.000000
81.770833	-0.086042	707000.000000
81.875000	-0.078126	707200.000000
81.979167	-0.071399	707400.000000
82.083333	-0.071082	707600.000000
82.187500	-0.074086	707800.000000
82.291667	-0.078177	708000.000000
82.395833	-0.082654	708200.000000
82.500000	-0.086934	708400.000000
82.604167	-0.091262	708600.000000
82.708333	-0.092905	708800.000000
82.812500	-0.090493	709000.000000
82.916667	-0.085820	709200.000000
83.020833	-0.082635	709400.000000
83.125000	-0.082651	709600.000000
83.229167	-0.085095	709800.000000
83.333333	-0.086964	710000.000000
83.437500	-0.088974	710200.000000
83.541667	-0.091714	710400.000000
83.645833	-0.094333	710600.000000
83.750000	-0.095547	710800.000000
83.854167	-0.095329	711000.000000
83.958333	-0.093564	711200.000000
84.062500	-0.094446	711400.000000
84.166667	-0.097740	711600.000000
84.270833	-0.104388	711800.000000
84.375000	-0.109483	712000.000000
84.479167	-0.112664	712200.000000
84.583333	-0.114238	712400.000000
84.687500	-0.115161	712600.000000
84.791667	-0.117015	712800.000000
84.895833	-0.121571	713000.000000
85.000000	-0.126740	713200.000000
85.104167	-0.128605	713400.000000
85.208333	-0.127258	713600.000000
85.312500	-0.121234	713800.000000
85.416667	-0.114335	714000.000000
85.520833	-0.107568	714200.000000
85.625000	-0.103234	714400.000000
85.729167	-0.102905	714600.000000
85.833333	-0.108224	714800.000000
85.937500	-0.115790	715000.000000
86.041667	-0.124443	715200.000000
86.145833	-0.129930	715400.000000
86.250000	-0.127753	715600.000000
86.354167	-0.123367	715800.000000
86.458333	-0.119422	716000.000000
86.562500	-0.119886	716200.000000
86.666667	-0.122595	716400.000000
86.770833	-0.125800	716600.000000
86.875000	-0.125470	716800.000000
86.979167	-0.119425	717000.000000
87.083333	-0.113303	717200.000000
87.187500	-0.107313	717400.000000
87.291667	-0.102801	717600.000000
87.395833	-0.102052	717800.000000
87.500000	-0.104873	718000.000000
87.604167	-0.109245	718200.000000
87.708333	-0.116567	718400.000000
87.812500	-0.122982	718600.000000
87.916667	-0.125368	718800.000000
88.020833	-0.122301	719000.000000
88.125000	-0.114503	719200.000000
88.229167	-0.106967	719400.000000
88.333333	-0.102081	719600.000000
88.437500	-0.104223	719800.000000
88.541667	-0.107822	720000.000000
88.645833	-0.109393	720200.000000
88.750000	-0.108698	720400.000000
88.854167	-0.106024	720600.000000
88.958333	-0.101680	720800.000000
89.062500	-0.098162	721000.000000
89.166667	-0.096105	721200.000000
89.270833	-0.095555	721400.000000
89.375000	-0.094659	721600.000000
89.479167	-0.095518	721800.000000
89.583333	-0.097900	722000.000000
89.687500	-0.100500	722200.000000
89.791667	-0.103831	722400.000000
89.895833	-0.107351	722600.000000
90.000000	-0.108822	722800.000000
90.104167	-0.110507	723000.000000
90.208333	-0.111785	723200.000000
90.312500	-0.112095	723400.000000
90.416667	-0.111236	723600.000000
90.520833	-0.107353	723800.000000
90.625000	-0.101966	724000.000000
90.729167	-0.099366	724200.000000
90.833333	-0.097246	724400.000000
90.937500	-0.096394	724600.000000
91.041667	-0.095729	724800.000000
91.145833	-0.095192	725000.000000
91.250000	-0.095850	725200.000000
91.354167	-0.099577	725400.000000
91.458333	-0.105850	725600.000000
91.562500	-0.113065	725800.000000
91.666667	-0.117425	726000.000000
91.770833	-0.118688	726200.000000
91.875000	-0.117815	726400.000000
91.979167	-0.115647	726600.000000
92.083333	-0.114298	726800.000000
92.187500	-0.111082	727000.000000
92.291667	-0.105911	727200.000000
92.395833	-0.101850	727400.000000
92.500000	-0.098913	727600.000000
92.604167	-0.097727	727800.000000
92.708333	-0.099551	728000.000000
92.812500	-0.102271	728200.000000
92.916667	-0.103996	728400.000000
93.020833	-0.106093	728600.000000
93.125000	-0.106317	728800.000000
93.229167	-0.105782	729000.000000
93.333333	-0.105848	729200.000000
93.437500	-0.105578	729400.000000
93.541667	-0.103951	729600.000000
93.645833	-0.103093	729800.000000
93.750000	-0.102676	730000.000000
93.854167	-0.103648	730200.000000
93.958333	-0.103843	730400.000000
94.062500	-0.102135	730600.000000
94.166667	-0.101716	730800.000000
94.270833	-0.102582	731000.000000
94.375000	-0.102493	731200.000000
94.479167	-0.100856	731400.000000
94.583333	-0.098340	731600.000000
94.687500	-0.096128	731800.000000
94.791667	-0.097266	732000.000000
94.895833	-0.100772	732200.000000
95.000000	-0.104592	732400.000000
95.104167	-0.106922	732600.000000
95.208333	-0.108476	732800.000000
95.312500	-0.107849	733000.000000
95.416667	-0.106528	733200.000000
95.520833	-0.104300	733400.000000
95.625000	-0.105137	733600.000000
95.729167	-0.103979	733800.000000
95.833333	-0.102202	734000.000000
95.937500	-0.101150	734200.000000
96.041667	-0.098536	734400.000000
96.145833	-0.096464	734600.000000
96.250000	-0.091882	734800.000000
96.354167	-0.086529	735000.000000
96.458333	-0.082576	735200.000000
96.562500	-0.085197	735400.000000
96.666667	-0.092128	735600.000000
96.770833	-0.099483	735800.000000
96.875000	-0.107595	736000.000000
96.979167	-0.112111	736200.000000
97.083333	-0.113067	736400.000000
97.187500	-0.111831	736600.000000
97.291667	-0.108957	736800.000000
97.395833	-0.104423	737000.000000
97.500000	-0.099583	737200.000000
97.604167	-0.095097	737400.000000
97.708333	-0.093074	737600.000000
97.812500	-0.094596	737800.000000
97.916667	-0.096319	738000.000000
98.020833	-0.096108	738200.000000
98.125000	-0.095031	738400.000000
98.229167	-0.092848	738600.000000
98.333333	-0.093307	738800.000000
98.437500	-0.095933	739000.000000
98.541667	-0.101028	739200.000000
98.645833	-0.104374	739400.000000
98.750000	-0.106539	739600.000000
98.854167	-0.107946	739800.000000
98.958333	-0.108170	740000.000000
99.062500	-0.108647	740200.000000
99.166667	-0.110391	740400.000000
99.270833	-0.111297	740600.000000
99.375000	-0.110897	740800.000000
99.479167	-0.111225	741000.000000
99.583333	-0.110774	741200.000000
99.687500	-0.109308	741400.000000
99.791667	-0.106416	741600.000000
99.895833	-0.101163	741800.000000
100.000000	-0.096641	742000.000000
100.104167	-0.093911	742200.000000
100.208333	-0.094172	742400.000000
100.312500	-0.097622	742600.000000
100.416667	-0.102452	742800.000000
100.520833	-0.105583	743000.000000
100.625000	-0.107222	743200.000000
100.729167	-0.108120	743400.000000
100.833333	-0.108567	743600.000000
100.937500	-0.111222	743800.000000
101.041667	-0.113267	744000.000000
101.145833	-0.114034	744200.000000
101.250000	-0.112588	744400.000000
101.354167	-0.109821	744600.000000
101.458333	-0.106394	744800.000000
101.562500	-0.101920	745000.000000
101.666667	-0.098094	745200.000000
101.770833	-0.097466	745400.000000
101.875000	-0.100275	745600.000000
101.979167	-0.103409	745800.000000
102.083333	-0.107944	746000.000000
102.187500	-0.110251	746200.000000
102.291667	-0.110455	746400.000000
102.395833	-0.107511	746600.000000
102.500000	-0.104466	746800.000000
102.604167	-0.100718	747000.000000
102.708333	-0.100400	747200.000000
102.812500	-0.101765	747400.000000
102.916667	-0.104058	747600.000000
103.020833	-0.104428	747800.000000
103.125000	-0.102758	748000.000000
103.229167	-0.099429	748200.000000
103.333333	-0.095719	748400.000000
103.437500	-0.094076	748600.000000
103.541667	-0.095572	748800.000000
103.645833	-0.097482	749000.000000
103.750000	-0.101927	749200.000000
103.854167	-0.105170	749400.000000
103.958333	-0.106751	749600.000000
104.062500	-0.109355	749800.000000
104.166667	-0.110291	750000.000000
104.270833	-0.109579	750200.000000
104.375000	-0.109036	750400.000000
104.479167	-0.109310	750600.000000
104.583333	-0.111161	750800.000000
104.687500	-0.112869	751000.000000
104.791667	-0.114574	751200.000000
104.895833	-0.113913	751400.000000
105.000000	-0.112434	751600.000000
105.104167	-0.108314	751800.000000
105.208333	-0.104933	752000.000000
105.312500	-0.102506	752200.000000
105.416667	-0.101537	752400.000000
105.520833	-0.099307	752600.000000
105.625000	-0.098280	752800.000000
105.729167	-0.099859	753000.000000
105.833333	-0.102308	753200.000000
105.937500	-0.105325	753400.000000
106.041667	-0.108626	753600.000000
106.145833	-0.109018	753800.000000
106.250000	-0.108268	754000.000000
106.354167	-0.106837	754200.000000
106.458333	-0.105696	754400.000000
106.562500	-0.104342	754600.000000
106.666667	-0.102389	754800.000000
106.770833	-0.100920	755000.000000
106.875000	-0.098304	755200.000000
106.979167	-0.096546	755400.000000
107.083333	-0.096608	755600.000000
107.187500	-0.096362	755800.000000
107.291667	-0.096738	756000.000000
107.395833	-0.097453	756200.000000
107.500000	-0.100062	756400.000000
107.604167	-0.103438	756600.000000
107.708333	-0.105412	756800.000000
107.812500	-0.105861	757000.000000
107.916667	-0.104766	757200.000000
108.020833	-0.102675	757400.000000
108.125000	-0.098587	757600.000000
108.229167	-0.095364	757800.000000
108.333333	-0.094536	758000.000000
108.437500	-0.092434	758200.000000
108.541667	-0.091682	758400.000000
108.645833	-0.091807	758600.000000
108.750000	-0.089366	758800.000000
108.854167	-0.087710	759000.000000
108.958333	-0.086755	759200.000000
109.062500	-0.086267	759400.000000
109.166667	-0.087766	759600.000000
109.270833	-0.090862	759800.000000
109.375000	-0.092905	760000.000000
109.479167	-0.093193	760200.000000
109.583333	-0.093714	760400.000000
109.687500	-0.092482	760600.000000
109.791667	-0.091956	760800.000000
109.895833	-0.092279	761000.000000
110.000000	-0.095893	761200.000000
110.104167	-0.100269	761400.000000
110.208333	-0.102881	761600.000000
110.312500	-0.102527	761800.000000
110.416667	-0.100450	762000.000000
110.520833	-0.096757	762200.000000
110.625000	-0.091643	762400.000000
110.729167	-0.086418	762600.000000
110.833333	-0.086116	762800.000000
110.937500	-0.088981	763000.000000
111.041667	-0.094878	763200.000000
111.145833	-0.100111	763400.000000
111.250000	-0.101783	763600.000000
111.354167	-0.100815	763800.000000
111.458333	-0.099765	764000.000000
111.562500	-0.099823	764200.000000
111.666667	-0.101719	764400.000000
111.770833	-0.105989	764600.000000
111.875000	-0.111937	764800.000000
111.979167	-0.120424	765000.000000
112.083333	-0.127377	765200.000000
112.187500	-0.134959	765400.000000
112.291667	-0.144318	765600.000000
112.395833	-0.154371	765800.000000
112.500000	-0.164047	766000.000000
112.604167	-0.172055	766200.000000
112.708333	-0.171930	766400.000000
112.812500	-0.163334	766600.000000
112.916667	-0.145897	766800.000000
113.020833	-0.124208	767000.000000
113.125000	-0.102096	767200.000000
113.229167	-0.084337	767400.000000
113.333333	-0.070282	767600.000000
113.437500	-0.059278	767800.000000
113.541667	-0.049905	768000.000000
113.645833	-0.041432	768200.000000
113.750000	-0.036425	768400.000000
113.854167	-0.037768	768600.000000
113.958333	-0.046335	768800.000000
114.062500	-0.062270	769000.000000
114.166667	-0.079079	769200.000000
114.270833	-0.094187	769400.000000
114.375000	-0.104540	769600.000000
114.479167	-0.109774	769800.000000
114.583333	-0.111695	770000.000000
114.687500	-0.113221	770200.000000
114.791667	-0.114670	770400.000000
114.895833	-0.115842	770600.000000
115.000000	-0.116738	770800.000000
115.104167	-0.117725	771000.000000
115.208333	-0.119952	771200.000000
115.312500	-0.121802	771400.000000
115.416667	-0.125986	771600.000000
115.520833	-0.127761	771800.000000
115.625000	-0.127209	772000.000000
115.729167	-0.125515	772200.000000
115.833333	-0.123105	772400.000000
115.937500	-0.121686	772600.000000
116.041667	-0.120344	772800.000000
116.145833	-0.118952	773000.000000
116.250000	-0.116750	773200.000000
116.354167	-0.117194	773400.000000
116.458333	-0.119152	773600.000000
116.562500	-0.122468	773800.000000
116.666667	-0.123887	774000.000000
116.770833	-0.123849	774200.000000
116.875000	-0.122537	774400.000000
116.979167	-0.119966	774600.000000
117.083333	-0.118232	774800.000000
117.187500	-0.117222	775000.000000
117.291667	-0.116718	775200.000000
117.395833	-0.115194	775400.000000
117.500000	-0.110992	775600.000000
117.604167	-0.107758	775800.000000
117.708333	-0.106398	776000.000000
117.812500	-0.106174	776200.000000
117.916667	-0.106979	776400.000000
118.020833	-0.109443	776600.000000
118.125000	-0.111903	776800.000000
118.229167	-0.115702	777000.000000
118.333333	-0.119790	777200.000000
118.437500	-0.123826	777400.000000
118.541667	-0.125286	777600.000000
118.645833	-0.125301	777800.000000
118.750000	-0.125296	778000.000000
118.854167	-0.124626	778200.000000
118.958333	-0.124782	778400.000000
119.062500	-0.125926	778600.000000
119.166667	-0.127278	778800.000000
119.270833	-0.126646	779000.000000
119.375000	-0.123142	779200.000000
119.479167	-0.115025	779400.000000
119.583333	-0.106785	779600.000000
119.687500	-0.098175	779800.000000
119.791667	-0.092842	780000.000000
119.895833	-0.091006	780200.000000
120.000000	-0.093597	780400.000000
120.104167	-0.096476	780600.000000
120.208333	-0.099706	780800.000000
120.312500	-0.100425	781000.000000
120.416667	-0.099667	781200.000000
120.520833	-0.097850	781400.000000
120.625000	-0.096878	781600.000000
120.729167	-0.099026	781800.000000
120.833333	-0.101324	782000.000000
120.937500	-0.104345	782200.000000
121.041667	-0.106668	782400.000000
121.145833	-0.105528	782600.000000
121.250000	-0.102961	782800.000000
121.354167	-0.098767	783000.000000
121.458333	-0.094945	783200.000000
121.562500	-0.094339	783400.000000
121.666667	-0.093656	783600.000000
121.770833	-0.094415	783800.000000
121.875000	-0.095250	784000.000000
121.979167	-0.097104	784200.000000
122.083333	-0.097350	784400.000000
122.187500	-0.097355	784600.000000
122.291667	-0.097281	784800.000000
122.395833	-0.094570	785000.000000
122.500000	-0.091169	785200.000000
122.604167	-0.088892	785400.000000
122.708333	-0.086539	785600.000000
122.812500	-0.084489	785800.000000
122.916667	-0.083841	786000.000000
123.020833	-0.083632	786200.000000
123.125000	-0.082952	786400.000000
123.229167	-0.084068	786600.000000
123.333333	-0.084371	786800.000000
123.437500	-0.084862	787000.000000
123.541667	-0.085945	787200.000000
123.645833	-0.086315	787400.000000
123.750000	-0.088044	787600.000000
123.854167	-0.090292	787800.000000
123.958333	-0.093240	788000.000000
124.062500	-0.096328	788200.000000
124.166667	-0.099056	788400.000000
124.270833	-0.100067	788600.000000
124.375000	-0.099760	788800.000000
124.479167	-0.099403	789000.000000
124.583333	-0.099101	789200.000000
124.687500	-0.099370	789400.000000
124.791667	-0.101319	789600.000000
124.895833	-0.103371	789800.000000
125.000000	-0.105044	790000.000000
125.104167	-0.106952	790200.000000
125.208333	-0.107061	790400.000000
125.312500	-0.106085	790600.000000
125.416667	-0.105646	790800.000000
125.520833	-0.106266	791000.000000
125.625000	-0.109116	791200.000000
125.729167	-0.113036	791400.000000
125.833333	-0.117396	791600.000000
125.937500	-0.117971	791800.000000
126.041667	-0.115500	792000.000000
126.145833	-0.114136	792200.000000
126.250000	-0.113203	792400.000000
126.354167	-0.112328	792600.000000
126.458333	-0.112358	792800.000000
126.562500	-0.113154	793000.000000
126.666667	-0.111398	793200.000000
126.770833	-0.108863	793400.000000
126.875000	-0.105180	793600.000000
126.979167	-0.100957	793800.000000
127.083333	-0.100250	794000.000000
127.187500	-0.103402	794200.000000
127.291667	-0.107681	794400.000000
127.395833	-0.114136	794600.000000
127.500000	-0.118325	794800.000000
127.604167	-0.120555	795000.000000
127.708333	-0.119262	795200.000000
127.812500	-0.117008	795400.000000
127.916667	-0.114228	795600.000000
128.020833	-0.111652	795800.000000
128.125000	-0.111644	796000.000000
128.229167	-0.111046	796200.000000
128.333333	-0.109919	796400.000000
128.437500	-0.108149	796600.000000
128.541667	-0.102686	796800.000000
128.645833	-0.095554	797000.000000
128.750000	-0.088954	797200.000000
128.854167	-0.084963	797400.000000
128.958333	-0.084554	797600.000000
129.062500	-0.087097	797800.000000
129.166667	-0.092921	798000.000000
129.270833	-0.097993	798200.000000
129.375000	-0.100368	798400.000000
129.479167	-0.099532	798600.000000
129.583333	-0.096385	798800.000000
129.687500	-0.094827	799000.000000
129.791667	-0.097174	799200.000000
129.895833	-0.100415	799400.000000
130.000000	-0.105990	799600.000000
130.104167	-0.111215	799800.000000
130.208333	-0.115288	800000.000000
