0.000000	-0.101074	550000.000000
0.104167	-0.101375	550200.000000
0.208333	-0.101552	550400.000000
0.312500	-0.100385	550600.000000
0.416667	-0.099559	550800.000000
0.520833	-0.100537	551000.000000
0.625000	-0.101447	551200.000000
0.729167	-0.102086	551400.000000
0.833333	-0.101307	551600.000000
0.937500	-0.102427	551800.000000
1.041667	-0.101171	552000.000000
1.145833	-0.101061	552200.000000
1.250000	-0.101023	552400.000000
1.354167	-0.100687	552600.000000
1.458333	-0.102052	552800.000000
1.562500	-0.102382	553000.000000
1.666667	-0.101812	553200.000000
1.770833	-0.101437	553400.000000
1.875000	-0.101914	553600.000000
1.979167	-0.102432	553800.000000
2.083333	-0.101846	554000.000000
2.187500	-0.101601	554200.000000
2.291667	-0.101910	554400.000000
2.395833	-0.101890	554600.000000
2.500000	-0.101050	554800.000000
2.604167	-0.101757	555000.000000
2.708333	-0.102203	555200.000000
2.812500	-0.102126	555400.000000
2.916667	-0.101504	555600.000000
3.020833	-0.101322	555800.000000
3.125000	-0.102035	556000.000000
3.229167	-0.102523	556200.000000
3.333333	-0.103537	556400.000000
3.437500	-0.103323	556600.000000
3.541667	-0.102648	556800.000000
3.645833	-0.104294	557000.000000
3.750000	-0.104707	557200.000000
3.854167	-0.104237	557400.000000
3.958333	-0.102255	557600.000000
4.062500	-0.099556	557800.000000
4.166667	-0.100065	558000.000000
4.270833	-0.100972	558200.000000
4.375000	-0.101312	558400.000000
4.479167	-0.100841	558600.000000
4.583333	-0.100561	558800.000000
4.687500	-0.100132	559000.000000
4.791667	-0.100422	559200.000000
4.895833	-0.100809	559400.000000
5.000000	-0.100687	559600.000000
5.104167	-0.100907	559800.000000
5.208333	-0.100912	560000.000000
5.312500	-0.101140	560200.000000
5.416667	-0.101886	560400.000000
5.520833	-0.101397	560600.000000
5.625000	-0.101254	560800.000000
5.729167	-0.101230	561000.000000
5.833333	-0.100959	561200.000000
5.937500	-0.101484	561400.000000
6.041667	-0.101265	561600.000000
6.145833	-0.101199	561800.000000
6.250000	-0.100160	562000.000000
6.354167	-0.100894	562200.000000
6.458333	-0.101355	562400.000000
6.562500	-0.100682	562600.000000
6.666667	-0.101753	562800.000000
6.770833	-0.101550	563000.000000
6.875000	-0.101282	563200.000000
6.979167	-0.101027	563400.000000
7.083333	-0.101507	563600.000000
7.187500	-0.101310	563800.000000
7.291667	-0.101894	564000.000000
7.395833	-0.101175	564200.000000
7.500000	-0.102405	564400.000000
7.604167	-0.101687	564600.000000
7.708333	-0.101612	564800.000000
7.812500	-0.101668	565000.000000
7.916667	-0.102145	565200.000000
8.020833	-0.101725	565400.000000
8.125000	-0.101175	565600.000000
8.229167	-0.102194	565800.000000
8.333333	-0.102367	566000.000000
8.437500	-0.102129	566200.000000
8.541667	-0.100911	566400.000000
8.645833	-0.101640	566600.000000
8.750000	-0.101528	566800.000000
8.854167	-0.100670	567000.000000
8.958333	-0.101481	567200.000000
9.062500	-0.101359	567400.000000
9.166667	-0.101324	567600.000000
9.270833	-0.101281	567800.000000
9.375000	-0.101242	568000.000000
9.479167	-0.100711	568200.000000
9.583333	-0.100607	568400.000000
9.687500	-0.100354	568600.000000
9.791667	-0.100881	568800.000000
9.895833	-0.100274	569000.000000
10.000000	-0.100469	569200.000000
10.104167	-0.100335	569400.000000
10.208333	-0.100875	569600.000000
10.312500	-0.101674	569800.000000
10.416667	-0.100778	570000.000000
10.520833	-0.100200	570200.000000
10.625000	-0.100446	570400.000000
10.729167	-0.100258	570600.000000
10.833333	-0.100416	570800.000000
10.937500	-0.100646	571000.000000
11.041667	-0.100700	571200.000000
11.145833	-0.100118	571400.000000
11.250000	-0.100344	571600.000000
11.354167	-0.099708	571800.000000
11.458333	-0.100327	572000.000000
11.562500	-0.099865	572200.000000
11.666667	-0.100290	572400.000000
11.770833	-0.100528	572600.000000
11.875000	-0.099600	572800.000000
11.979167	-0.100741	573000.000000
12.083333	-0.100306	573200.000000
12.187500	-0.100542	573400.000000
12.291667	-0.099929	573600.000000
12.395833	-0.100122	573800.000000
12.500000	-0.100769	574000.000000
12.604167	-0.100173	574200.000000
12.708333	-0.100800	574400.000000
12.812500	-0.100972	574600.000000
12.916667	-0.100862	574800.000000
13.020833	-0.100428	575000.000000
13.125000	-0.101727	575200.000000
13.229167	-0.101036	575400.000000
13.333333	-0.100792	575600.000000
13.437500	-0.101402	575800.000000
13.541667	-0.100727	576000.000000
13.645833	-0.101368	576200.000000
13.750000	-0.101207	576400.000000
13.854167	-0.100909	576600.000000
13.958333	-0.100804	576800.000000
14.062500	-0.100599	577000.000000
14.166667	-0.099890	577200.000000
14.270833	-0.099243	577400.000000
14.375000	-0.099763	577600.000000
14.479167	-0.099798	577800.000000
14.583333	-0.099950	578000.000000
14.687500	-0.100143	578200.000000
14.791667	-0.099407	578400.000000
14.895833	-0.099109	578600.000000
15.000000	-0.099723	578800.000000
15.104167	-0.099565	579000.000000
15.208333	-0.099384	579200.000000
15.312500	-0.100295	579400.000000
15.416667	-0.099434	579600.000000
15.520833	-0.099929	579800.000000
15.625000	-0.101232	580000.000000
15.729167	-0.100009	580200.000000
15.833333	-0.098972	580400.000000
15.937500	-0.099641	580600.000000
16.041667	-0.100045	580800.000000
16.145833	-0.100184	581000.000000
16.250000	-0.100443	581200.000000
16.354167	-0.100423	581400.000000
16.458333	-0.098939	581600.000000
16.562500	-0.099978	581800.000000
16.666667	-0.099428	582000.000000
16.770833	-0.099369	582200.000000
16.875000	-0.099602	582400.000000
16.979167	-0.099804	582600.000000
17.083333	-0.099758	582800.000000
17.187500	-0.099329	583000.000000
17.291667	-0.099140	583200.000000
17.395833	-0.099379	583400.000000
17.500000	-0.098961	583600.000000
17.604167	-0.098994	583800.000000
17.708333	-0.098234	584000.000000
17.812500	-0.098972	584200.000000
17.916667	-0.099120	584400.000000
18.020833	-0.098697	584600.000000
18.125000	-0.098396	584800.000000
18.229167	-0.099064	585000.000000
18.333333	-0.098722	585200.000000
18.437500	-0.097821	585400.000000
18.541667	-0.098225	585600.000000
18.645833	-0.097369	585800.000000
18.750000	-0.097838	586000.000000
18.854167	-0.097314	586200.000000
18.958333	-0.096717	586400.000000
19.062500	-0.097115	586600.000000
19.166667	-0.096578	586800.000000
19.270833	-0.095659	587000.000000
19.375000	-0.095460	587200.000000
19.479167	-0.095367	587400.000000
19.583333	-0.094399	587600.000000
19.687500	-0.093707	587800.000000
19.791667	-0.093508	588000.000000
19.895833	-0.092792	588200.000000
20.000000	-0.091799	588400.000000
20.104167	-0.091001	588600.000000
20.208333	-0.089745	588800.000000
20.312500	-0.088217	589000.000000
20.416667	-0.087172	589200.000000
20.520833	-0.086739	589400.000000
20.625000	-0.084533	589600.000000
20.729167	-0.082582	589800.000000
20.833333	-0.081356	590000.000000
20.937500	-0.079471	590200.000000
21.041667	-0.077430	590400.000000
21.145833	-0.074848	590600.000000
21.250000	-0.070960	590800.000000
21.354167	-0.067350	591000.000000
21.458333	-0.064016	591200.000000
21.562500	-0.060268	591400.000000
21.666667	-0.056141	591600.000000
21.770833	-0.050294	591800.000000
21.875000	-0.044812	592000.000000
21.979167	-0.038414	592200.000000
22.083333	-0.030406	592400.000000
22.187500	-0.021478	592600.000000
22.291667	-0.012280	592800.000000
22.395833	-0.001518	593000.000000
22.500000	0.011614	593200.000000
22.604167	0.024053	593400.000000
22.708333	0.038967	593600.000000
22.812500	0.055478	593800.000000
22.916667	0.072125	594000.000000
23.020833	0.090444	594200.000000
23.125000	0.108670	594400.000000
23.229167	0.126599	594600.000000
23.333333	0.141986	594800.000000
23.437500	0.156175	595000.000000
23.541667	0.167388	595200.000000
23.645833	0.173610	595400.000000
23.750000	0.174781	595600.000000
23.854167	0.163640	595800.000000
23.958333	0.128832	596000.000000
24.062500	0.039740	596200.000000
24.166667	-0.159117	596400.000000
24.270833	-0.547048	596600.000000
24.375000	-1.147587	596800.000000
24.479167	-1.874803	597000.000000
24.583333	-2.497811	597200.000000
24.687500	-2.728717	597400.000000
24.791667	-2.441134	597600.000000
24.895833	-1.744326	597800.000000
25.000000	-0.934520	598000.000000
25.104167	-0.225554	598200.000000
25.208333	0.244777	598400.000000
25.312500	0.483052	598600.000000
25.416667	0.543757	598800.000000
25.520833	0.503555	599000.000000
25.625000	0.432692	599200.000000
25.729167	0.370825	599400.000000
25.833333	0.326818	599600.000000
25.937500	0.300985	599800.000000
26.041667	0.302072	600000.000000
26.145833	0.347197	600200.000000
26.250000	0.425936	600400.000000
26.354167	0.492775	600600.000000
26.458333	0.487763	600800.000000
26.562500	0.392486	601000.000000
26.666667	0.246398	601200.000000
26.770833	0.130093	601400.000000
26.875000	0.084841	601600.000000
26.979167	0.095240	601800.000000
27.083333	0.122612	602000.000000
27.187500	0.145226	602200.000000
27.291667	0.151564	602400.000000
27.395833	0.138865	602600.000000
27.500000	0.103943	602800.000000
27.604167	0.047797	603000.000000
27.708333	-0.017354	603200.000000
27.812500	-0.066229	603400.000000
27.916667	-0.071527	603600.000000
28.020833	-0.027206	603800.000000
28.125000	0.032946	604000.000000
28.229167	0.065949	604200.000000
28.333333	0.040353	604400.000000
28.437500	-0.032325	604600.000000
28.541667	-0.102271	604800.000000
28.645833	-0.125187	605000.000000
28.750000	-0.104389	605200.000000
28.854167	-0.074965	605400.000000
28.958333	-0.076416	605600.000000
29.062500	-0.104957	605800.000000
29.166667	-0.138044	606000.000000
29.270833	-0.156987	606200.000000
29.375000	-0.155730	606400.000000
29.479167	-0.136010	606600.000000
29.583333	-0.109727	606800.000000
29.687500	-0.083229	607000.000000
29.791667	-0.057388	607200.000000
29.895833	-0.032692	607400.000000
30.000000	-0.019321	607600.000000
30.104167	-0.026586	607800.000000
30.208333	-0.051817	608000.000000
30.312500	-0.080702	608200.000000
30.416667	-0.105641	608400.000000
30.520833	-0.128250	608600.000000
30.625000	-0.143388	608800.000000
30.729167	-0.143937	609000.000000
30.833333	-0.128096	609200.000000
30.937500	-0.102207	609400.000000
31.041667	-0.080668	609600.000000
31.145833	-0.078537	609800.000000
31.250000	-0.093581	610000.000000
31.354167	-0.108015	610200.000000
31.458333	-0.110330	610400.000000
31.562500	-0.100895	610600.000000
31.666667	-0.086532	610800.000000
31.770833	-0.072919	611000.000000
31.875000	-0.069758	611200.000000
31.979167	-0.082138	611400.000000
32.083333	-0.108912	611600.000000
32.187500	-0.135482	611800.000000
32.291667	-0.153984	612000.000000
32.395833	-0.160549	612200.000000
32.500000	-0.160279	612400.000000
32.604167	-0.162292	612600.000000
32.708333	-0.165596	612800.000000
32.812500	-0.163335	613000.000000
32.916667	-0.152546	613200.000000
33.020833	-0.144492	613400.000000
33.125000	-0.147473	613600.000000
33.229167	-0.159339	613800.000000
33.333333	-0.164595	614000.000000
33.437500	-0.153388	614200.000000
33.541667	-0.123497	614400.000000
33.645833	-0.082735	614600.000000
33.750000	-0.046985	614800.000000
33.854167	-0.033938	615000.000000
33.958333	-0.052861	615200.000000
34.062500	-0.098949	615400.000000
34.166667	-0.148782	615600.000000
34.270833	-0.177735	615800.000000
34.375000	-0.182597	616000.000000
34.479167	-0.170676	616200.000000
34.583333	-0.150390	616400.000000
34.687500	-0.124935	616600.000000
34.791667	-0.105416	616800.000000
34.895833	-0.096889	617000.000000
35.000000	-0.095093	617200.000000
35.104167	-0.093145	617400.000000
35.208333	-0.089733	617600.000000
35.312500	-0.083799	617800.000000
35.416667	-0.074479	618000.000000
35.520833	-0.067144	618200.000000
35.625000	-0.066845	618400.000000
35.729167	-0.075307	618600.000000
35.833333	-0.094251	618800.000000
35.937500	-0.118031	619000.000000
36.041667	-0.147357	619200.000000
36.145833	-0.174749	619400.000000
36.250000	-0.190125	619600.000000
36.354167	-0.182170	619800.000000
36.458333	-0.147712	620000.000000
36.562500	-0.099602	620200.000000
36.666667	-0.064339	620400.000000
36.770833	-0.062025	620600.000000
36.875000	-0.094861	620800.000000
36.979167	-0.142989	621000.000000
37.083333	-0.172233	621200.000000
37.187500	-0.163242	621400.000000
37.291667	-0.126202	621600.000000
37.395833	-0.089663	621800.000000
37.500000	-0.077748	622000.000000
37.604167	-0.095285	622200.000000
37.708333	-0.127792	622400.000000
37.812500	-0.155636	622600.000000
37.916667	-0.170032	622800.000000
38.020833	-0.172057	623000.000000
38.125000	-0.167821	623200.000000
38.229167	-0.155614	623400.000000
38.333333	-0.134768	623600.000000
38.437500	-0.115025	623800.000000
38.541667	-0.114373	624000.000000
38.645833	-0.135418	624200.000000
38.750000	-0.160263	624400.000000
38.854167	-0.164124	624600.000000
38.958333	-0.135945	624800.000000
39.062500	-0.091891	625000.000000
39.166667	-0.061230	625200.000000
39.270833	-0.064844	625400.000000
39.375000	-0.092154	625600.000000
39.479167	-0.126714	625800.000000
39.583333	-0.157101	626000.000000
39.687500	-0.184390	626200.000000
39.791667	-0.204286	626400.000000
39.895833	-0.199917	626600.000000
40.000000	-0.162573	626800.000000
40.104167	-0.110326	627000.000000
40.208333	-0.073285	627200.000000
40.312500	-0.071352	627400.000000
40.416667	-0.103114	627600.000000
40.520833	-0.136950	627800.000000
40.625000	-0.143256	628000.000000
40.729167	-0.109610	628200.000000
40.833333	-0.060312	628400.000000
40.937500	-0.031087	628600.000000
41.041667	-0.042787	628800.000000
41.145833	-0.084864	629000.000000
41.250000	-0.132769	629200.000000
41.354167	-0.169694	629400.000000
41.458333	-0.185381	629600.000000
41.562500	-0.170441	629800.000000
41.666667	-0.132088	630000.000000
41.770833	-0.090387	630200.000000
41.875000	-0.064787	630400.000000
41.979167	-0.061787	630600.000000
42.083333	-0.077374	630800.000000
42.187500	-0.100344	631000.000000
42.291667	-0.120537	631200.000000
42.395833	-0.129508	631400.000000
42.500000	-0.116140	631600.000000
42.604167	-0.084594	631800.000000
42.708333	-0.051160	632000.000000
42.812500	-0.035464	632200.000000
42.916667	-0.044417	632400.000000
43.020833	-0.072211	632600.000000
43.125000	-0.101289	632800.000000
43.229167	-0.119337	633000.000000
43.333333	-0.123357	633200.000000
43.437500	-0.117259	633400.000000
43.541667	-0.103787	633600.000000
43.645833	-0.087917	633800.000000
43.750000	-0.077666	634000.000000
43.854167	-0.078722	634200.000000
43.958333	-0.093086	634400.000000
44.062500	-0.106603	634600.000000
44.166667	-0.104370	634800.000000
44.270833	-0.079905	635000.000000
44.375000	-0.045000	635200.000000
44.479167	-0.019945	635400.000000
44.583333	-0.020758	635600.000000
44.687500	-0.044450	635800.000000
44.791667	-0.074077	636000.000000
44.895833	-0.096978	636200.000000
45.000000	-0.108396	636400.000000
45.104167	-0.112604	636600.000000
45.208333	-0.111367	636800.000000
45.312500	-0.105208	637000.000000
45.416667	-0.101157	637200.000000
45.520833	-0.099328	637400.000000
45.625000	-0.095849	637600.000000
45.729167	-0.084437	637800.000000
45.833333	-0.067658	638000.000000
45.937500	-0.051882	638200.000000
46.041667	-0.045701	638400.000000
46.145833	-0.054224	638600.000000
46.250000	-0.070767	638800.000000
46.354167	-0.084420	639000.000000
46.458333	-0.092093	639200.000000
46.562500	-0.094758	639400.000000
46.666667	-0.098162	639600.000000
46.770833	-0.102730	639800.000000
46.875000	-0.107368	640000.000000
46.979167	-0.103598	640200.000000
47.083333	-0.093654	640400.000000
47.187500	-0.083760	640600.000000
47.291667	-0.083373	640800.000000
47.395833	-0.089325	641000.000000
47.500000	-0.095204	641200.000000
47.604167	-0.094746	641400.000000
47.708333	-0.085423	641600.000000
47.812500	-0.074027	641800.000000
47.916667	-0.066185	642000.000000
48.020833	-0.066236	642200.000000
48.125000	-0.075101	642400.000000
48.229167	-0.085437	642600.000000
48.333333	-0.090716	642800.000000
48.437500	-0.090101	643000.000000
48.541667	-0.086494	643200.000000
48.645833	-0.085771	643400.000000
48.750000	-0.091446	643600.000000
48.854167	-0.101413	643800.000000
48.958333	-0.112605	644000.000000
49.062500	-0.121488	644200.000000
49.166667	-0.123402	644400.000000
49.270833	-0.116254	644600.000000
49.375000	-0.099059	644800.000000
49.479167	-0.078073	645000.000000
49.583333	-0.059174	645200.000000
49.687500	-0.056242	645400.000000
49.791667	-0.071467	645600.000000
49.895833	-0.087394	645800.000000
50.000000	-0.090155	646000.000000
50.104167	-0.081496	646200.000000
50.208333	-0.079243	646400.000000
50.312500	-0.094725	646600.000000
50.416667	-0.121951	646800.000000
50.520833	-0.142418	647000.000000
50.625000	-0.147126	647200.000000
50.729167	-0.142272	647400.000000
50.833333	-0.130329	647600.000000
50.937500	-0.116694	647800.000000
51.041667	-0.100885	648000.000000
51.145833	-0.085236	648200.000000
51.250000	-0.073974	648400.000000
51.354167	-0.071598	648600.000000
51.458333	-0.081704	648800.000000
51.562500	-0.101152	649000.000000
51.666667	-0.118399	649200.000000
51.770833	-0.124015	649400.000000
51.875000	-0.117953	649600.000000
51.979167	-0.107546	649800.000000
52.083333	-0.101264	650000.000000
52.187500	-0.105550	650200.000000
52.291667	-0.118948	650400.000000
52.395833	-0.133866	650600.000000
52.500000	-0.145049	650800.000000
52.604167	-0.149249	651000.000000
52.708333	-0.140145	651200.000000
52.812500	-0.117068	651400.000000
52.916667	-0.094050	651600.000000
53.020833	-0.085519	651800.000000
53.125000	-0.094452	652000.000000
53.229167	-0.112239	652200.000000
53.333333	-0.128613	652400.000000
53.437500	-0.133274	652600.000000
53.541667	-0.124765	652800.000000
53.645833	-0.107584	653000.000000
53.750000	-0.094159	653200.000000
53.854167	-0.091575	653400.000000
53.958333	-0.101289	653600.000000
54.062500	-0.119315	653800.000000
54.166667	-0.138735	654000.000000
54.270833	-0.152046	654200.000000
54.375000	-0.153900	654400.000000
54.479167	-0.144852	654600.000000
54.583333	-0.128440	654800.000000
54.687500	-0.111695	655000.000000
54.791667	-0.099469	655200.000000
54.895833	-0.090966	655400.000000
55.000000	-0.083399	655600.000000
55.104167	-0.078649	655800.000000
55.208333	-0.081601	656000.000000
55.312500	-0.089319	656200.000000
55.416667	-0.096394	656400.000000
55.520833	-0.101357	656600.000000
55.625000	-0.103527	656800.000000
55.729167	-0.108599	657000.000000
55.833333	-0.118573	657200.000000
55.937500	-0.128179	657400.000000
56.041667	-0.133229	657600.000000
56.145833	-0.131096	657800.000000
56.250000	-0.120143	658000.000000
56.354167	-0.103859	658200.000000
56.458333	-0.090247	658400.000000
56.562500	-0.083001	658600.000000
56.666667	-0.081784	658800.000000
56.770833	-0.083521	659000.000000
56.875000	-0.085022	659200.000000
56.979167	-0.088260	659400.000000
57.083333	-0.091809	659600.000000
57.187500	-0.092213	659800.000000
57.291667	-0.093099	660000.000000
57.395833	-0.097576	660200.000000
57.500000	-0.105451	660400.000000
57.604167	-0.112615	660600.000000
57.708333	-0.110503	660800.000000
57.812500	-0.099139	661000.000000
57.916667	-0.089696	661200.000000
58.020833	-0.091916	661400.000000
58.125000	-0.101060	661600.000000
58.229167	-0.106437	661800.000000
58.333333	-0.101291	662000.000000
58.437500	-0.089356	662200.000000
58.541667	-0.081627	662400.000000
58.645833	-0.080088	662600.000000
58.750000	-0.081777	662800.000000
58.854167	-0.084127	663000.000000
58.958333	-0.085653	663200.000000
59.062500	-0.085013	663400.000000
59.166667	-0.084538	663600.000000
59.270833	-0.085527	663800.000000
59.375000	-0.091897	664000.000000
59.479167	-0.101264	664200.000000
59.583333	-0.112681	664400.000000
59.687500	-0.121059	664600.000000
59.791667	-0.126508	664800.000000
59.895833	-0.124128	665000.000000
60.000000	-0.113179	665200.000000
60.104167	-0.094503	665400.000000
60.208333	-0.075826	665600.000000
60.312500	-0.066607	665800.000000
60.416667	-0.068054	666000.000000
60.520833	-0.077995	666200.000000
60.625000	-0.088990	666400.000000
60.729167	-0.092597	666600.000000
60.833333	-0.093537	666800.000000
60.937500	-0.093257	667000.000000
61.041667	-0.098769	667200.000000
61.145833	-0.108715	667400.000000
61.250000	-0.115201	667600.000000
61.354167	-0.116549	667800.000000
61.458333	-0.114763	668000.000000
61.562500	-0.114621	668200.000000
61.666667	-0.115485	668400.000000
61.770833	-0.111580	668600.000000
61.875000	-0.099353	668800.000000
61.979167	-0.084308	669000.000000
62.083333	-0.072837	669200.000000
62.187500	-0.075062	669400.000000
62.291667	-0.089798	669600.000000
62.395833	-0.108135	669800.000000
62.500000	-0.118656	670000.000000
62.604167	-0.118718	670200.000000
62.708333	-0.112977	670400.000000
62.812500	-0.107350	670600.000000
62.916667	-0.104295	670800.000000
63.020833	-0.105280	671000.000000
63.125000	-0.108511	671200.000000
63.229167	-0.111137	671400.000000
63.333333	-0.115211	671600.000000
63.437500	-0.119791	671800.000000
63.541667	-0.121857	672000.000000
63.645833	-0.120904	672200.000000
63.750000	-0.117126	672400.000000
63.854167	-0.110754	672600.000000
63.958333	-0.103992	672800.000000
64.062500	-0.097653	673000.000000
64.166667	-0.092528	673200.000000
64.270833	-0.092871	673400.000000
64.375000	-0.098845	673600.000000
64.479167	-0.107196	673800.000000
64.583333	-0.114096	674000.000000
64.687500	-0.119216	674200.000000
64.791667	-0.122675	674400.000000
64.895833	-0.122603	674600.000000
65.000000	-0.119986	674800.000000
65.104167	-0.115460	675000.000000
65.208333	-0.116558	675200.000000
65.312500	-0.125259	675400.000000
65.416667	-0.131724	675600.000000
65.520833	-0.128117	675800.000000
65.625000	-0.113350	676000.000000
65.729167	-0.096492	676200.000000
65.833333	-0.088924	676400.000000
65.937500	-0.092463	676600.000000
66.041667	-0.104504	676800.000000
66.145833	-0.119047	677000.000000
66.250000	-0.128368	677200.000000
66.354167	-0.133761	677400.000000
66.458333	-0.135374	677600.000000
66.562500	-0.133936	677800.000000
66.666667	-0.127692	678000.000000
66.770833	-0.116891	678200.000000
66.875000	-0.108917	678400.000000
66.979167	-0.107017	678600.000000
67.083333	-0.109074	678800.000000
67.187500	-0.111946	679000.000000
67.291667	-0.108508	679200.000000
67.395833	-0.098932	679400.000000
67.500000	-0.088923	679600.000000
67.604167	-0.082511	679800.000000
67.708333	-0.081719	680000.000000
67.812500	-0.086826	680200.000000
67.916667	-0.096252	680400.000000
68.020833	-0.104822	680600.000000
68.125000	-0.107193	680800.000000
68.229167	-0.100437	681000.000000
68.333333	-0.088432	681200.000000
68.437500	-0.079233	681400.000000
68.541667	-0.080988	681600.000000
68.645833	-0.091689	681800.000000
68.750000	-0.108678	682000.000000
68.854167	-0.121723	682200.000000
68.958333	-0.121818	682400.000000
69.062500	-0.109638	682600.000000
69.166667	-0.090664	682800.000000
69.270833	-0.074805	683000.000000
69.375000	-0.067652	683200.000000
69.479167	-0.071769	683400.000000
69.583333	-0.083595	683600.000000
69.687500	-0.097139	683800.000000
69.791667	-0.104350	684000.000000
69.895833	-0.102763	684200.000000
70.000000	-0.097155	684400.000000
70.104167	-0.091495	684600.000000
70.208333	-0.094106	684800.000000
70.312500	-0.103929	685000.000000
70.416667	-0.119373	685200.000000
70.520833	-0.131947	685400.000000
70.625000	-0.134458	685600.000000
70.729167	-0.127896	685800.000000
70.833333	-0.116117	686000.000000
70.937500	-0.101784	686200.000000
71.041667	-0.091800	686400.000000
71.145833	-0.088289	686600.000000
71.250000	-0.093551	686800.000000
71.354167	-0.103613	687000.000000
71.458333	-0.115564	687200.000000
71.562500	-0.126436	687400.000000
71.666667	-0.136377	687600.000000
71.770833	-0.140460	687800.000000
71.875000	-0.138932	688000.000000
71.979167	-0.136526	688200.000000
72.083333	-0.135313	688400.000000
72.187500	-0.136253	688600.000000
72.291667	-0.135879	688800.000000
72.395833	-0.135453	689000.000000
72.500000	-0.131321	689200.000000
72.604167	-0.125121	689400.000000
72.708333	-0.117543	689600.000000
72.812500	-0.112086	689800.000000
72.916667	-0.108588	690000.000000
73.020833	-0.104394	690200.000000
73.125000	-0.098835	690400.000000
73.229167	-0.091818	690600.000000
73.333333	-0.084808	690800.000000
73.437500	-0.080966	691000.000000
73.541667	-0.079366	691200.000000
73.645833	-0.080118	691400.000000
73.750000	-0.078867	691600.000000
73.854167	-0.075655	691800.000000
73.958333	-0.070473	692000.000000
74.062500	-0.064653	692200.000000
74.166667	-0.061137	692400.000000
74.270833	-0.063247	692600.000000
74.375000	-0.067771	692800.000000
74.479167	-0.072817	693000.000000
74.583333	-0.075175	693200.000000
74.687500	-0.072316	693400.000000
74.791667	-0.067056	693600.000000
74.895833	-0.061406	693800.000000
75.000000	-0.057771	694000.000000
75.104167	-0.061963	694200.000000
75.208333	-0.074365	694400.000000
75.312500	-0.089249	694600.000000
75.416667	-0.103102	694800.000000
75.520833	-0.111313	695000.000000
75.625000	-0.114199	695200.000000
75.729167	-0.113298	695400.000000
75.833333	-0.112851	695600.000000
75.937500	-0.112440	695800.000000
76.041667	-0.112966	696000.000000
76.145833	-0.112714	696200.000000
76.250000	-0.110632	696400.000000
76.354167	-0.104474	696600.000000
76.458333	-0.096109	696800.000000
76.562500	-0.087255	697000.000000
76.666667	-0.083980	697200.000000
76.770833	-0.087599	697400.000000
76.875000	-0.096310	697600.000000
76.979167	-0.105109	697800.000000
77.083333	-0.111798	698000.000000
77.187500	-0.115114	698200.000000
77.291667	-0.111997	698400.000000
77.395833	-0.106082	698600.000000
77.500000	-0.100362	698800.000000
77.604167	-0.096425	699000.000000
77.708333	-0.098418	699200.000000
77.812500	-0.105798	699400.000000
77.916667	-0.115021	699600.000000
78.020833	-0.118867	699800.000000
78.125000	-0.115950	700000.000000
78.229167	-0.106908	700200.000000
78.333333	-0.097766	700400.000000
78.437500	-0.092673	700600.000000
78.541667	-0.095574	700800.000000
78.645833	-0.104045	701000.000000
78.750000	-0.112435	701200.000000
78.854167	-0.115115	701400.000000
78.958333	-0.110247	701600.000000
79.062500	-0.102321	701800.000000
79.166667	-0.097214	702000.000000
79.270833	-0.097384	702200.000000
79.375000	-0.102878	702400.000000
79.479167	-0.109989	702600.000000
79.583333	-0.117538	702800.000000
79.687500	-0.122232	703000.000000
79.791667	-0.123061	703200.000000
79.895833	-0.116585	703400.000000
80.000000	-0.104317	703600.000000
80.104167	-0.091736	703800.000000
80.208333	-0.083853	704000.000000
80.312500	-0.083793	704200.000000
80.416667	-0.090745	704400.000000
80.520833	-0.101155	704600.000000
80.625000	-0.108986	704800.000000
80.729167	-0.113218	705000.000000
80.833333	-0.115876	705200.000000
80.937500	-0.118355	705400.000000
81.041667	-0.117716	705600.000000
81.145833	-0.112168	705800.000000
81.250000	-0.104857	706000.000000
81.354167	-0.097362	706200.000000
81.458333	-0.095384	706400.000000
81.562500	-0.095163	706600.000000
81.666667	-0.092798	706800.000000
81.770833	-0.087051	707000.000000
81.875000	-0.078883	707200.000000
81.979167	-0.072964	707400.000000
82.083333	-0.071513	707600.000000
82.187500	-0.074831	707800.000000
82.291667	-0.079673	708000.000000
82.395833	-0.083364	708200.000000
82.500000	-0.087052	708400.000000
82.604167	-0.091806	708600.000000
82.708333	-0.093078	708800.000000
82.812500	-0.091506	709000.000000
82.916667	-0.086357	709200.000000
83.020833	-0.082829	709400.000000
83.125000	-0.083146	709600.000000
83.229167	-0.085349	709800.000000
83.333333	-0.087740	710000.000000
83.437500	-0.089013	710200.000000
83.541667	-0.092408	710400.000000
83.645833	-0.094815	710600.000000
83.750000	-0.095936	710800.000000
83.854167	-0.094556	711000.000000
83.958333	-0.093639	711200.000000
84.062500	-0.094673	711400.000000
84.166667	-0.098542	711600.000000
84.270833	-0.103787	711800.000000
84.375000	-0.108993	712000.000000
84.479167	-0.111889	712200.000000
84.583333	-0.112494	712400.000000
84.687500	-0.113747	712600.000000
84.791667	-0.116965	712800.000000
84.895833	-0.120313	713000.000000
85.000000	-0.125567	713200.000000
85.104167	-0.128209	713400.000000
85.208333	-0.125852	713600.000000
85.312500	-0.119486	713800.000000
85.416667	-0.112578	714000.000000
85.520833	-0.106332	714200.000000
85.625000	-0.102240	714400.000000
85.729167	-0.102216	714600.000000
85.833333	-0.106630	714800.000000
85.937500	-0.114871	715000.000000
86.041667	-0.123659	715200.000000
86.145833	-0.128087	715400.000000
86.250000	-0.125775	715600.000000
86.354167	-0.121157	715800.000000
86.458333	-0.117975	716000.000000
86.562500	-0.117766	716200.000000
86.666667	-0.120174	716400.000000
86.770833	-0.122495	716600.000000
86.875000	-0.123034	716800.000000
86.979167	-0.118914	717000.000000
87.083333	-0.111644	717200.000000
87.187500	-0.105142	717400.000000
87.291667	-0.102693	717600.000000
87.395833	-0.101225	717800.000000
87.500000	-0.103560	718000.000000
87.604167	-0.108838	718200.000000
87.708333	-0.115907	718400.000000
87.812500	-0.121949	718600.000000
87.916667	-0.124366	718800.000000
88.020833	-0.120945	719000.000000
88.125000	-0.113537	719200.000000
88.229167	-0.105911	719400.000000
88.333333	-0.103119	719600.000000
88.437500	-0.103235	719800.000000
88.541667	-0.107413	720000.000000
88.645833	-0.108895	720200.000000
88.750000	-0.108316	720400.000000
88.854167	-0.105815	720600.000000
88.958333	-0.102799	720800.000000
89.062500	-0.099277	721000.000000
89.166667	-0.096669	721200.000000
89.270833	-0.095451	721400.000000
89.375000	-0.094309	721600.000000
89.479167	-0.095637	721800.000000
89.583333	-0.097503	722000.000000
89.687500	-0.100082	722200.000000
89.791667	-0.104113	722400.000000
89.895833	-0.107637	722600.000000
90.000000	-0.109116	722800.000000
90.104167	-0.110068	723000.000000
90.208333	-0.111506	723200.000000
90.312500	-0.111896	723400.000000
90.416667	-0.110751	723600.000000
90.520833	-0.107568	723800.000000
90.625000	-0.103176	724000.000000
90.729167	-0.099246	724200.000000
90.833333	-0.097783	724400.000000
90.937500	-0.097199	724600.000000
91.041667	-0.097092	724800.000000
91.145833	-0.096708	725000.000000
91.250000	-0.096603	725200.000000
91.354167	-0.100431	725400.000000
91.458333	-0.105829	725600.000000
91.562500	-0.111907	725800.000000
91.666667	-0.116873	726000.000000
91.770833	-0.118742	726200.000000
91.875000	-0.117313	726400.000000
91.979167	-0.115448	726600.000000
92.083333	-0.113306	726800.000000
92.187500	-0.110057	727000.000000
92.291667	-0.105327	727200.000000
92.395833	-0.101419	727400.000000
92.500000	-0.098371	727600.000000
92.604167	-0.098005	727800.000000
92.708333	-0.100263	728000.000000
92.812500	-0.101993	728200.000000
92.916667	-0.102834	728400.000000
93.020833	-0.103527	728600.000000
93.125000	-0.104821	728800.000000
93.229167	-0.105059	729000.000000
93.333333	-0.105256	729200.000000
93.437500	-0.104276	729400.000000
93.541667	-0.102260	729600.000000
93.645833	-0.102268	729800.000000
93.750000	-0.101992	730000.000000
93.854167	-0.101932	730200.000000
93.958333	-0.101613	730400.000000
94.062500	-0.101566	730600.000000
94.166667	-0.100243	730800.000000
94.270833	-0.101023	731000.000000
94.375000	-0.101951	731200.000000
94.479167	-0.100579	731400.000000
94.583333	-0.097649	731600.000000
94.687500	-0.096238	731800.000000
94.791667	-0.096839	732000.000000
94.895833	-0.100610	732200.000000
95.000000	-0.104885	732400.000000
95.104167	-0.107651	732600.000000
95.208333	-0.108135	732800.000000
95.312500	-0.107018	733000.000000
95.416667	-0.105727	733200.000000
95.520833	-0.104679	733400.000000
95.625000	-0.105102	733600.000000
95.729167	-0.104453	733800.000000
95.833333	-0.101907	734000.000000
95.937500	-0.100909	734200.000000
96.041667	-0.099153	734400.000000
96.145833	-0.096515	734600.000000
96.250000	-0.091664	734800.000000
96.354167	-0.085266	735000.000000
96.458333	-0.083159	735200.000000
96.562500	-0.084930	735400.000000
96.666667	-0.091227	735600.000000
96.770833	-0.099890	735800.000000
96.875000	-0.107415	736000.000000
96.979167	-0.110788	736200.000000
97.083333	-0.112368	736400.000000
97.187500	-0.111858	736600.000000
97.291667	-0.108787	736800.000000
97.395833	-0.104516	737000.000000
97.500000	-0.098882	737200.000000
97.604167	-0.095932	737400.000000
97.708333	-0.093709	737600.000000
97.812500	-0.094713	737800.000000
97.916667	-0.096204	738000.000000
98.020833	-0.095967	738200.000000
98.125000	-0.095061	738400.000000
98.229167	-0.092817	738600.000000
98.333333	-0.093618	738800.000000
98.437500	-0.096710	739000.000000
98.541667	-0.101149	739200.000000
98.645833	-0.104683	739400.000000
98.750000	-0.106588	739600.000000
98.854167	-0.107904	739800.000000
98.958333	-0.107996	740000.000000
99.062500	-0.108641	740200.000000
99.166667	-0.109686	740400.000000
99.270833	-0.110390	740600.000000
99.375000	-0.111249	740800.000000
99.479167	-0.110244	741000.000000
99.583333	-0.110355	741200.000000
99.687500	-0.109737	741400.000000
99.791667	-0.106167	741600.000000
99.895833	-0.101859	741800.000000
100.000000	-0.096572	742000.000000
100.104167	-0.093321	742200.000000
100.208333	-0.093736	742400.000000
100.312500	-0.097259	742600.000000
100.416667	-0.101215	742800.000000
100.520833	-0.104148	743000.000000
100.625000	-0.106239	743200.000000
100.729167	-0.107155	743400.000000
100.833333	-0.107565	743600.000000
100.937500	-0.109888	743800.000000
101.041667	-0.110811	744000.000000
101.145833	-0.111951	744200.000000
101.250000	-0.111219	744400.000000
101.354167	-0.109784	744600.000000
101.458333	-0.105950	744800.000000
101.562500	-0.101495	745000.000000
101.666667	-0.097530	745200.000000
101.770833	-0.097166	745400.000000
101.875000	-0.098875	745600.000000
101.979167	-0.102682	745800.000000
102.083333	-0.107064	746000.000000
102.187500	-0.110640	746200.000000
102.291667	-0.111434	746400.000000
102.395833	-0.108060	746600.000000
102.500000	-0.104218	746800.000000
102.604167	-0.101252	747000.000000
102.708333	-0.099810	747200.000000
102.812500	-0.102303	747400.000000
102.916667	-0.104699	747600.000000
103.020833	-0.103282	747800.000000
103.125000	-0.101955	748000.000000
103.229167	-0.099323	748200.000000
103.333333	-0.095858	748400.000000
103.437500	-0.094330	748600.000000
103.541667	-0.095353	748800.000000
103.645833	-0.097363	749000.000000
103.750000	-0.101376	749200.000000
103.854167	-0.104068	749400.000000
103.958333	-0.106228	749600.000000
104.062500	-0.108759	749800.000000
104.166667	-0.109455	750000.000000
104.270833	-0.108310	750200.000000
104.375000	-0.108099	750400.000000
104.479167	-0.108574	750600.000000
104.583333	-0.109930	750800.000000
104.687500	-0.112268	751000.000000
104.791667	-0.114386	751200.000000
104.895833	-0.113871	751400.000000
105.000000	-0.111593	751600.000000
105.104167	-0.108762	751800.000000
105.208333	-0.105404	752000.000000
105.312500	-0.102272	752200.000000
105.416667	-0.101385	752400.000000
105.520833	-0.099277	752600.000000
105.625000	-0.097652	752800.000000
105.729167	-0.099614	753000.000000
105.833333	-0.102749	753200.000000
105.937500	-0.106146	753400.000000
106.041667	-0.108858	753600.000000
106.145833	-0.108845	753800.000000
106.250000	-0.107635	754000.000000
106.354167	-0.106817	754200.000000
106.458333	-0.106129	754400.000000
106.562500	-0.103740	754600.000000
106.666667	-0.102508	754800.000000
106.770833	-0.100510	755000.000000
106.875000	-0.098003	755200.000000
106.979167	-0.096261	755400.000000
107.083333	-0.097107	755600.000000
107.187500	-0.096780	755800.000000
107.291667	-0.097220	756000.000000
107.395833	-0.097901	756200.000000
107.500000	-0.100093	756400.000000
107.604167	-0.103157	756600.000000
107.708333	-0.106000	756800.000000
107.812500	-0.105669	757000.000000
107.916667	-0.104336	757200.000000
108.020833	-0.101972	757400.000000
108.125000	-0.098731	757600.000000
108.229167	-0.096620	757800.000000
108.333333	-0.094617	758000.000000
108.437500	-0.092783	758200.000000
108.541667	-0.091362	758400.000000
108.645833	-0.090431	758600.000000
108.750000	-0.089137	758800.000000
108.854167	-0.088716	759000.000000
108.958333	-0.086859	759200.000000
109.062500	-0.086277	759400.000000
109.166667	-0.088338	759600.000000
109.270833	-0.090839	759800.000000
109.375000	-0.092330	760000.000000
109.479167	-0.093677	760200.000000
109.583333	-0.093804	760400.000000
109.687500	-0.091987	760600.000000
109.791667	-0.090594	760800.000000
109.895833	-0.091890	761000.000000
110.000000	-0.095074	761200.000000
110.104167	-0.099136	761400.000000
110.208333	-0.102892	761600.000000
110.312500	-0.102608	761800.000000
110.416667	-0.100215	762000.000000
110.520833	-0.096254	762200.000000
110.625000	-0.090627	762400.000000
110.729167	-0.087044	762600.000000
110.833333	-0.086192	762800.000000
110.937500	-0.089469	763000.000000
111.041667	-0.095311	763200.000000
111.145833	-0.099670	763400.000000
111.250000	-0.101938	763600.000000
111.354167	-0.101515	763800.000000
111.458333	-0.100828	764000.000000
111.562500	-0.099759	764200.000000
111.666667	-0.101614	764400.000000
111.770833	-0.107245	764600.000000
111.875000	-0.112340	764800.000000
111.979167	-0.118910	765000.000000
112.083333	-0.125861	765200.000000
112.187500	-0.133811	765400.000000
112.291667	-0.141727	765600.000000
112.395833	-0.151626	765800.000000
112.500000	-0.161417	766000.000000
112.604167	-0.168593	766200.000000
112.708333	-0.169165	766400.000000
112.812500	-0.160731	766600.000000
112.916667	-0.143628	766800.000000
113.020833	-0.123480	767000.000000
113.125000	-0.101551	767200.000000
113.229167	-0.084473	767400.000000
113.333333	-0.071753	767600.000000
113.437500	-0.061111	767800.000000
113.541667	-0.051546	768000.000000
113.645833	-0.042794	768200.000000
113.750000	-0.037923	768400.000000
113.854167	-0.039062	768600.000000
113.958333	-0.048409	768800.000000
114.062500	-0.062724	769000.000000
114.166667	-0.079333	769200.000000
114.270833	-0.094285	769400.000000
114.375000	-0.103403	769600.000000
114.479167	-0.108404	769800.000000
114.583333	-0.109996	770000.000000
114.687500	-0.111440	770200.000000
114.791667	-0.112914	770400.000000
114.895833	-0.114680	770600.000000
115.000000	-0.115989	770800.000000
115.104167	-0.116893	771000.000000
115.208333	-0.117070	771200.000000
115.312500	-0.120952	771400.000000
115.416667	-0.124088	771600.000000
115.520833	-0.125792	771800.000000
115.625000	-0.125769	772000.000000
115.729167	-0.124306	772200.000000
115.833333	-0.121550	772400.000000
115.937500	-0.120979	772600.000000
116.041667	-0.119445	772800.000000
116.145833	-0.117607	773000.000000
116.250000	-0.115992	773200.000000
116.354167	-0.116698	773400.000000
116.458333	-0.118873	773600.000000
116.562500	-0.121064	773800.000000
116.666667	-0.123059	774000.000000
116.770833	-0.122890	774200.000000
116.875000	-0.120814	774400.000000
116.979167	-0.119156	774600.000000
117.083333	-0.118066	774800.000000
117.187500	-0.116376	775000.000000
117.291667	-0.114669	775200.000000
117.395833	-0.113941	775400.000000
117.500000	-0.111006	775600.000000
117.604167	-0.107896	775800.000000
117.708333	-0.105996	776000.000000
117.812500	-0.105437	776200.000000
117.916667	-0.106258	776400.000000
118.020833	-0.108228	776600.000000
118.125000	-0.111670	776800.000000
118.229167	-0.115494	777000.000000
118.333333	-0.119744	777200.000000
118.437500	-0.122851	777400.000000
118.541667	-0.124370	777600.000000
118.645833	-0.123603	777800.000000
118.750000	-0.123073	778000.000000
118.854167	-0.122784	778200.000000
118.958333	-0.123446	778400.000000
119.062500	-0.124861	778600.000000
119.166667	-0.125881	778800.000000
119.270833	-0.125190	779000.000000
119.375000	-0.121769	779200.000000
119.479167	-0.114925	779400.000000
119.583333	-0.106247	779600.000000
119.687500	-0.098780	779800.000000
119.791667	-0.093705	780000.000000
119.895833	-0.091342	780200.000000
120.000000	-0.092719	780400.000000
120.104167	-0.096620	780600.000000
120.208333	-0.099838	780800.000000
120.312500	-0.100883	781000.000000
120.416667	-0.099699	781200.000000
120.520833	-0.098735	781400.000000
120.625000	-0.098048	781600.000000
120.729167	-0.099289	781800.000000
120.833333	-0.101270	782000.000000
120.937500	-0.103456	782200.000000
121.041667	-0.105382	782400.000000
121.145833	-0.105086	782600.000000
121.250000	-0.102048	782800.000000
121.354167	-0.099420	783000.000000
121.458333	-0.095708	783200.000000
121.562500	-0.094712	783400.000000
121.666667	-0.094148	783600.000000
121.770833	-0.094639	783800.000000
121.875000	-0.094560	784000.000000
121.979167	-0.096652	784200.000000
122.083333	-0.097199	784400.000000
122.187500	-0.097425	784600.000000
122.291667	-0.095933	784800.000000
122.395833	-0.093919	785000.000000
122.500000	-0.091240	785200.000000
122.604167	-0.089050	785400.000000
122.708333	-0.086437	785600.000000
122.812500	-0.085246	785800.000000
122.916667	-0.084227	786000.000000
123.020833	-0.084055	786200.000000
123.125000	-0.083743	786400.000000
123.229167	-0.084058	786600.000000
123.333333	-0.084475	786800.000000
123.437500	-0.084880	787000.000000
123.541667	-0.085473	787200.000000
123.645833	-0.085894	787400.000000
123.750000	-0.087339	787600.000000
123.854167	-0.089203	787800.000000
123.958333	-0.092226	788000.000000
124.062500	-0.097030	788200.000000
124.166667	-0.099182	788400.000000
124.270833	-0.099322	788600.000000
124.375000	-0.099711	788800.000000
124.479167	-0.099612	789000.000000
124.583333	-0.099151	789200.000000
124.687500	-0.098641	789400.000000
124.791667	-0.100224	789600.000000
124.895833	-0.102108	789800.000000
125.000000	-0.103672	790000.000000
125.104167	-0.105600	790200.000000
125.208333	-0.106284	790400.000000
125.312500	-0.105676	790600.000000
125.416667	-0.105625	790800.000000
125.520833	-0.106842	791000.000000
125.625000	-0.109441	791200.000000
125.729167	-0.113371	791400.000000
125.833333	-0.115947	791600.000000
125.937500	-0.116164	791800.000000
126.041667	-0.115891	792000.000000
126.145833	-0.114541	792200.000000
126.250000	-0.112669	792400.000000
126.354167	-0.112128	792600.000000
126.458333	-0.111931	792800.000000
126.562500	-0.111445	793000.000000
126.666667	-0.111623	793200.000000
126.770833	-0.108072	793400.000000
126.875000	-0.104156	793600.000000
126.979167	-0.100943	793800.000000
127.083333	-0.099735	794000.000000
127.187500	-0.101959	794200.000000
127.291667	-0.107172	794400.000000
127.395833	-0.112412	794600.000000
127.500000	-0.116909	794800.000000
127.604167	-0.118863	795000.000000
127.708333	-0.118169	795200.000000
127.812500	-0.114988	795400.000000
127.916667	-0.112030	795600.000000
128.020833	-0.110489	795800.000000
128.125000	-0.109582	796000.000000
128.229167	-0.109086	796200.000000
128.333333	-0.108759	796400.000000
128.437500	-0.107062	796600.000000
128.541667	-0.102725	796800.000000
128.645833	-0.096823	797000.000000
128.750000	-0.090306	797200.000000
128.854167	-0.085820	797400.000000
128.958333	-0.085451	797600.000000
129.062500	-0.088599	797800.000000
129.166667	-0.093839	798000.000000
129.270833	-0.097358	798200.000000
129.375000	-0.098679	798400.000000
129.479167	-0.099006	798600.000000
129.583333	-0.097510	798800.000000
129.687500	-0.095307	799000.000000
129.791667	-0.096477	799200.000000
129.895833	-0.100574	799400.000000
130.000000	-0.105219	799600.000000
130.104167	-0.110990	799800.000000
130.208333	-0.115172	800000.000000
