0.000000	-0.094219	550000.000000
0.104167	-0.094539	550200.000000
0.208333	-0.093079	550400.000000
0.312500	-0.094138	550600.000000
0.416667	-0.093646	550800.000000
0.520833	-0.094096	551000.000000
0.625000	-0.094254	551200.000000
0.729167	-0.093938	551400.000000
0.833333	-0.094311	551600.000000
0.937500	-0.093952	551800.000000
1.041667	-0.093545	552000.000000
1.145833	-0.093716	552200.000000
1.250000	-0.094047	552400.000000
1.354167	-0.094298	552600.000000
1.458333	-0.093468	552800.000000
1.562500	-0.093992	553000.000000
1.666667	-0.093998	553200.000000
1.770833	-0.093505	553400.000000
1.875000	-0.093625	553600.000000
1.979167	-0.093887	553800.000000
2.083333	-0.094764	554000.000000
2.187500	-0.094961	554200.000000
2.291667	-0.094903	554400.000000
2.395833	-0.094934	554600.000000
2.500000	-0.094435	554800.000000
2.604167	-0.094355	555000.000000
2.708333	-0.094135	555200.000000
2.812500	-0.093799	555400.000000
2.916667	-0.094800	555600.000000
3.020833	-0.094893	555800.000000
3.125000	-0.094583	556000.000000
3.229167	-0.094596	556200.000000
3.333333	-0.095381	556400.000000
3.437500	-0.095071	556600.000000
3.541667	-0.093884	556800.000000
3.645833	-0.094377	557000.000000
3.750000	-0.095303	557200.000000
3.854167	-0.094816	557400.000000
3.958333	-0.094431	557600.000000
4.062500	-0.094396	557800.000000
4.166667	-0.093985	558000.000000
4.270833	-0.094544	558200.000000
4.375000	-0.094836	558400.000000
4.479167	-0.094121	558600.000000
4.583333	-0.094147	558800.000000
4.687500	-0.094711	559000.000000
4.791667	-0.094238	559200.000000
4.895833	-0.093998	559400.000000
5.000000	-0.095008	559600.000000
5.104167	-0.094523	559800.000000
5.208333	-0.094854	560000.000000
5.312500	-0.094785	560200.000000
5.416667	-0.094980	560400.000000
5.520833	-0.094533	560600.000000
5.625000	-0.095129	560800.000000
5.729167	-0.094580	561000.000000
5.833333	-0.094605	561200.000000
5.937500	-0.095059	561400.000000
6.041667	-0.093885	561600.000000
6.145833	-0.094649	561800.000000
6.250000	-0.095063	562000.000000
6.354167	-0.095178	562200.000000
6.458333	-0.094864	562400.000000
6.562500	-0.094446	562600.000000
6.666667	-0.093902	562800.000000
6.770833	-0.094719	563000.000000
6.875000	-0.094159	563200.000000
6.979167	-0.094452	563400.000000
7.083333	-0.094663	563600.000000
7.187500	-0.094680	563800.000000
7.291667	-0.094375	564000.000000
7.395833	-0.094655	564200.000000
7.500000	-0.094125	564400.000000
7.604167	-0.094537	564600.000000
7.708333	-0.094745	564800.000000
7.812500	-0.094969	565000.000000
7.916667	-0.094559	565200.000000
8.020833	-0.095349	565400.000000
8.125000	-0.095530	565600.000000
8.229167	-0.094820	565800.000000
8.333333	-0.094538	566000.000000
8.437500	-0.094190	566200.000000
8.541667	-0.093515	566400.000000
8.645833	-0.094443	566600.000000
8.750000	-0.095257	566800.000000
8.854167	-0.094348	567000.000000
8.958333	-0.094734	567200.000000
9.062500	-0.094783	567400.000000
9.166667	-0.095017	567600.000000
9.270833	-0.094714	567800.000000
9.375000	-0.094193	568000.000000
9.479167	-0.095189	568200.000000
9.583333	-0.094967	568400.000000
9.687500	-0.095451	568600.000000
9.791667	-0.094570	568800.000000
9.895833	-0.094368	569000.000000
10.000000	-0.094998	569200.000000
10.104167	-0.094541	569400.000000
10.208333	-0.094852	569600.000000
10.312500	-0.095358	569800.000000
10.416667	-0.094620	570000.000000
10.520833	-0.094960	570200.000000
10.625000	-0.095015	570400.000000
10.729167	-0.095475	570600.000000
10.833333	-0.094624	570800.000000
10.937500	-0.094988	571000.000000
11.041667	-0.095605	571200.000000
11.145833	-0.094718	571400.000000
11.250000	-0.094355	571600.000000
11.354167	-0.094801	571800.000000
11.458333	-0.094979	572000.000000
11.562500	-0.095121	572200.000000
11.666667	-0.094793	572400.000000
11.770833	-0.094731	572600.000000
11.875000	-0.095634	572800.000000
11.979167	-0.094889	573000.000000
12.083333	-0.094476	573200.000000
12.187500	-0.094942	573400.000000
12.291667	-0.095738	573600.000000
12.395833	-0.095321	573800.000000
12.500000	-0.094630	574000.000000
12.604167	-0.094484	574200.000000
12.708333	-0.095179	574400.000000
12.812500	-0.095012	574600.000000
12.916667	-0.095272	574800.000000
13.020833	-0.094671	575000.000000
13.125000	-0.094880	575200.000000
13.229167	-0.094635	575400.000000
13.333333	-0.094930	575600.000000
13.437500	-0.095521	575800.000000
13.541667	-0.095739	576000.000000
13.645833	-0.095059	576200.000000
13.750000	-0.094604	576400.000000
13.854167	-0.094785	576600.000000
13.958333	-0.095142	576800.000000
14.062500	-0.094520	577000.000000
14.166667	-0.094850	577200.000000
14.270833	-0.095013	577400.000000
14.375000	-0.095087	577600.000000
14.479167	-0.095463	577800.000000
14.583333	-0.095417	578000.000000
14.687500	-0.095056	578200.000000
14.791667	-0.094777	578400.000000
14.895833	-0.094889	578600.000000
15.000000	-0.095112	578800.000000
15.104167	-0.094827	579000.000000
15.208333	-0.095059	579200.000000
15.312500	-0.094283	579400.000000
15.416667	-0.095004	579600.000000
15.520833	-0.094922	579800.000000
15.625000	-0.094694	580000.000000
15.729167	-0.094835	580200.000000
15.833333	-0.094285	580400.000000
15.937500	-0.095041	580600.000000
16.041667	-0.094328	580800.000000
16.145833	-0.094307	581000.000000
16.250000	-0.095078	581200.000000
16.354167	-0.095330	581400.000000
16.458333	-0.095649	581600.000000
16.562500	-0.095395	581800.000000
16.666667	-0.095316	582000.000000
16.770833	-0.095019	582200.000000
16.875000	-0.095641	582400.000000
16.979167	-0.095141	582600.000000
17.083333	-0.094636	582800.000000
17.187500	-0.095495	583000.000000
17.291667	-0.094646	583200.000000
17.395833	-0.094335	583400.000000
17.500000	-0.094469	583600.000000
17.604167	-0.095072	583800.000000
17.708333	-0.094297	584000.000000
17.812500	-0.094769	584200.000000
17.916667	-0.095035	584400.000000
18.020833	-0.094795	584600.000000
18.125000	-0.094523	584800.000000
18.229167	-0.094719	585000.000000
18.333333	-0.094628	585200.000000
18.437500	-0.095300	585400.000000
18.541667	-0.094761	585600.000000
18.645833	-0.094919	585800.000000
18.750000	-0.095584	586000.000000
18.854167	-0.095152	586200.000000
18.958333	-0.095868	586400.000000
19.062500	-0.095453	586600.000000
19.166667	-0.095508	586800.000000
19.270833	-0.094481	587000.000000
19.375000	-0.095304	587200.000000
19.479167	-0.094976	587400.000000
19.583333	-0.094681	587600.000000
19.687500	-0.094485	587800.000000
19.791667	-0.095211	588000.000000
19.895833	-0.094717	588200.000000
20.000000	-0.094747	588400.000000
20.104167	-0.094873	588600.000000
20.208333	-0.095021	588800.000000
20.312500	-0.094511	589000.000000
20.416667	-0.094550	589200.000000
20.520833	-0.094215	589400.000000
20.625000	-0.094932	589600.000000
20.729167	-0.095072	589800.000000
20.833333	-0.094199	590000.000000
20.937500	-0.094411	590200.000000
21.041667	-0.094627	590400.000000
21.145833	-0.093824	590600.000000
21.250000	-0.093946	590800.000000
21.354167	-0.093910	591000.000000
21.458333	-0.093670	591200.000000
21.562500	-0.093364	591400.000000
21.666667	-0.093265	591600.000000
21.770833	-0.093322	591800.000000
21.875000	-0.092794	592000.000000
21.979167	-0.092646	592200.000000
22.083333	-0.092759	592400.000000
22.187500	-0.092613	592600.000000
22.291667	-0.092991	592800.000000
22.395833	-0.092251	593000.000000
22.500000	-0.091710	593200.000000
22.604167	-0.091214	593400.000000
22.708333	-0.090554	593600.000000
22.812500	-0.090320	593800.000000
22.916667	-0.090274	594000.000000
23.020833	-0.089049	594200.000000
23.125000	-0.088738	594400.000000
23.229167	-0.088334	594600.000000
23.333333	-0.088349	594800.000000
23.437500	-0.087533	595000.000000
23.541667	-0.087876	595200.000000
23.645833	-0.088020	595400.000000
23.750000	-0.088915	595600.000000
23.854167	-0.090597	595800.000000
23.958333	-0.093771	596000.000000
24.062500	-0.101636	596200.000000
24.166667	-0.117279	596400.000000
24.270833	-0.140824	596600.000000
24.375000	-0.166651	596800.000000
24.479167	-0.183161	597000.000000
24.583333	-0.177617	597200.000000
24.687500	-0.149852	597400.000000
24.791667	-0.113459	597600.000000
24.895833	-0.084128	597800.000000
25.000000	-0.069680	598000.000000
25.104167	-0.067558	598200.000000
25.208333	-0.071220	598400.000000
25.312500	-0.076681	598600.000000
25.416667	-0.081793	598800.000000
25.520833	-0.085634	599000.000000
25.625000	-0.086389	599200.000000
25.729167	-0.086488	599400.000000
25.833333	-0.085704	599600.000000
25.937500	-0.085256	599800.000000
26.041667	-0.083234	600000.000000
26.145833	-0.078737	600200.000000
26.250000	-0.076560	600400.000000
26.354167	-0.078602	600600.000000
26.458333	-0.086023	600800.000000
26.562500	-0.091881	601000.000000
26.666667	-0.094414	601200.000000
26.770833	-0.092043	601400.000000
26.875000	-0.088967	601600.000000
26.979167	-0.087364	601800.000000
27.083333	-0.086743	602000.000000
27.187500	-0.087288	602200.000000
27.291667	-0.088073	602400.000000
27.395833	-0.089422	602600.000000
27.500000	-0.091741	602800.000000
27.604167	-0.094535	603000.000000
27.708333	-0.095685	603200.000000
27.812500	-0.095540	603400.000000
27.916667	-0.091762	603600.000000
28.020833	-0.088929	603800.000000
28.125000	-0.089384	604000.000000
28.229167	-0.092022	604200.000000
28.333333	-0.096794	604400.000000
28.437500	-0.099728	604600.000000
28.541667	-0.098903	604800.000000
28.645833	-0.095794	605000.000000
28.750000	-0.093656	605200.000000
28.854167	-0.094624	605400.000000
28.958333	-0.097143	605600.000000
29.062500	-0.097780	605800.000000
29.166667	-0.098768	606000.000000
29.270833	-0.096498	606200.000000
29.375000	-0.095746	606400.000000
29.479167	-0.094775	606600.000000
29.583333	-0.093835	606800.000000
29.687500	-0.092779	607000.000000
29.791667	-0.092850	607200.000000
29.895833	-0.092374	607400.000000
30.000000	-0.093513	607600.000000
30.104167	-0.095054	607800.000000
30.208333	-0.095439	608000.000000
30.312500	-0.095567	608200.000000
30.416667	-0.096138	608400.000000
30.520833	-0.096732	608600.000000
30.625000	-0.096328	608800.000000
30.729167	-0.094987	609000.000000
30.833333	-0.094145	609200.000000
30.937500	-0.093331	609400.000000
31.041667	-0.094428	609600.000000
31.145833	-0.095455	609800.000000
31.250000	-0.096763	610000.000000
31.354167	-0.095748	610200.000000
31.458333	-0.096088	610400.000000
31.562500	-0.094642	610600.000000
31.666667	-0.094425	610800.000000
31.770833	-0.095248	611000.000000
31.875000	-0.095319	611200.000000
31.979167	-0.097096	611400.000000
32.083333	-0.098121	611600.000000
32.187500	-0.097628	611800.000000
32.291667	-0.097194	612000.000000
32.395833	-0.096264	612200.000000
32.500000	-0.096013	612400.000000
32.604167	-0.096614	612600.000000
32.708333	-0.097316	612800.000000
32.812500	-0.096783	613000.000000
32.916667	-0.095859	613200.000000
33.020833	-0.095474	613400.000000
33.125000	-0.095565	613600.000000
33.229167	-0.096302	613800.000000
33.333333	-0.095598	614000.000000
33.437500	-0.093881	614200.000000
33.541667	-0.091934	614400.000000
33.645833	-0.091767	614600.000000
33.750000	-0.091167	614800.000000
33.854167	-0.092375	615000.000000
33.958333	-0.095224	615200.000000
34.062500	-0.097369	615400.000000
34.166667	-0.096813	615600.000000
34.270833	-0.096812	615800.000000
34.375000	-0.094991	616000.000000
34.479167	-0.094345	616200.000000
34.583333	-0.094078	616400.000000
34.687500	-0.093625	616600.000000
34.791667	-0.092943	616800.000000
34.895833	-0.094952	617000.000000
35.000000	-0.094992	617200.000000
35.104167	-0.096014	617400.000000
35.208333	-0.095795	617600.000000
35.312500	-0.094699	617800.000000
35.416667	-0.094428	618000.000000
35.520833	-0.095564	618200.000000
35.625000	-0.096501	618400.000000
35.729167	-0.097432	618600.000000
35.833333	-0.097796	618800.000000
35.937500	-0.098687	619000.000000
36.041667	-0.100247	619200.000000
36.145833	-0.100669	619400.000000
36.250000	-0.099003	619600.000000
36.354167	-0.097022	619800.000000
36.458333	-0.094734	620000.000000
36.562500	-0.093685	620200.000000
36.666667	-0.094806	620400.000000
36.770833	-0.097463	620600.000000
36.875000	-0.098909	620800.000000
36.979167	-0.098596	621000.000000
37.083333	-0.096660	621200.000000
37.187500	-0.094070	621400.000000
37.291667	-0.092419	621600.000000
37.395833	-0.091933	621800.000000
37.500000	-0.095034	622000.000000
37.604167	-0.095724	622200.000000
37.708333	-0.097162	622400.000000
37.812500	-0.096107	622600.000000
37.916667	-0.096109	622800.000000
38.020833	-0.095374	623000.000000
38.125000	-0.095030	623200.000000
38.229167	-0.094775	623400.000000
38.333333	-0.094852	623600.000000
38.437500	-0.094713	623800.000000
38.541667	-0.096716	624000.000000
38.645833	-0.098407	624200.000000
38.750000	-0.097701	624400.000000
38.854167	-0.095759	624600.000000
38.958333	-0.093969	624800.000000
39.062500	-0.092873	625000.000000
39.166667	-0.094404	625200.000000
39.270833	-0.097060	625400.000000
39.375000	-0.097950	625600.000000
39.479167	-0.097978	625800.000000
39.583333	-0.098652	626000.000000
39.687500	-0.098923	626200.000000
39.791667	-0.098151	626400.000000
39.895833	-0.096298	626600.000000
40.000000	-0.093210	626800.000000
40.104167	-0.093379	627000.000000
40.208333	-0.094055	627200.000000
40.312500	-0.095482	627400.000000
40.416667	-0.098322	627600.000000
40.520833	-0.097457	627800.000000
40.625000	-0.094694	628000.000000
40.729167	-0.092164	628200.000000
40.833333	-0.092457	628400.000000
40.937500	-0.094312	628600.000000
41.041667	-0.096724	628800.000000
41.145833	-0.098998	629000.000000
41.250000	-0.099850	629200.000000
41.354167	-0.099024	629400.000000
41.458333	-0.097421	629600.000000
41.562500	-0.095483	629800.000000
41.666667	-0.094075	630000.000000
41.770833	-0.093870	630200.000000
41.875000	-0.095135	630400.000000
41.979167	-0.095815	630600.000000
42.083333	-0.096545	630800.000000
42.187500	-0.096734	631000.000000
42.291667	-0.096592	631200.000000
42.395833	-0.095793	631400.000000
42.500000	-0.094353	631600.000000
42.604167	-0.092738	631800.000000
42.708333	-0.093459	632000.000000
42.812500	-0.095032	632200.000000
42.916667	-0.095616	632400.000000
43.020833	-0.097394	632600.000000
43.125000	-0.097759	632800.000000
43.229167	-0.096763	633000.000000
43.333333	-0.097521	633200.000000
43.437500	-0.096470	633400.000000
43.541667	-0.095862	633600.000000
43.645833	-0.095226	633800.000000
43.750000	-0.095022	634000.000000
43.854167	-0.096723	634200.000000
43.958333	-0.096414	634400.000000
44.062500	-0.096935	634600.000000
44.166667	-0.095233	634800.000000
44.270833	-0.093699	635000.000000
44.375000	-0.092946	635200.000000
44.479167	-0.093248	635400.000000
44.583333	-0.094681	635600.000000
44.687500	-0.096342	635800.000000
44.791667	-0.095486	636000.000000
44.895833	-0.097084	636200.000000
45.000000	-0.096899	636400.000000
45.104167	-0.096359	636600.000000
45.208333	-0.095779	636800.000000
45.312500	-0.095769	637000.000000
45.416667	-0.096292	637200.000000
45.520833	-0.095960	637400.000000
45.625000	-0.095811	637600.000000
45.729167	-0.095192	637800.000000
45.833333	-0.094629	638000.000000
45.937500	-0.094627	638200.000000
46.041667	-0.094929	638400.000000
46.145833	-0.096361	638600.000000
46.250000	-0.096663	638800.000000
46.354167	-0.096626	639000.000000
46.458333	-0.095912	639200.000000
46.562500	-0.096626	639400.000000
46.666667	-0.095679	639600.000000
46.770833	-0.096401	639800.000000
46.875000	-0.095896	640000.000000
46.979167	-0.095218	640200.000000
47.083333	-0.095297	640400.000000
47.187500	-0.095748	640600.000000
47.291667	-0.096679	640800.000000
47.395833	-0.096419	641000.000000
47.500000	-0.096076	641200.000000
47.604167	-0.095351	641400.000000
47.708333	-0.094695	641600.000000
47.812500	-0.095036	641800.000000
47.916667	-0.095644	642000.000000
48.020833	-0.095359	642200.000000
48.125000	-0.096252	642400.000000
48.229167	-0.096338	642600.000000
48.333333	-0.095697	642800.000000
48.437500	-0.096152	643000.000000
48.541667	-0.095572	643200.000000
48.645833	-0.097447	643400.000000
48.750000	-0.096767	643600.000000
48.854167	-0.097089	643800.000000
48.958333	-0.097751	644000.000000
49.062500	-0.096891	644200.000000
49.166667	-0.096468	644400.000000
49.270833	-0.095611	644600.000000
49.375000	-0.094320	644800.000000
49.479167	-0.093786	645000.000000
49.583333	-0.093969	645200.000000
49.687500	-0.095592	645400.000000
49.791667	-0.096566	645600.000000
49.895833	-0.096311	645800.000000
50.000000	-0.095622	646000.000000
50.104167	-0.095179	646200.000000
50.208333	-0.096195	646400.000000
50.312500	-0.097731	646600.000000
50.416667	-0.097807	646800.000000
50.520833	-0.097658	647000.000000
50.625000	-0.097398	647200.000000
50.729167	-0.096684	647400.000000
50.833333	-0.095413	647600.000000
50.937500	-0.095343	647800.000000
51.041667	-0.095219	648000.000000
51.145833	-0.094404	648200.000000
51.250000	-0.095121	648400.000000
51.354167	-0.096155	648600.000000
51.458333	-0.096478	648800.000000
51.562500	-0.097104	649000.000000
51.666667	-0.096445	649200.000000
51.770833	-0.095374	649400.000000
51.875000	-0.095178	649600.000000
51.979167	-0.095256	649800.000000
52.083333	-0.095813	650000.000000
52.187500	-0.097291	650200.000000
52.291667	-0.097884	650400.000000
52.395833	-0.097389	650600.000000
52.500000	-0.098071	650800.000000
52.604167	-0.097249	651000.000000
52.708333	-0.096383	651200.000000
52.812500	-0.094916	651400.000000
52.916667	-0.095029	651600.000000
53.020833	-0.095936	651800.000000
53.125000	-0.098228	652000.000000
53.229167	-0.097787	652200.000000
53.333333	-0.096911	652400.000000
53.437500	-0.096373	652600.000000
53.541667	-0.096080	652800.000000
53.645833	-0.096092	653000.000000
53.750000	-0.095928	653200.000000
53.854167	-0.096965	653400.000000
53.958333	-0.098024	653600.000000
54.062500	-0.097484	653800.000000
54.166667	-0.097812	654000.000000
54.270833	-0.097777	654200.000000
54.375000	-0.098106	654400.000000
54.479167	-0.096313	654600.000000
54.583333	-0.095582	654800.000000
54.687500	-0.095563	655000.000000
54.791667	-0.095671	655200.000000
54.895833	-0.095423	655400.000000
55.000000	-0.095529	655600.000000
55.104167	-0.095596	655800.000000
55.208333	-0.095606	656000.000000
55.312500	-0.096735	656200.000000
55.416667	-0.096392	656400.000000
55.520833	-0.096372	656600.000000
55.625000	-0.096914	656800.000000
55.729167	-0.097438	657000.000000
55.833333	-0.096847	657200.000000
55.937500	-0.097283	657400.000000
56.041667	-0.097670	657600.000000
56.145833	-0.096620	657800.000000
56.250000	-0.096105	658000.000000
56.354167	-0.096146	658200.000000
56.458333	-0.095885	658400.000000
56.562500	-0.096147	658600.000000
56.666667	-0.095248	658800.000000
56.770833	-0.095258	659000.000000
56.875000	-0.096525	659200.000000
56.979167	-0.096311	659400.000000
57.083333	-0.096186	659600.000000
57.187500	-0.096533	659800.000000
57.291667	-0.096764	660000.000000
57.395833	-0.096683	660200.000000
57.500000	-0.096826	660400.000000
57.604167	-0.096567	660600.000000
57.708333	-0.095379	660800.000000
57.812500	-0.095672	661000.000000
57.916667	-0.096418	661200.000000
58.020833	-0.096870	661400.000000
58.125000	-0.097530	661600.000000
58.229167	-0.096936	661800.000000
58.333333	-0.095424	662000.000000
58.437500	-0.095690	662200.000000
58.541667	-0.096693	662400.000000
58.645833	-0.096257	662600.000000
58.750000	-0.096152	662800.000000
58.854167	-0.096757	663000.000000
58.958333	-0.096617	663200.000000
59.062500	-0.096541	663400.000000
59.166667	-0.096426	663600.000000
59.270833	-0.096139	663800.000000
59.375000	-0.097227	664000.000000
59.479167	-0.097045	664200.000000
59.583333	-0.096838	664400.000000
59.687500	-0.098139	664600.000000
59.791667	-0.097402	664800.000000
59.895833	-0.096230	665000.000000
60.000000	-0.095355	665200.000000
60.104167	-0.094469	665400.000000
60.208333	-0.094475	665600.000000
60.312500	-0.095269	665800.000000
60.416667	-0.096088	666000.000000
60.520833	-0.096100	666200.000000
60.625000	-0.096809	666400.000000
60.729167	-0.095778	666600.000000
60.833333	-0.096257	666800.000000
60.937500	-0.096176	667000.000000
61.041667	-0.096891	667200.000000
61.145833	-0.096644	667400.000000
61.250000	-0.097045	667600.000000
61.354167	-0.097240	667800.000000
61.458333	-0.096162	668000.000000
61.562500	-0.096635	668200.000000
61.666667	-0.096805	668400.000000
61.770833	-0.096347	668600.000000
61.875000	-0.095433	668800.000000
61.979167	-0.095435	669000.000000
62.083333	-0.095560	669200.000000
62.187500	-0.097171	669400.000000
62.291667	-0.097142	669600.000000
62.395833	-0.096912	669800.000000
62.500000	-0.097087	670000.000000
62.604167	-0.096971	670200.000000
62.708333	-0.095723	670400.000000
62.812500	-0.096572	670600.000000
62.916667	-0.096333	670800.000000
63.020833	-0.096168	671000.000000
63.125000	-0.097138	671200.000000
63.229167	-0.097467	671400.000000
63.333333	-0.097109	671600.000000
63.437500	-0.097253	671800.000000
63.541667	-0.097180	672000.000000
63.645833	-0.096402	672200.000000
63.750000	-0.096118	672400.000000
63.854167	-0.096598	672600.000000
63.958333	-0.096553	672800.000000
64.062500	-0.095411	673000.000000
64.166667	-0.096411	673200.000000
64.270833	-0.096142	673400.000000
64.375000	-0.096224	673600.000000
64.479167	-0.096621	673800.000000
64.583333	-0.096849	674000.000000
64.687500	-0.096566	674200.000000
64.791667	-0.096250	674400.000000
64.895833	-0.096146	674600.000000
65.000000	-0.096471	674800.000000
65.104167	-0.096762	675000.000000
65.208333	-0.096823	675200.000000
65.312500	-0.096751	675400.000000
65.416667	-0.096976	675600.000000
65.520833	-0.096432	675800.000000
65.625000	-0.096219	676000.000000
65.729167	-0.095373	676200.000000
65.833333	-0.095715	676400.000000
65.937500	-0.096561	676600.000000
66.041667	-0.096956	676800.000000
66.145833	-0.097033	677000.000000
66.250000	-0.096739	677200.000000
66.354167	-0.097165	677400.000000
66.458333	-0.097634	677600.000000
66.562500	-0.096914	677800.000000
66.666667	-0.096229	678000.000000
66.770833	-0.096080	678200.000000
66.875000	-0.096322	678400.000000
66.979167	-0.096363	678600.000000
67.083333	-0.097053	678800.000000
67.187500	-0.095880	679000.000000
67.291667	-0.096688	679200.000000
67.395833	-0.095821	679400.000000
67.500000	-0.095519	679600.000000
67.604167	-0.096250	679800.000000
67.708333	-0.096434	680000.000000
67.812500	-0.095951	680200.000000
67.916667	-0.096664	680400.000000
68.020833	-0.096678	680600.000000
68.125000	-0.096893	680800.000000
68.229167	-0.096293	681000.000000
68.333333	-0.095682	681200.000000
68.437500	-0.095600	681400.000000
68.541667	-0.096484	681600.000000
68.645833	-0.097153	681800.000000
68.750000	-0.097449	682000.000000
68.854167	-0.097642	682200.000000
68.958333	-0.096438	682400.000000
69.062500	-0.095708	682600.000000
69.166667	-0.095677	682800.000000
69.270833	-0.096590	683000.000000
69.375000	-0.096117	683200.000000
69.479167	-0.096556	683400.000000
69.583333	-0.096899	683600.000000
69.687500	-0.097172	683800.000000
69.791667	-0.097784	684000.000000
69.895833	-0.096946	684200.000000
70.000000	-0.096234	684400.000000
70.104167	-0.096178	684600.000000
70.208333	-0.097174	684800.000000
70.312500	-0.098058	685000.000000
70.416667	-0.097864	685200.000000
70.520833	-0.097877	685400.000000
70.625000	-0.097079	685600.000000
70.729167	-0.096350	685800.000000
70.833333	-0.096464	686000.000000
70.937500	-0.096039	686200.000000
71.041667	-0.096463	686400.000000
71.145833	-0.096392	686600.000000
71.250000	-0.096751	686800.000000
71.354167	-0.097528	687000.000000
71.458333	-0.097908	687200.000000
71.562500	-0.097979	687400.000000
71.666667	-0.097807	687600.000000
71.770833	-0.097286	687800.000000
71.875000	-0.097049	688000.000000
71.979167	-0.097177	688200.000000
72.083333	-0.097544	688400.000000
72.187500	-0.097637	688600.000000
72.291667	-0.097306	688800.000000
72.395833	-0.096189	689000.000000
72.500000	-0.096688	689200.000000
72.604167	-0.096008	689400.000000
72.708333	-0.096447	689600.000000
72.812500	-0.097086	689800.000000
72.916667	-0.097274	690000.000000
73.020833	-0.095824	690200.000000
73.125000	-0.095890	690400.000000
73.229167	-0.095809	690600.000000
73.333333	-0.095737	690800.000000
73.437500	-0.096112	691000.000000
73.541667	-0.096392	691200.000000
73.645833	-0.096526	691400.000000
73.750000	-0.096137	691600.000000
73.854167	-0.096667	691800.000000
73.958333	-0.095962	692000.000000
74.062500	-0.096243	692200.000000
74.166667	-0.095233	692400.000000
74.270833	-0.096150	692600.000000
74.375000	-0.096177	692800.000000
74.479167	-0.096289	693000.000000
74.583333	-0.095403	693200.000000
74.687500	-0.095568	693400.000000
74.791667	-0.095204	693600.000000
74.895833	-0.095265	693800.000000
75.000000	-0.095008	694000.000000
75.104167	-0.096537	694200.000000
75.208333	-0.097649	694400.000000
75.312500	-0.097130	694600.000000
75.416667	-0.096990	694800.000000
75.520833	-0.097207	695000.000000
75.625000	-0.096820	695200.000000
75.729167	-0.096461	695400.000000
75.833333	-0.097644	695600.000000
75.937500	-0.097195	695800.000000
76.041667	-0.097231	696000.000000
76.145833	-0.096891	696200.000000
76.250000	-0.096254	696400.000000
76.354167	-0.095896	696600.000000
76.458333	-0.095703	696800.000000
76.562500	-0.095234	697000.000000
76.666667	-0.095672	697200.000000
76.770833	-0.096709	697400.000000
76.875000	-0.096194	697600.000000
76.979167	-0.096559	697800.000000
77.083333	-0.097400	698000.000000
77.187500	-0.097350	698200.000000
77.291667	-0.095874	698400.000000
77.395833	-0.095967	698600.000000
77.500000	-0.095521	698800.000000
77.604167	-0.096375	699000.000000
77.708333	-0.097195	699200.000000
77.812500	-0.096861	699400.000000
77.916667	-0.097163	699600.000000
78.020833	-0.096129	699800.000000
78.125000	-0.095799	700000.000000
78.229167	-0.096049	700200.000000
78.333333	-0.095131	700400.000000
78.437500	-0.096500	700600.000000
78.541667	-0.097132	700800.000000
78.645833	-0.097614	701000.000000
78.750000	-0.096748	701200.000000
78.854167	-0.096913	701400.000000
78.958333	-0.096163	701600.000000
79.062500	-0.095689	701800.000000
79.166667	-0.095833	702000.000000
79.270833	-0.096418	702200.000000
79.375000	-0.096325	702400.000000
79.479167	-0.096496	702600.000000
79.583333	-0.096554	702800.000000
79.687500	-0.097087	703000.000000
79.791667	-0.096470	703200.000000
79.895833	-0.096387	703400.000000
80.000000	-0.095861	703600.000000
80.104167	-0.096029	703800.000000
80.208333	-0.095563	704000.000000
80.312500	-0.096070	704200.000000
80.416667	-0.096654	704400.000000
80.520833	-0.097543	704600.000000
80.625000	-0.096782	704800.000000
80.729167	-0.096943	705000.000000
80.833333	-0.097323	705200.000000
80.937500	-0.096196	705400.000000
81.041667	-0.096786	705600.000000
81.145833	-0.096389	705800.000000
81.250000	-0.096633	706000.000000
81.354167	-0.096295	706200.000000
81.458333	-0.096238	706400.000000
81.562500	-0.096283	706600.000000
81.666667	-0.096487	706800.000000
81.770833	-0.096259	707000.000000
81.875000	-0.096158	707200.000000
81.979167	-0.095925	707400.000000
82.083333	-0.095355	707600.000000
82.187500	-0.096815	707800.000000
82.291667	-0.097668	708000.000000
82.395833	-0.097526	708200.000000
82.500000	-0.097723	708400.000000
82.604167	-0.096917	708600.000000
82.708333	-0.097845	708800.000000
82.812500	-0.097529	709000.000000
82.916667	-0.096553	709200.000000
83.020833	-0.096719	709400.000000
83.125000	-0.096510	709600.000000
83.229167	-0.097206	709800.000000
83.333333	-0.097075	710000.000000
83.437500	-0.097394	710200.000000
83.541667	-0.097258	710400.000000
83.645833	-0.097831	710600.000000
83.750000	-0.096411	710800.000000
83.854167	-0.096865	711000.000000
83.958333	-0.096419	711200.000000
84.062500	-0.096414	711400.000000
84.166667	-0.097649	711600.000000
84.270833	-0.097521	711800.000000
84.375000	-0.097740	712000.000000
84.479167	-0.097091	712200.000000
84.583333	-0.097197	712400.000000
84.687500	-0.097132	712600.000000
84.791667	-0.097486	712800.000000
84.895833	-0.097513	713000.000000
85.000000	-0.097751	713200.000000
85.104167	-0.096984	713400.000000
85.208333	-0.097175	713600.000000
85.312500	-0.096765	713800.000000
85.416667	-0.096419	714000.000000
85.520833	-0.097623	714200.000000
85.625000	-0.096905	714400.000000
85.729167	-0.096523	714600.000000
85.833333	-0.097471	714800.000000
85.937500	-0.097712	715000.000000
86.041667	-0.097208	715200.000000
86.145833	-0.097712	715400.000000
86.250000	-0.096979	715600.000000
86.354167	-0.096358	715800.000000
86.458333	-0.096991	716000.000000
86.562500	-0.097450	716200.000000
86.666667	-0.097487	716400.000000
86.770833	-0.097181	716600.000000
86.875000	-0.096567	716800.000000
86.979167	-0.096583	717000.000000
87.083333	-0.096953	717200.000000
87.187500	-0.097201	717400.000000
87.291667	-0.096295	717600.000000
87.395833	-0.096724	717800.000000
87.500000	-0.097286	718000.000000
87.604167	-0.096924	718200.000000
87.708333	-0.097345	718400.000000
87.812500	-0.097705	718600.000000
87.916667	-0.097308	718800.000000
88.020833	-0.097708	719000.000000
88.125000	-0.097205	719200.000000
88.229167	-0.097431	719400.000000
88.333333	-0.097587	719600.000000
88.437500	-0.097748	719800.000000
88.541667	-0.097153	720000.000000
88.645833	-0.097130	720200.000000
88.750000	-0.097674	720400.000000
88.854167	-0.097610	720600.000000
88.958333	-0.098356	720800.000000
89.062500	-0.098025	721000.000000
89.166667	-0.098201	721200.000000
89.270833	-0.097916	721400.000000
89.375000	-0.097310	721600.000000
89.479167	-0.097034	721800.000000
89.583333	-0.097083	722000.000000
89.687500	-0.097853	722200.000000
89.791667	-0.098067	722400.000000
89.895833	-0.098428	722600.000000
90.000000	-0.097154	722800.000000
90.104167	-0.097514	723000.000000
90.208333	-0.097881	723200.000000
90.312500	-0.097805	723400.000000
90.416667	-0.097323	723600.000000
90.520833	-0.096721	723800.000000
90.625000	-0.097710	724000.000000
90.729167	-0.097561	724200.000000
90.833333	-0.096318	724400.000000
90.937500	-0.096989	724600.000000
91.041667	-0.097009	724800.000000
91.145833	-0.097063	725000.000000
91.250000	-0.097296	725200.000000
91.354167	-0.096942	725400.000000
91.458333	-0.097660	725600.000000
91.562500	-0.098244	725800.000000
91.666667	-0.097028	726000.000000
91.770833	-0.096895	726200.000000
91.875000	-0.097053	726400.000000
91.979167	-0.096715	726600.000000
92.083333	-0.096221	726800.000000
92.187500	-0.096641	727000.000000
92.291667	-0.096151	727200.000000
92.395833	-0.096023	727400.000000
92.500000	-0.096253	727600.000000
92.604167	-0.096811	727800.000000
92.708333	-0.097449	728000.000000
92.812500	-0.097427	728200.000000
92.916667	-0.096677	728400.000000
93.020833	-0.096366	728600.000000
93.125000	-0.097570	728800.000000
93.229167	-0.097594	729000.000000
93.333333	-0.097558	729200.000000
93.437500	-0.097255	729400.000000
93.541667	-0.096870	729600.000000
93.645833	-0.096900	729800.000000
93.750000	-0.098146	730000.000000
93.854167	-0.098476	730200.000000
93.958333	-0.099133	730400.000000
94.062500	-0.098448	730600.000000
94.166667	-0.098609	730800.000000
94.270833	-0.098626	731000.000000
94.375000	-0.098113	731200.000000
94.479167	-0.097859	731400.000000
94.583333	-0.097340	731600.000000
94.687500	-0.097951	731800.000000
94.791667	-0.098522	732000.000000
94.895833	-0.097689	732200.000000
95.000000	-0.098283	732400.000000
95.104167	-0.097891	732600.000000
95.208333	-0.098112	732800.000000
95.312500	-0.097798	733000.000000
95.416667	-0.097312	733200.000000
95.520833	-0.098005	733400.000000
95.625000	-0.098273	733600.000000
95.729167	-0.097612	733800.000000
95.833333	-0.097100	734000.000000
95.937500	-0.096969	734200.000000
96.041667	-0.097333	734400.000000
96.145833	-0.097311	734600.000000
96.250000	-0.096464	734800.000000
96.354167	-0.096244	735000.000000
96.458333	-0.095864	735200.000000
96.562500	-0.096329	735400.000000
96.666667	-0.096714	735600.000000
96.770833	-0.097036	735800.000000
96.875000	-0.097112	736000.000000
96.979167	-0.096330	736200.000000
97.083333	-0.096694	736400.000000
97.187500	-0.096535	736600.000000
97.291667	-0.095996	736800.000000
97.395833	-0.096356	737000.000000
97.500000	-0.096331	737200.000000
97.604167	-0.096796	737400.000000
97.708333	-0.096550	737600.000000
97.812500	-0.097731	737800.000000
97.916667	-0.097081	738000.000000
98.020833	-0.096724	738200.000000
98.125000	-0.097906	738400.000000
98.229167	-0.097512	738600.000000
98.333333	-0.097353	738800.000000
98.437500	-0.098516	739000.000000
98.541667	-0.098356	739200.000000
98.645833	-0.098157	739400.000000
98.750000	-0.098311	739600.000000
98.854167	-0.098129	739800.000000
98.958333	-0.098626	740000.000000
99.062500	-0.098968	740200.000000
99.166667	-0.098313	740400.000000
99.270833	-0.098279	740600.000000
99.375000	-0.098262	740800.000000
99.479167	-0.098538	741000.000000
99.583333	-0.098373	741200.000000
99.687500	-0.097785	741400.000000
99.791667	-0.097707	741600.000000
99.895833	-0.097184	741800.000000
100.000000	-0.096602	742000.000000
100.104167	-0.096698	742200.000000
100.208333	-0.097347	742400.000000
100.312500	-0.097705	742600.000000
100.416667	-0.097302	742800.000000
100.520833	-0.097149	743000.000000
100.625000	-0.097768	743200.000000
100.729167	-0.097603	743400.000000
100.833333	-0.097770	743600.000000
100.937500	-0.098464	743800.000000
101.041667	-0.098372	744000.000000
101.145833	-0.098716	744200.000000
101.250000	-0.098498	744400.000000
101.354167	-0.098561	744600.000000
101.458333	-0.097609	744800.000000
101.562500	-0.097756	745000.000000
101.666667	-0.098179	745200.000000
101.770833	-0.098521	745400.000000
101.875000	-0.098077	745600.000000
101.979167	-0.098882	745800.000000
102.083333	-0.098677	746000.000000
102.187500	-0.098688	746200.000000
102.291667	-0.098197	746400.000000
102.395833	-0.097776	746600.000000
102.500000	-0.097541	746800.000000
102.604167	-0.097652	747000.000000
102.708333	-0.097865	747200.000000
102.812500	-0.097790	747400.000000
102.916667	-0.098334	747600.000000
103.020833	-0.098350	747800.000000
103.125000	-0.097824	748000.000000
103.229167	-0.097459	748200.000000
103.333333	-0.098356	748400.000000
103.437500	-0.097515	748600.000000
103.541667	-0.097208	748800.000000
103.645833	-0.097897	749000.000000
103.750000	-0.097932	749200.000000
103.854167	-0.098033	749400.000000
103.958333	-0.097402	749600.000000
104.062500	-0.097645	749800.000000
104.166667	-0.097732	750000.000000
104.270833	-0.097559	750200.000000
104.375000	-0.097208	750400.000000
104.479167	-0.096728	750600.000000
104.583333	-0.098020	750800.000000
104.687500	-0.097818	751000.000000
104.791667	-0.097402	751200.000000
104.895833	-0.098445	751400.000000
105.000000	-0.097411	751600.000000
105.104167	-0.097852	751800.000000
105.208333	-0.097021	752000.000000
105.312500	-0.096903	752200.000000
105.416667	-0.097331	752400.000000
105.520833	-0.097159	752600.000000
105.625000	-0.097071	752800.000000
105.729167	-0.098013	753000.000000
105.833333	-0.097804	753200.000000
105.937500	-0.096830	753400.000000
106.041667	-0.097617	753600.000000
106.145833	-0.096564	753800.000000
106.250000	-0.097461	754000.000000
106.354167	-0.096998	754200.000000
106.458333	-0.096629	754400.000000
106.562500	-0.096223	754600.000000
106.666667	-0.097021	754800.000000
106.770833	-0.097267	755000.000000
106.875000	-0.096917	755200.000000
106.979167	-0.097283	755400.000000
107.083333	-0.097189	755600.000000
107.187500	-0.096612	755800.000000
107.291667	-0.097407	756000.000000
107.395833	-0.097902	756200.000000
107.500000	-0.098072	756400.000000
107.604167	-0.097919	756600.000000
107.708333	-0.098192	756800.000000
107.812500	-0.098008	757000.000000
107.916667	-0.097455	757200.000000
108.020833	-0.097744	757400.000000
108.125000	-0.096335	757600.000000
108.229167	-0.096758	757800.000000
108.333333	-0.096520	758000.000000
108.437500	-0.097401	758200.000000
108.541667	-0.097795	758400.000000
108.645833	-0.097690	758600.000000
108.750000	-0.097384	758800.000000
108.854167	-0.097023	759000.000000
108.958333	-0.096923	759200.000000
109.062500	-0.097832	759400.000000
109.166667	-0.097991	759600.000000
109.270833	-0.097012	759800.000000
109.375000	-0.097278	760000.000000
109.479167	-0.097145	760200.000000
109.583333	-0.097525	760400.000000
109.687500	-0.097727	760600.000000
109.791667	-0.097715	760800.000000
109.895833	-0.097435	761000.000000
110.000000	-0.097119	761200.000000
110.104167	-0.097456	761400.000000
110.208333	-0.097545	761600.000000
110.312500	-0.097692	761800.000000
110.416667	-0.097753	762000.000000
110.520833	-0.097313	762200.000000
110.625000	-0.096855	762400.000000
110.729167	-0.096922	762600.000000
110.833333	-0.096734	762800.000000
110.937500	-0.098117	763000.000000
111.041667	-0.097853	763200.000000
111.145833	-0.097795	763400.000000
111.250000	-0.097366	763600.000000
111.354167	-0.097390	763800.000000
111.458333	-0.098000	764000.000000
111.562500	-0.097672	764200.000000
111.666667	-0.098317	764400.000000
111.770833	-0.098467	764600.000000
111.875000	-0.098515	764800.000000
111.979167	-0.099321	765000.000000
112.083333	-0.099301	765200.000000
112.187500	-0.099800	765400.000000
112.291667	-0.099167	765600.000000
112.395833	-0.099760	765800.000000
112.500000	-0.099506	766000.000000
112.604167	-0.100151	766200.000000
112.708333	-0.098785	766400.000000
112.812500	-0.098419	766600.000000
112.916667	-0.097835	766800.000000
113.020833	-0.097740	767000.000000
113.125000	-0.097048	767200.000000
113.229167	-0.096951	767400.000000
113.333333	-0.096195	767600.000000
113.437500	-0.095536	767800.000000
113.541667	-0.096378	768000.000000
113.645833	-0.096621	768200.000000
113.750000	-0.096155	768400.000000
113.854167	-0.097350	768600.000000
113.958333	-0.097551	768800.000000
114.062500	-0.097900	769000.000000
114.166667	-0.097814	769200.000000
114.270833	-0.098461	769400.000000
114.375000	-0.097918	769600.000000
114.479167	-0.099098	769800.000000
114.583333	-0.098279	770000.000000
114.687500	-0.098514	770200.000000
114.791667	-0.098171	770400.000000
114.895833	-0.097935	770600.000000
115.000000	-0.098427	770800.000000
115.104167	-0.098407	771000.000000
115.208333	-0.098491	771200.000000
115.312500	-0.098812	771400.000000
115.416667	-0.098700	771600.000000
115.520833	-0.099443	771800.000000
115.625000	-0.099449	772000.000000
115.729167	-0.098797	772200.000000
115.833333	-0.098390	772400.000000
115.937500	-0.098425	772600.000000
116.041667	-0.099021	772800.000000
116.145833	-0.098646	773000.000000
116.250000	-0.098049	773200.000000
116.354167	-0.098309	773400.000000
116.458333	-0.098990	773600.000000
116.562500	-0.099404	773800.000000
116.666667	-0.099253	774000.000000
116.770833	-0.098666	774200.000000
116.875000	-0.098085	774400.000000
116.979167	-0.098881	774600.000000
117.083333	-0.098269	774800.000000
117.187500	-0.098171	775000.000000
117.291667	-0.099444	775200.000000
117.395833	-0.098397	775400.000000
117.500000	-0.097745	775600.000000
117.604167	-0.097732	775800.000000
117.708333	-0.098179	776000.000000
117.812500	-0.097274	776200.000000
117.916667	-0.098278	776400.000000
118.020833	-0.098330	776600.000000
118.125000	-0.098683	776800.000000
118.229167	-0.098338	777000.000000
118.333333	-0.098535	777200.000000
118.437500	-0.099574	777400.000000
118.541667	-0.098565	777600.000000
118.645833	-0.098217	777800.000000
118.750000	-0.098907	778000.000000
118.854167	-0.098550	778200.000000
118.958333	-0.099140	778400.000000
119.062500	-0.098932	778600.000000
119.166667	-0.099675	778800.000000
119.270833	-0.099006	779000.000000
119.375000	-0.098260	779200.000000
119.479167	-0.098054	779400.000000
119.583333	-0.097919	779600.000000
119.687500	-0.097867	779800.000000
119.791667	-0.097552	780000.000000
119.895833	-0.098307	780200.000000
120.000000	-0.097914	780400.000000
120.104167	-0.098934	780600.000000
120.208333	-0.098479	780800.000000
120.312500	-0.098304	781000.000000
120.416667	-0.097658	781200.000000
120.520833	-0.098016	781400.000000
120.625000	-0.097557	781600.000000
120.729167	-0.098179	781800.000000
120.833333	-0.098091	782000.000000
120.937500	-0.097504	782200.000000
121.041667	-0.098488	782400.000000
121.145833	-0.098114	782600.000000
121.250000	-0.098041	782800.000000
121.354167	-0.097358	783000.000000
121.458333	-0.098041	783200.000000
121.562500	-0.097831	783400.000000
121.666667	-0.097943	783600.000000
121.770833	-0.098115	783800.000000
121.875000	-0.097648	784000.000000
121.979167	-0.098089	784200.000000
122.083333	-0.097834	784400.000000
122.187500	-0.097677	784600.000000
122.291667	-0.097519	784800.000000
122.395833	-0.097552	785000.000000
122.500000	-0.097433	785200.000000
122.604167	-0.097499	785400.000000
122.708333	-0.097963	785600.000000
122.812500	-0.097570	785800.000000
122.916667	-0.097671	786000.000000
123.020833	-0.097785	786200.000000
123.125000	-0.097596	786400.000000
123.229167	-0.097345	786600.000000
123.333333	-0.097989	786800.000000
123.437500	-0.097232	787000.000000
123.541667	-0.097428	787200.000000
123.645833	-0.098615	787400.000000
123.750000	-0.098505	787600.000000
123.854167	-0.098062	787800.000000
123.958333	-0.097855	788000.000000
124.062500	-0.098679	788200.000000
124.166667	-0.098077	788400.000000
124.270833	-0.097645	788600.000000
124.375000	-0.098239	788800.000000
124.479167	-0.098330	789000.000000
124.583333	-0.098656	789200.000000
124.687500	-0.098182	789400.000000
124.791667	-0.097878	789600.000000
124.895833	-0.098559	789800.000000
125.000000	-0.097976	790000.000000
125.104167	-0.098039	790200.000000
125.208333	-0.098746	790400.000000
125.312500	-0.097810	790600.000000
125.416667	-0.097457	790800.000000
125.520833	-0.098687	791000.000000
125.625000	-0.098347	791200.000000
125.729167	-0.097901	791400.000000
125.833333	-0.099006	791600.000000
125.937500	-0.098887	791800.000000
126.041667	-0.098305	792000.000000
126.145833	-0.098687	792200.000000
126.250000	-0.098463	792400.000000
126.354167	-0.098037	792600.000000
126.458333	-0.097871	792800.000000
126.562500	-0.097706	793000.000000
126.666667	-0.098436	793200.000000
126.770833	-0.097750	793400.000000
126.875000	-0.097230	793600.000000
126.979167	-0.097558	793800.000000
127.083333	-0.097486	794000.000000
127.187500	-0.097373	794200.000000
127.291667	-0.098317	794400.000000
127.395833	-0.097511	794600.000000
127.500000	-0.098476	794800.000000
127.604167	-0.098582	795000.000000
127.708333	-0.098221	795200.000000
127.812500	-0.097421	795400.000000
127.916667	-0.096909	795600.000000
128.020833	-0.097960	795800.000000
128.125000	-0.097772	796000.000000
128.229167	-0.098197	796200.000000
128.333333	-0.098691	796400.000000
128.437500	-0.098010	796600.000000
128.541667	-0.097928	796800.000000
128.645833	-0.097950	797000.000000
128.750000	-0.098012	797200.000000
128.854167	-0.097637	797400.000000
128.958333	-0.098347	797600.000000
129.062500	-0.098859	797800.000000
129.166667	-0.098905	798000.000000
129.270833	-0.098792	798200.000000
129.375000	-0.098173	798400.000000
129.479167	-0.098125	798600.000000
129.583333	-0.098182	798800.000000
129.687500	-0.098282	799000.000000
129.791667	-0.098997	799200.000000
129.895833	-0.099139	799400.000000
130.000000	-0.098973	799600.000000
130.104167	-0.098348	799800.000000
130.208333	-0.098968	800000.000000
