0.000000	-0.097378	550000.000000
0.104167	-0.099185	550200.000000
0.208333	-0.099045	550400.000000
0.312500	-0.098329	550600.000000
0.416667	-0.098795	550800.000000
0.520833	-0.098484	551000.000000
0.625000	-0.097825	551200.000000
0.729167	-0.097742	551400.000000
0.833333	-0.098938	551600.000000
0.937500	-0.098807	551800.000000
1.041667	-0.098933	552000.000000
1.145833	-0.099148	552200.000000
1.250000	-0.099155	552400.000000
1.354167	-0.098721	552600.000000
1.458333	-0.098467	552800.000000
1.562500	-0.098228	553000.000000
1.666667	-0.098849	553200.000000
1.770833	-0.102390	553400.000000
1.875000	-0.107698	553600.000000
1.979167	-0.107204	553800.000000
2.083333	-0.107597	554000.000000
2.187500	-0.108384	554200.000000
2.291667	-0.108007	554400.000000
2.395833	-0.108124	554600.000000
2.500000	-0.107803	554800.000000
2.604167	-0.108056	555000.000000
2.708333	-0.107771	555200.000000
2.812500	-0.107719	555400.000000
2.916667	-0.108372	555600.000000
3.020833	-0.107631	555800.000000
3.125000	-0.107318	556000.000000
3.229167	-0.106756	556200.000000
3.333333	-0.107891	556400.000000
3.437500	-0.107905	556600.000000
3.541667	-0.107803	556800.000000
3.645833	-0.108071	557000.000000
3.750000	-0.107253	557200.000000
3.854167	-0.107916	557400.000000
3.958333	-0.107966	557600.000000
4.062500	-0.107652	557800.000000
4.166667	-0.107473	558000.000000
4.270833	-0.108046	558200.000000
4.375000	-0.107858	558400.000000
4.479167	-0.108043	558600.000000
4.583333	-0.107513	558800.000000
4.687500	-0.107183	559000.000000
4.791667	-0.107350	559200.000000
4.895833	-0.107902	559400.000000
5.000000	-0.107992	559600.000000
5.104167	-0.107686	559800.000000
5.208333	-0.107995	560000.000000
5.312500	-0.107922	560200.000000
5.416667	-0.107097	560400.000000
5.520833	-0.107228	560600.000000
5.625000	-0.107334	560800.000000
5.729167	-0.108188	561000.000000
5.833333	-0.107690	561200.000000
5.937500	-0.107964	561400.000000
6.041667	-0.107780	561600.000000
6.145833	-0.108573	561800.000000
6.250000	-0.108577	562000.000000
6.354167	-0.107944	562200.000000
6.458333	-0.107373	562400.000000
6.562500	-0.107250	562600.000000
6.666667	-0.107554	562800.000000
6.770833	-0.107753	563000.000000
6.875000	-0.107522	563200.000000
6.979167	-0.108481	563400.000000
7.083333	-0.107766	563600.000000
7.187500	-0.107238	563800.000000
7.291667	-0.107399	564000.000000
7.395833	-0.107312	564200.000000
7.500000	-0.106937	564400.000000
7.604167	-0.107578	564600.000000
7.708333	-0.107442	564800.000000
7.812500	-0.107343	565000.000000
7.916667	-0.107677	565200.000000
8.020833	-0.107808	565400.000000
8.125000	-0.107527	565600.000000
8.229167	-0.107795	565800.000000
8.333333	-0.107407	566000.000000
8.437500	-0.107712	566200.000000
8.541667	-0.107596	566400.000000
8.645833	-0.107392	566600.000000
8.750000	-0.106903	566800.000000
8.854167	-0.106943	567000.000000
8.958333	-0.107278	567200.000000
9.062500	-0.107507	567400.000000
9.166667	-0.107505	567600.000000
9.270833	-0.108078	567800.000000
9.375000	-0.107691	568000.000000
9.479167	-0.108067	568200.000000
9.583333	-0.107922	568400.000000
9.687500	-0.108132	568600.000000
9.791667	-0.108048	568800.000000
9.895833	-0.107653	569000.000000
10.000000	-0.107818	569200.000000
10.104167	-0.107345	569400.000000
10.208333	-0.107386	569600.000000
10.312500	-0.107795	569800.000000
10.416667	-0.108193	570000.000000
10.520833	-0.108186	570200.000000
10.625000	-0.108083	570400.000000
10.729167	-0.107395	570600.000000
10.833333	-0.108267	570800.000000
10.937500	-0.107692	571000.000000
11.041667	-0.107546	571200.000000
11.145833	-0.107695	571400.000000
11.250000	-0.107231	571600.000000
11.354167	-0.108544	571800.000000
11.458333	-0.108530	572000.000000
11.562500	-0.107423	572200.000000
11.666667	-0.107359	572400.000000
11.770833	-0.108646	572600.000000
11.875000	-0.108131	572800.000000
11.979167	-0.107933	573000.000000
12.083333	-0.107441	573200.000000
12.187500	-0.107984	573400.000000
12.291667	-0.106907	573600.000000
12.395833	-0.107638	573800.000000
12.500000	-0.107580	574000.000000
12.604167	-0.107811	574200.000000
12.708333	-0.108606	574400.000000
12.812500	-0.108291	574600.000000
12.916667	-0.108628	574800.000000
13.020833	-0.108498	575000.000000
13.125000	-0.108747	575200.000000
13.229167	-0.107922	575400.000000
13.333333	-0.108423	575600.000000
13.437500	-0.108950	575800.000000
13.541667	-0.108097	576000.000000
13.645833	-0.108970	576200.000000
13.750000	-0.108671	576400.000000
13.854167	-0.108423	576600.000000
13.958333	-0.108190	576800.000000
14.062500	-0.108462	577000.000000
14.166667	-0.107882	577200.000000
14.270833	-0.108202	577400.000000
14.375000	-0.107549	577600.000000
14.479167	-0.107884	577800.000000
14.583333	-0.108184	578000.000000
14.687500	-0.107752	578200.000000
14.791667	-0.108841	578400.000000
14.895833	-0.107964	578600.000000
15.000000	-0.108433	578800.000000
15.104167	-0.107377	579000.000000
15.208333	-0.108019	579200.000000
15.312500	-0.108679	579400.000000
15.416667	-0.108429	579600.000000
15.520833	-0.108223	579800.000000
15.625000	-0.108836	580000.000000
15.729167	-0.108153	580200.000000
15.833333	-0.108069	580400.000000
15.937500	-0.107933	580600.000000
16.041667	-0.108471	580800.000000
16.145833	-0.107754	581000.000000
16.250000	-0.108323	581200.000000
16.354167	-0.107450	581400.000000
16.458333	-0.107691	581600.000000
16.562500	-0.107653	581800.000000
16.666667	-0.107964	582000.000000
16.770833	-0.108097	582200.000000
16.875000	-0.108037	582400.000000
16.979167	-0.107258	582600.000000
17.083333	-0.107468	582800.000000
17.187500	-0.107436	583000.000000
17.291667	-0.106911	583200.000000
17.395833	-0.107111	583400.000000
17.500000	-0.107179	583600.000000
17.604167	-0.106451	583800.000000
17.708333	-0.105626	584000.000000
17.812500	-0.106698	584200.000000
17.916667	-0.105515	584400.000000
18.020833	-0.106102	584600.000000
18.125000	-0.105592	584800.000000
18.229167	-0.104637	585000.000000
18.333333	-0.104633	585200.000000
18.437500	-0.104285	585400.000000
18.541667	-0.104327	585600.000000
18.645833	-0.104025	585800.000000
18.750000	-0.104299	586000.000000
18.854167	-0.103580	586200.000000
18.958333	-0.103121	586400.000000
19.062500	-0.103938	586600.000000
19.166667	-0.103317	586800.000000
19.270833	-0.102633	587000.000000
19.375000	-0.102124	587200.000000
19.479167	-0.101379	587400.000000
19.583333	-0.100831	587600.000000
19.687500	-0.100164	587800.000000
19.791667	-0.099455	588000.000000
19.895833	-0.099576	588200.000000
20.000000	-0.098703	588400.000000
20.104167	-0.097882	588600.000000
20.208333	-0.096762	588800.000000
20.312500	-0.096168	589000.000000
20.416667	-0.093970	589200.000000
20.520833	-0.092600	589400.000000
20.625000	-0.091221	589600.000000
20.729167	-0.089024	589800.000000
20.833333	-0.087648	590000.000000
20.937500	-0.085158	590200.000000
21.041667	-0.082661	590400.000000
21.145833	-0.080237	590600.000000
21.250000	-0.077249	590800.000000
21.354167	-0.073460	591000.000000
21.458333	-0.069859	591200.000000
21.562500	-0.066283	591400.000000
21.666667	-0.061138	591600.000000
21.770833	-0.054864	591800.000000
21.875000	-0.048635	592000.000000
21.979167	-0.042074	592200.000000
22.083333	-0.033865	592400.000000
22.187500	-0.025117	592600.000000
22.291667	-0.014346	592800.000000
22.395833	-0.003547	593000.000000
22.500000	0.009396	593200.000000
22.604167	0.023850	593400.000000
22.708333	0.039532	593600.000000
22.812500	0.056558	593800.000000
22.916667	0.074574	594000.000000
23.020833	0.093830	594200.000000
23.125000	0.112616	594400.000000
23.229167	0.131390	594600.000000
23.333333	0.146726	594800.000000
23.437500	0.161092	595000.000000
23.541667	0.172544	595200.000000
23.645833	0.178715	595400.000000
23.750000	0.178777	595600.000000
23.854167	0.166599	595800.000000
23.958333	0.128188	596000.000000
24.062500	0.025731	596200.000000
24.166667	-0.191838	596400.000000
24.270833	-0.610656	596600.000000
24.375000	-1.251880	596800.000000
24.479167	-2.010128	597000.000000
24.583333	-2.645771	597200.000000
24.687500	-2.861668	597400.000000
24.791667	-2.523586	597600.000000
24.895833	-1.776244	597800.000000
25.000000	-0.919879	598000.000000
25.104167	-0.182101	598200.000000
25.208333	0.291800	598400.000000
25.312500	0.520110	598600.000000
25.416667	0.569447	598800.000000
25.520833	0.521813	599000.000000
25.625000	0.446266	599200.000000
25.729167	0.381363	599400.000000
25.833333	0.338113	599600.000000
25.937500	0.310738	599800.000000
26.041667	0.314587	600000.000000
26.145833	0.364285	600200.000000
26.250000	0.451313	600400.000000
26.354167	0.519024	600600.000000
26.458333	0.502395	600800.000000
26.562500	0.391147	601000.000000
26.666667	0.237884	601200.000000
26.770833	0.122976	601400.000000
26.875000	0.082674	601600.000000
26.979167	0.095361	601800.000000
27.083333	0.125060	602000.000000
27.187500	0.148121	602200.000000
27.291667	0.153454	602400.000000
27.395833	0.139446	602600.000000
27.500000	0.100428	602800.000000
27.604167	0.041720	603000.000000
27.708333	-0.025784	603200.000000
27.812500	-0.075371	603400.000000
27.916667	-0.075502	603600.000000
28.020833	-0.026106	603800.000000
28.125000	0.038893	604000.000000
28.229167	0.070724	604200.000000
28.333333	0.039070	604400.000000
28.437500	-0.040018	604600.000000
28.541667	-0.111178	604800.000000
28.645833	-0.130294	605000.000000
28.750000	-0.104740	605200.000000
28.854167	-0.076435	605400.000000
28.958333	-0.081000	605600.000000
29.062500	-0.112551	605800.000000
29.166667	-0.146915	606000.000000
29.270833	-0.165117	606200.000000
29.375000	-0.161017	606400.000000
29.479167	-0.139893	606600.000000
29.583333	-0.110768	606800.000000
29.687500	-0.083804	607000.000000
29.791667	-0.056564	607200.000000
29.895833	-0.030857	607400.000000
30.000000	-0.018439	607600.000000
30.104167	-0.029683	607800.000000
30.208333	-0.056327	608000.000000
30.312500	-0.085925	608200.000000
30.416667	-0.113093	608400.000000
30.520833	-0.136956	608600.000000
30.625000	-0.153269	608800.000000
30.729167	-0.153384	609000.000000
30.833333	-0.134284	609200.000000
30.937500	-0.105793	609400.000000
31.041667	-0.084574	609600.000000
31.145833	-0.084095	609800.000000
31.250000	-0.099410	610000.000000
31.354167	-0.114623	610200.000000
31.458333	-0.116742	610400.000000
31.562500	-0.106776	610600.000000
31.666667	-0.091383	610800.000000
31.770833	-0.077186	611000.000000
31.875000	-0.075668	611200.000000
31.979167	-0.091215	611400.000000
32.083333	-0.118439	611600.000000
32.187500	-0.146310	611800.000000
32.291667	-0.165258	612000.000000
32.395833	-0.170671	612200.000000
32.500000	-0.171254	612400.000000
32.604167	-0.173617	612600.000000
32.708333	-0.175323	612800.000000
32.812500	-0.172460	613000.000000
32.916667	-0.161471	613200.000000
33.020833	-0.152238	613400.000000
33.125000	-0.157316	613600.000000
33.229167	-0.169025	613800.000000
33.333333	-0.173484	614000.000000
33.437500	-0.160249	614200.000000
33.541667	-0.127406	614400.000000
33.645833	-0.083509	614600.000000
33.750000	-0.047173	614800.000000
33.854167	-0.034301	615000.000000
33.958333	-0.058102	615200.000000
34.062500	-0.109550	615400.000000
34.166667	-0.160026	615600.000000
34.270833	-0.188974	615800.000000
34.375000	-0.192105	616000.000000
34.479167	-0.179378	616200.000000
34.583333	-0.156737	616400.000000
34.687500	-0.130567	616600.000000
34.791667	-0.109992	616800.000000
34.895833	-0.101378	617000.000000
35.000000	-0.099907	617200.000000
35.104167	-0.098896	617400.000000
35.208333	-0.095252	617600.000000
35.312500	-0.087350	617800.000000
35.416667	-0.077844	618000.000000
35.520833	-0.070861	618200.000000
35.625000	-0.071275	618400.000000
35.729167	-0.081260	618600.000000
35.833333	-0.100905	618800.000000
35.937500	-0.127727	619000.000000
36.041667	-0.158524	619200.000000
36.145833	-0.187227	619400.000000
36.250000	-0.202673	619600.000000
36.354167	-0.190909	619800.000000
36.458333	-0.154558	620000.000000
36.562500	-0.104200	620200.000000
36.666667	-0.067880	620400.000000
36.770833	-0.069142	620600.000000
36.875000	-0.108362	620800.000000
36.979167	-0.157337	621000.000000
37.083333	-0.185207	621200.000000
37.187500	-0.172373	621400.000000
37.291667	-0.132175	621600.000000
37.395833	-0.094459	621800.000000
37.500000	-0.083543	622000.000000
37.604167	-0.105197	622200.000000
37.708333	-0.139530	622400.000000
37.812500	-0.168771	622600.000000
37.916667	-0.182288	622800.000000
38.020833	-0.183901	623000.000000
38.125000	-0.178566	623200.000000
38.229167	-0.165804	623400.000000
38.333333	-0.142256	623600.000000
38.437500	-0.122866	623800.000000
38.541667	-0.124792	624000.000000
38.645833	-0.147534	624200.000000
38.750000	-0.173207	624400.000000
38.854167	-0.174738	624600.000000
38.958333	-0.142340	624800.000000
39.062500	-0.095788	625000.000000
39.166667	-0.066521	625200.000000
39.270833	-0.072552	625400.000000
39.375000	-0.102920	625600.000000
39.479167	-0.139876	625800.000000
39.583333	-0.170781	626000.000000
39.687500	-0.200276	626200.000000
39.791667	-0.219648	626400.000000
39.895833	-0.211267	626600.000000
40.000000	-0.169259	626800.000000
40.104167	-0.114233	627000.000000
40.208333	-0.077285	627200.000000
40.312500	-0.078901	627400.000000
40.416667	-0.113233	627600.000000
40.520833	-0.148419	627800.000000
40.625000	-0.152459	628000.000000
40.729167	-0.114893	628200.000000
40.833333	-0.061798	628400.000000
40.937500	-0.033460	628600.000000
41.041667	-0.049331	628800.000000
41.145833	-0.095846	629000.000000
41.250000	-0.148318	629200.000000
41.354167	-0.186409	629400.000000
41.458333	-0.198484	629600.000000
41.562500	-0.180680	629800.000000
41.666667	-0.138294	630000.000000
41.770833	-0.095044	630200.000000
41.875000	-0.069458	630400.000000
41.979167	-0.069225	630600.000000
42.083333	-0.085876	630800.000000
42.187500	-0.110272	631000.000000
42.291667	-0.131889	631200.000000
42.395833	-0.138038	631400.000000
42.500000	-0.123352	631600.000000
42.604167	-0.089802	631800.000000
42.708333	-0.054015	632000.000000
42.812500	-0.038432	632200.000000
42.916667	-0.050483	632400.000000
43.020833	-0.079967	632600.000000
43.125000	-0.110001	632800.000000
43.229167	-0.128099	633000.000000
43.333333	-0.131368	633200.000000
43.437500	-0.124130	633400.000000
43.541667	-0.108762	633600.000000
43.645833	-0.092254	633800.000000
43.750000	-0.081172	634000.000000
43.854167	-0.083952	634200.000000
43.958333	-0.098828	634400.000000
44.062500	-0.112380	634600.000000
44.166667	-0.109061	634800.000000
44.270833	-0.081502	635000.000000
44.375000	-0.044823	635200.000000
44.479167	-0.020705	635400.000000
44.583333	-0.024347	635600.000000
44.687500	-0.050187	635800.000000
44.791667	-0.081506	636000.000000
44.895833	-0.104375	636200.000000
45.000000	-0.116323	636400.000000
45.104167	-0.121566	636600.000000
45.208333	-0.119601	636800.000000
45.312500	-0.114079	637000.000000
45.416667	-0.108774	637200.000000
45.520833	-0.106265	637400.000000
45.625000	-0.101848	637600.000000
45.729167	-0.090859	637800.000000
45.833333	-0.072427	638000.000000
45.937500	-0.055869	638200.000000
46.041667	-0.050796	638400.000000
46.145833	-0.061157	638600.000000
46.250000	-0.078952	638800.000000
46.354167	-0.093360	639000.000000
46.458333	-0.099704	639200.000000
46.562500	-0.102685	639400.000000
46.666667	-0.106805	639600.000000
46.770833	-0.112549	639800.000000
46.875000	-0.115417	640000.000000
46.979167	-0.111569	640200.000000
47.083333	-0.101356	640400.000000
47.187500	-0.092257	640600.000000
47.291667	-0.092640	640800.000000
47.395833	-0.099915	641000.000000
47.500000	-0.105461	641200.000000
47.604167	-0.103186	641400.000000
47.708333	-0.093478	641600.000000
47.812500	-0.080394	641800.000000
47.916667	-0.072572	642000.000000
48.020833	-0.074216	642200.000000
48.125000	-0.083954	642400.000000
48.229167	-0.094397	642600.000000
48.333333	-0.098805	642800.000000
48.437500	-0.096152	643000.000000
48.541667	-0.093179	643200.000000
48.645833	-0.093687	643400.000000
48.750000	-0.099717	643600.000000
48.854167	-0.110830	643800.000000
48.958333	-0.121112	644000.000000
49.062500	-0.128087	644200.000000
49.166667	-0.131396	644400.000000
49.270833	-0.122583	644600.000000
49.375000	-0.104044	644800.000000
49.479167	-0.080157	645000.000000
49.583333	-0.060630	645200.000000
49.687500	-0.060133	645400.000000
49.791667	-0.076396	645600.000000
49.895833	-0.093118	645800.000000
50.000000	-0.093446	646000.000000
50.104167	-0.083550	646200.000000
50.208333	-0.082539	646400.000000
50.312500	-0.101287	646600.000000
50.416667	-0.129800	646800.000000
50.520833	-0.150861	647000.000000
50.625000	-0.155230	647200.000000
50.729167	-0.147015	647400.000000
50.833333	-0.136237	647600.000000
50.937500	-0.120791	647800.000000
51.041667	-0.104230	648000.000000
51.145833	-0.088193	648200.000000
51.250000	-0.076040	648400.000000
51.354167	-0.075660	648600.000000
51.458333	-0.086862	648800.000000
51.562500	-0.106897	649000.000000
51.666667	-0.125208	649200.000000
51.770833	-0.130751	649400.000000
51.875000	-0.122564	649600.000000
51.979167	-0.112172	649800.000000
52.083333	-0.106886	650000.000000
52.187500	-0.113393	650200.000000
52.291667	-0.127009	650400.000000
52.395833	-0.143986	650600.000000
52.500000	-0.155380	650800.000000
52.604167	-0.157387	651000.000000
52.708333	-0.147126	651200.000000
52.812500	-0.122634	651400.000000
52.916667	-0.098719	651600.000000
53.020833	-0.090515	651800.000000
53.125000	-0.102103	652000.000000
53.229167	-0.121233	652200.000000
53.333333	-0.137937	652400.000000
53.437500	-0.140781	652600.000000
53.541667	-0.131457	652800.000000
53.645833	-0.112819	653000.000000
53.750000	-0.098043	653200.000000
53.854167	-0.096625	653400.000000
53.958333	-0.108865	653600.000000
54.062500	-0.128508	653800.000000
54.166667	-0.148191	654000.000000
54.270833	-0.160665	654200.000000
54.375000	-0.162391	654400.000000
54.479167	-0.152813	654600.000000
54.583333	-0.135815	654800.000000
54.687500	-0.117468	655000.000000
54.791667	-0.104505	655200.000000
54.895833	-0.096289	655400.000000
55.000000	-0.087653	655600.000000
55.104167	-0.083446	655800.000000
55.208333	-0.087393	656000.000000
55.312500	-0.095995	656200.000000
55.416667	-0.103402	656400.000000
55.520833	-0.108147	656600.000000
55.625000	-0.110874	656800.000000
55.729167	-0.118009	657000.000000
55.833333	-0.127938	657200.000000
55.937500	-0.137220	657400.000000
56.041667	-0.142437	657600.000000
56.145833	-0.138663	657800.000000
56.250000	-0.126555	658000.000000
56.354167	-0.110301	658200.000000
56.458333	-0.096848	658400.000000
56.562500	-0.088140	658600.000000
56.666667	-0.086586	658800.000000
56.770833	-0.088688	659000.000000
56.875000	-0.091885	659200.000000
56.979167	-0.094511	659400.000000
57.083333	-0.097975	659600.000000
57.187500	-0.099358	659800.000000
57.291667	-0.099995	660000.000000
57.395833	-0.104159	660200.000000
57.500000	-0.113094	660400.000000
57.604167	-0.119733	660600.000000
57.708333	-0.116202	660800.000000
57.812500	-0.104554	661000.000000
57.916667	-0.094730	661200.000000
58.020833	-0.096977	661400.000000
58.125000	-0.107149	661600.000000
58.229167	-0.112370	661800.000000
58.333333	-0.105216	662000.000000
58.437500	-0.092740	662200.000000
58.541667	-0.085269	662400.000000
58.645833	-0.083571	662600.000000
58.750000	-0.085225	662800.000000
58.854167	-0.088324	663000.000000
58.958333	-0.090429	663200.000000
59.062500	-0.089870	663400.000000
59.166667	-0.088968	663600.000000
59.270833	-0.090465	663800.000000
59.375000	-0.096317	664000.000000
59.479167	-0.107048	664200.000000
59.583333	-0.119367	664400.000000
59.687500	-0.128973	664600.000000
59.791667	-0.133247	664800.000000
59.895833	-0.131756	665000.000000
60.000000	-0.118047	665200.000000
60.104167	-0.097567	665400.000000
60.208333	-0.078936	665600.000000
60.312500	-0.068859	665800.000000
60.416667	-0.072319	666000.000000
60.520833	-0.083422	666200.000000
60.625000	-0.094048	666400.000000
60.729167	-0.099448	666600.000000
60.833333	-0.098552	666800.000000
60.937500	-0.098484	667000.000000
61.041667	-0.105109	667200.000000
61.145833	-0.115761	667400.000000
61.250000	-0.122101	667600.000000
61.354167	-0.123446	667800.000000
61.458333	-0.121503	668000.000000
61.562500	-0.121632	668200.000000
61.666667	-0.122206	668400.000000
61.770833	-0.117994	668600.000000
61.875000	-0.104751	668800.000000
61.979167	-0.087288	669000.000000
62.083333	-0.076704	669200.000000
62.187500	-0.080797	669400.000000
62.291667	-0.096780	669600.000000
62.395833	-0.114765	669800.000000
62.500000	-0.125657	670000.000000
62.604167	-0.125198	670200.000000
62.708333	-0.119731	670400.000000
62.812500	-0.113229	670600.000000
62.916667	-0.111801	670800.000000
63.020833	-0.113222	671000.000000
63.125000	-0.116229	671200.000000
63.229167	-0.119122	671400.000000
63.333333	-0.123443	671600.000000
63.437500	-0.128204	671800.000000
63.541667	-0.130651	672000.000000
63.645833	-0.129201	672200.000000
63.750000	-0.124933	672400.000000
63.854167	-0.118526	672600.000000
63.958333	-0.111664	672800.000000
64.062500	-0.104277	673000.000000
64.166667	-0.099836	673200.000000
64.270833	-0.100524	673400.000000
64.375000	-0.107310	673600.000000
64.479167	-0.115382	673800.000000
64.583333	-0.123045	674000.000000
64.687500	-0.127641	674200.000000
64.791667	-0.130793	674400.000000
64.895833	-0.131250	674600.000000
65.000000	-0.127902	674800.000000
65.104167	-0.123433	675000.000000
65.208333	-0.126552	675200.000000
65.312500	-0.135477	675400.000000
65.416667	-0.141139	675600.000000
65.520833	-0.135460	675800.000000
65.625000	-0.119522	676000.000000
65.729167	-0.102397	676200.000000
65.833333	-0.095106	676400.000000
65.937500	-0.101260	676600.000000
66.041667	-0.114111	676800.000000
66.145833	-0.128722	677000.000000
66.250000	-0.139436	677200.000000
66.354167	-0.143871	677400.000000
66.458333	-0.146104	677600.000000
66.562500	-0.144030	677800.000000
66.666667	-0.135629	678000.000000
66.770833	-0.125500	678200.000000
66.875000	-0.117223	678400.000000
66.979167	-0.115436	678600.000000
67.083333	-0.118861	678800.000000
67.187500	-0.120347	679000.000000
67.291667	-0.115806	679200.000000
67.395833	-0.106667	679400.000000
67.500000	-0.096354	679600.000000
67.604167	-0.088948	679800.000000
67.708333	-0.088717	680000.000000
67.812500	-0.094928	680200.000000
67.916667	-0.104640	680400.000000
68.020833	-0.113787	680600.000000
68.125000	-0.114723	680800.000000
68.229167	-0.107093	681000.000000
68.333333	-0.094156	681200.000000
68.437500	-0.085390	681400.000000
68.541667	-0.086476	681600.000000
68.645833	-0.099726	681800.000000
68.750000	-0.116817	682000.000000
68.854167	-0.129047	682200.000000
68.958333	-0.129154	682400.000000
69.062500	-0.115454	682600.000000
69.166667	-0.095233	682800.000000
69.270833	-0.078979	683000.000000
69.375000	-0.073195	683200.000000
69.479167	-0.078248	683400.000000
69.583333	-0.091454	683600.000000
69.687500	-0.104800	683800.000000
69.791667	-0.111042	684000.000000
69.895833	-0.109394	684200.000000
70.000000	-0.103045	684400.000000
70.104167	-0.098834	684600.000000
70.208333	-0.101811	684800.000000
70.312500	-0.113366	685000.000000
70.416667	-0.129156	685200.000000
70.520833	-0.141267	685400.000000
70.625000	-0.144579	685600.000000
70.729167	-0.135669	685800.000000
70.833333	-0.121136	686000.000000
70.937500	-0.107855	686200.000000
71.041667	-0.097816	686400.000000
71.145833	-0.095396	686600.000000
71.250000	-0.100751	686800.000000
71.354167	-0.110829	687000.000000
71.458333	-0.123689	687200.000000
71.562500	-0.136439	687400.000000
71.666667	-0.145166	687600.000000
71.770833	-0.149101	687800.000000
71.875000	-0.147590	688000.000000
71.979167	-0.143977	688200.000000
72.083333	-0.143073	688400.000000
72.187500	-0.143803	688600.000000
72.291667	-0.144992	688800.000000
72.395833	-0.142753	689000.000000
72.500000	-0.138321	689200.000000
72.604167	-0.132207	689400.000000
72.708333	-0.124470	689600.000000
72.812500	-0.118925	689800.000000
72.916667	-0.115080	690000.000000
73.020833	-0.111477	690200.000000
73.125000	-0.105500	690400.000000
73.229167	-0.097628	690600.000000
73.333333	-0.091086	690800.000000
73.437500	-0.087484	691000.000000
73.541667	-0.086191	691200.000000
73.645833	-0.086608	691400.000000
73.750000	-0.085889	691600.000000
73.854167	-0.081963	691800.000000
73.958333	-0.075279	692000.000000
74.062500	-0.068397	692200.000000
74.166667	-0.065380	692400.000000
74.270833	-0.067625	692600.000000
74.375000	-0.073931	692800.000000
74.479167	-0.078561	693000.000000
74.583333	-0.079873	693200.000000
74.687500	-0.077480	693400.000000
74.791667	-0.072912	693600.000000
74.895833	-0.065767	693800.000000
75.000000	-0.062608	694000.000000
75.104167	-0.066374	694200.000000
75.208333	-0.079771	694400.000000
75.312500	-0.097576	694600.000000
75.416667	-0.110942	694800.000000
75.520833	-0.119062	695000.000000
75.625000	-0.121043	695200.000000
75.729167	-0.120305	695400.000000
75.833333	-0.119282	695600.000000
75.937500	-0.120094	695800.000000
76.041667	-0.120117	696000.000000
76.145833	-0.119672	696200.000000
76.250000	-0.117948	696400.000000
76.354167	-0.110942	696600.000000
76.458333	-0.101083	696800.000000
76.562500	-0.091725	697000.000000
76.666667	-0.087854	697200.000000
76.770833	-0.093994	697400.000000
76.875000	-0.103626	697600.000000
76.979167	-0.112413	697800.000000
77.083333	-0.119395	698000.000000
77.187500	-0.122184	698200.000000
77.291667	-0.118503	698400.000000
77.395833	-0.112625	698600.000000
77.500000	-0.105723	698800.000000
77.604167	-0.101490	699000.000000
77.708333	-0.103973	699200.000000
77.812500	-0.112446	699400.000000
77.916667	-0.121320	699600.000000
78.020833	-0.126097	699800.000000
78.125000	-0.122478	700000.000000
78.229167	-0.112896	700200.000000
78.333333	-0.102730	700400.000000
78.437500	-0.098658	700600.000000
78.541667	-0.101612	700800.000000
78.645833	-0.111338	701000.000000
78.750000	-0.120933	701200.000000
78.854167	-0.122565	701400.000000
78.958333	-0.115976	701600.000000
79.062500	-0.107476	701800.000000
79.166667	-0.101704	702000.000000
79.270833	-0.102972	702200.000000
79.375000	-0.108965	702400.000000
79.479167	-0.116312	702600.000000
79.583333	-0.123670	702800.000000
79.687500	-0.129828	703000.000000
79.791667	-0.130159	703200.000000
79.895833	-0.123067	703400.000000
80.000000	-0.109100	703600.000000
80.104167	-0.094780	703800.000000
80.208333	-0.087601	704000.000000
80.312500	-0.089676	704200.000000
80.416667	-0.097415	704400.000000
80.520833	-0.106847	704600.000000
80.625000	-0.115350	704800.000000
80.729167	-0.118827	705000.000000
80.833333	-0.121945	705200.000000
80.937500	-0.124452	705400.000000
81.041667	-0.123257	705600.000000
81.145833	-0.117589	705800.000000
81.250000	-0.109862	706000.000000
81.354167	-0.103094	706200.000000
81.458333	-0.100489	706400.000000
81.562500	-0.099447	706600.000000
81.666667	-0.097323	706800.000000
81.770833	-0.091156	707000.000000
81.875000	-0.083005	707200.000000
81.979167	-0.076517	707400.000000
82.083333	-0.075286	707600.000000
82.187500	-0.078684	707800.000000
82.291667	-0.083525	708000.000000
82.395833	-0.087452	708200.000000
82.500000	-0.092537	708400.000000
82.604167	-0.097508	708600.000000
82.708333	-0.098577	708800.000000
82.812500	-0.097038	709000.000000
82.916667	-0.091691	709200.000000
83.020833	-0.088773	709400.000000
83.125000	-0.089400	709600.000000
83.229167	-0.090577	709800.000000
83.333333	-0.092748	710000.000000
83.437500	-0.095933	710200.000000
83.541667	-0.098494	710400.000000
83.645833	-0.100774	710600.000000
83.750000	-0.102317	710800.000000
83.854167	-0.101087	711000.000000
83.958333	-0.099138	711200.000000
84.062500	-0.100696	711400.000000
84.166667	-0.104586	711600.000000
84.270833	-0.110847	711800.000000
84.375000	-0.116593	712000.000000
84.479167	-0.119427	712200.000000
84.583333	-0.120112	712400.000000
84.687500	-0.121381	712600.000000
84.791667	-0.123910	712800.000000
84.895833	-0.128143	713000.000000
85.000000	-0.133192	713200.000000
85.104167	-0.135081	713400.000000
85.208333	-0.131969	713600.000000
85.312500	-0.126842	713800.000000
85.416667	-0.119261	714000.000000
85.520833	-0.112338	714200.000000
85.625000	-0.108658	714400.000000
85.729167	-0.108421	714600.000000
85.833333	-0.113643	714800.000000
85.937500	-0.122217	715000.000000
86.041667	-0.131322	715200.000000
86.145833	-0.135714	715400.000000
86.250000	-0.133389	715600.000000
86.354167	-0.128649	715800.000000
86.458333	-0.125087	716000.000000
86.562500	-0.125768	716200.000000
86.666667	-0.129243	716400.000000
86.770833	-0.130933	716600.000000
86.875000	-0.130914	716800.000000
86.979167	-0.125928	717000.000000
87.083333	-0.118538	717200.000000
87.187500	-0.112931	717400.000000
87.291667	-0.108981	717600.000000
87.395833	-0.108012	717800.000000
87.500000	-0.111180	718000.000000
87.604167	-0.117161	718200.000000
87.708333	-0.124745	718400.000000
87.812500	-0.131401	718600.000000
87.916667	-0.133116	718800.000000
88.020833	-0.128990	719000.000000
88.125000	-0.121328	719200.000000
88.229167	-0.113176	719400.000000
88.333333	-0.110694	719600.000000
88.437500	-0.112219	719800.000000
88.541667	-0.115301	720000.000000
88.645833	-0.117142	720200.000000
88.750000	-0.116130	720400.000000
88.854167	-0.113307	720600.000000
88.958333	-0.110382	720800.000000
89.062500	-0.105785	721000.000000
89.166667	-0.103512	721200.000000
89.270833	-0.102365	721400.000000
89.375000	-0.102379	721600.000000
89.479167	-0.102783	721800.000000
89.583333	-0.105134	722000.000000
89.687500	-0.107104	722200.000000
89.791667	-0.111226	722400.000000
89.895833	-0.113397	722600.000000
90.000000	-0.115613	722800.000000
90.104167	-0.116994	723000.000000
90.208333	-0.118354	723200.000000
90.312500	-0.118957	723400.000000
90.416667	-0.117356	723600.000000
90.520833	-0.113780	723800.000000
90.625000	-0.109285	724000.000000
90.729167	-0.106315	724200.000000
90.833333	-0.104656	724400.000000
90.937500	-0.103818	724600.000000
91.041667	-0.103103	724800.000000
91.145833	-0.102667	725000.000000
91.250000	-0.103045	725200.000000
91.354167	-0.106808	725400.000000
91.458333	-0.113405	725600.000000
91.562500	-0.120563	725800.000000
91.666667	-0.124314	726000.000000
91.770833	-0.124741	726200.000000
91.875000	-0.125196	726400.000000
91.979167	-0.123237	726600.000000
92.083333	-0.120991	726800.000000
92.187500	-0.117351	727000.000000
92.291667	-0.112059	727200.000000
92.395833	-0.107548	727400.000000
92.500000	-0.106035	727600.000000
92.604167	-0.104754	727800.000000
92.708333	-0.106901	728000.000000
92.812500	-0.109047	728200.000000
92.916667	-0.111366	728400.000000
93.020833	-0.111446	728600.000000
93.125000	-0.112754	728800.000000
93.229167	-0.112894	729000.000000
93.333333	-0.111552	729200.000000
93.437500	-0.111390	729400.000000
93.541667	-0.109979	729600.000000
93.645833	-0.108587	729800.000000
93.750000	-0.109250	730000.000000
93.854167	-0.109840	730200.000000
93.958333	-0.109049	730400.000000
94.062500	-0.109360	730600.000000
94.166667	-0.108249	730800.000000
94.270833	-0.108249	731000.000000
94.375000	-0.107850	731200.000000
94.479167	-0.106654	731400.000000
94.583333	-0.103916	731600.000000
94.687500	-0.102832	731800.000000
94.791667	-0.103853	732000.000000
94.895833	-0.107013	732200.000000
95.000000	-0.110919	732400.000000
95.104167	-0.114555	732600.000000
95.208333	-0.115172	732800.000000
95.312500	-0.113987	733000.000000
95.416667	-0.112604	733200.000000
95.520833	-0.111873	733400.000000
95.625000	-0.111937	733600.000000
95.729167	-0.110877	733800.000000
95.833333	-0.109166	734000.000000
95.937500	-0.106679	734200.000000
96.041667	-0.105990	734400.000000
96.145833	-0.103071	734600.000000
96.250000	-0.097647	734800.000000
96.354167	-0.092860	735000.000000
96.458333	-0.089853	735200.000000
96.562500	-0.092776	735400.000000
96.666667	-0.100339	735600.000000
96.770833	-0.108020	735800.000000
96.875000	-0.115553	736000.000000
96.979167	-0.119501	736200.000000
97.083333	-0.120271	736400.000000
97.187500	-0.118818	736600.000000
97.291667	-0.116195	736800.000000
97.395833	-0.110510	737000.000000
97.500000	-0.106104	737200.000000
97.604167	-0.102704	737400.000000
97.708333	-0.101131	737600.000000
97.812500	-0.101158	737800.000000
97.916667	-0.103159	738000.000000
98.020833	-0.102672	738200.000000
98.125000	-0.100204	738400.000000
98.229167	-0.098804	738600.000000
98.333333	-0.099805	738800.000000
98.437500	-0.103197	739000.000000
98.541667	-0.107429	739200.000000
98.645833	-0.111881	739400.000000
98.750000	-0.113980	739600.000000
98.854167	-0.114252	739800.000000
98.958333	-0.114585	740000.000000
99.062500	-0.115610	740200.000000
99.166667	-0.116870	740400.000000
99.270833	-0.117128	740600.000000
99.375000	-0.117458	740800.000000
99.479167	-0.117616	741000.000000
99.583333	-0.116901	741200.000000
99.687500	-0.115327	741400.000000
99.791667	-0.112729	741600.000000
99.895833	-0.106761	741800.000000
100.000000	-0.102490	742000.000000
100.104167	-0.100158	742200.000000
100.208333	-0.100195	742400.000000
100.312500	-0.103526	742600.000000
100.416667	-0.108403	742800.000000
100.520833	-0.111157	743000.000000
100.625000	-0.113196	743200.000000
100.729167	-0.114350	743400.000000
100.833333	-0.114221	743600.000000
100.937500	-0.116383	743800.000000
101.041667	-0.118703	744000.000000
101.145833	-0.120058	744200.000000
101.250000	-0.118785	744400.000000
101.354167	-0.116173	744600.000000
101.458333	-0.112001	744800.000000
101.562500	-0.106698	745000.000000
101.666667	-0.102492	745200.000000
101.770833	-0.101988	745400.000000
101.875000	-0.104577	745600.000000
101.979167	-0.109211	745800.000000
102.083333	-0.113832	746000.000000
102.187500	-0.117757	746200.000000
102.291667	-0.118233	746400.000000
102.395833	-0.114500	746600.000000
102.500000	-0.110233	746800.000000
102.604167	-0.107998	747000.000000
102.708333	-0.107332	747200.000000
102.812500	-0.109097	747400.000000
102.916667	-0.111094	747600.000000
103.020833	-0.110715	747800.000000
103.125000	-0.108200	748000.000000
103.229167	-0.105714	748200.000000
103.333333	-0.102209	748400.000000
103.437500	-0.100939	748600.000000
103.541667	-0.102163	748800.000000
103.645833	-0.104721	749000.000000
103.750000	-0.107762	749200.000000
103.854167	-0.111457	749400.000000
103.958333	-0.114051	749600.000000
104.062500	-0.116357	749800.000000
104.166667	-0.116786	750000.000000
104.270833	-0.116993	750200.000000
104.375000	-0.115305	750400.000000
104.479167	-0.115546	750600.000000
104.583333	-0.117326	750800.000000
104.687500	-0.119312	751000.000000
104.791667	-0.120451	751200.000000
104.895833	-0.120823	751400.000000
105.000000	-0.117873	751600.000000
105.104167	-0.114553	751800.000000
105.208333	-0.111398	752000.000000
105.312500	-0.109249	752200.000000
105.416667	-0.106657	752400.000000
105.520833	-0.104602	752600.000000
105.625000	-0.103730	752800.000000
105.729167	-0.106421	753000.000000
105.833333	-0.108723	753200.000000
105.937500	-0.113170	753400.000000
106.041667	-0.114526	753600.000000
106.145833	-0.114629	753800.000000
106.250000	-0.113889	754000.000000
106.354167	-0.112560	754200.000000
106.458333	-0.110814	754400.000000
106.562500	-0.109694	754600.000000
106.666667	-0.108423	754800.000000
106.770833	-0.105975	755000.000000
106.875000	-0.103715	755200.000000
106.979167	-0.103109	755400.000000
107.083333	-0.102979	755600.000000
107.187500	-0.102361	755800.000000
107.291667	-0.102941	756000.000000
107.395833	-0.103021	756200.000000
107.500000	-0.104631	756400.000000
107.604167	-0.108427	756600.000000
107.708333	-0.111053	756800.000000
107.812500	-0.111304	757000.000000
107.916667	-0.109042	757200.000000
108.020833	-0.107137	757400.000000
108.125000	-0.103823	757600.000000
108.229167	-0.101628	757800.000000
108.333333	-0.099954	758000.000000
108.437500	-0.098578	758200.000000
108.541667	-0.097753	758400.000000
108.645833	-0.096504	758600.000000
108.750000	-0.094770	758800.000000
108.854167	-0.093517	759000.000000
108.958333	-0.093090	759200.000000
109.062500	-0.092222	759400.000000
109.166667	-0.093410	759600.000000
109.270833	-0.096198	759800.000000
109.375000	-0.099052	760000.000000
109.479167	-0.100386	760200.000000
109.583333	-0.098859	760400.000000
109.687500	-0.096865	760600.000000
109.791667	-0.096748	760800.000000
109.895833	-0.097715	761000.000000
110.000000	-0.101153	761200.000000
110.104167	-0.105320	761400.000000
110.208333	-0.108226	761600.000000
110.312500	-0.108501	761800.000000
110.416667	-0.106021	762000.000000
110.520833	-0.101682	762200.000000
110.625000	-0.096742	762400.000000
110.729167	-0.092171	762600.000000
110.833333	-0.091202	762800.000000
110.937500	-0.094945	763000.000000
111.041667	-0.101323	763200.000000
111.145833	-0.105774	763400.000000
111.250000	-0.107311	763600.000000
111.354167	-0.107361	763800.000000
111.458333	-0.106382	764000.000000
111.562500	-0.105765	764200.000000
111.666667	-0.107574	764400.000000
111.770833	-0.113396	764600.000000
111.875000	-0.119563	764800.000000
111.979167	-0.126702	765000.000000
112.083333	-0.134114	765200.000000
112.187500	-0.141309	765400.000000
112.291667	-0.150347	765600.000000
112.395833	-0.161388	765800.000000
112.500000	-0.171146	766000.000000
112.604167	-0.177606	766200.000000
112.708333	-0.175459	766400.000000
112.812500	-0.166060	766600.000000
112.916667	-0.147585	766800.000000
113.020833	-0.125598	767000.000000
113.125000	-0.103253	767200.000000
113.229167	-0.086109	767400.000000
113.333333	-0.073403	767600.000000
113.437500	-0.061785	767800.000000
113.541667	-0.051568	768000.000000
113.645833	-0.044583	768200.000000
113.750000	-0.040164	768400.000000
113.854167	-0.043229	768600.000000
113.958333	-0.054167	768800.000000
114.062500	-0.069778	769000.000000
114.166667	-0.086611	769200.000000
114.270833	-0.101717	769400.000000
114.375000	-0.111058	769600.000000
114.479167	-0.116316	769800.000000
114.583333	-0.117702	770000.000000
114.687500	-0.119056	770200.000000
114.791667	-0.120875	770400.000000
114.895833	-0.122335	770600.000000
115.000000	-0.123279	770800.000000
115.104167	-0.124089	771000.000000
115.208333	-0.126187	771200.000000
115.312500	-0.130015	771400.000000
115.416667	-0.133049	771600.000000
115.520833	-0.135590	771800.000000
115.625000	-0.134339	772000.000000
115.729167	-0.132212	772200.000000
115.833333	-0.130386	772400.000000
115.937500	-0.128845	772600.000000
116.041667	-0.126719	772800.000000
116.145833	-0.124868	773000.000000
116.250000	-0.123361	773200.000000
116.354167	-0.124442	773400.000000
116.458333	-0.126320	773600.000000
116.562500	-0.130685	773800.000000
116.666667	-0.131229	774000.000000
116.770833	-0.131431	774200.000000
116.875000	-0.128780	774400.000000
116.979167	-0.126689	774600.000000
117.083333	-0.125452	774800.000000
117.187500	-0.124625	775000.000000
117.291667	-0.123396	775200.000000
117.395833	-0.121577	775400.000000
117.500000	-0.117929	775600.000000
117.604167	-0.114397	775800.000000
117.708333	-0.112679	776000.000000
117.812500	-0.112481	776200.000000
117.916667	-0.113725	776400.000000
118.020833	-0.115903	776600.000000
118.125000	-0.119573	776800.000000
118.229167	-0.123771	777000.000000
118.333333	-0.128341	777200.000000
118.437500	-0.131447	777400.000000
118.541667	-0.132774	777600.000000
118.645833	-0.132232	777800.000000
118.750000	-0.131532	778000.000000
118.854167	-0.131876	778200.000000
118.958333	-0.132664	778400.000000
119.062500	-0.133274	778600.000000
119.166667	-0.135358	778800.000000
119.270833	-0.134057	779000.000000
119.375000	-0.129562	779200.000000
119.479167	-0.122571	779400.000000
119.583333	-0.113361	779600.000000
119.687500	-0.104943	779800.000000
119.791667	-0.099846	780000.000000
119.895833	-0.098978	780200.000000
120.000000	-0.100365	780400.000000
120.104167	-0.104821	780600.000000
120.208333	-0.107032	780800.000000
120.312500	-0.107285	781000.000000
120.416667	-0.105905	781200.000000
120.520833	-0.104044	781400.000000
120.625000	-0.103025	781600.000000
120.729167	-0.105135	781800.000000
120.833333	-0.109006	782000.000000
120.937500	-0.111984	782200.000000
121.041667	-0.112296	782400.000000
121.145833	-0.111862	782600.000000
121.250000	-0.108401	782800.000000
121.354167	-0.104749	783000.000000
121.458333	-0.101259	783200.000000
121.562500	-0.099437	783400.000000
121.666667	-0.099731	783600.000000
121.770833	-0.099946	783800.000000
121.875000	-0.101562	784000.000000
121.979167	-0.102865	784200.000000
122.083333	-0.103648	784400.000000
122.187500	-0.103438	784600.000000
122.291667	-0.102852	784800.000000
122.395833	-0.100881	785000.000000
122.500000	-0.098217	785200.000000
122.604167	-0.095127	785400.000000
122.708333	-0.092519	785600.000000
122.812500	-0.090915	785800.000000
122.916667	-0.089659	786000.000000
123.020833	-0.089440	786200.000000
123.125000	-0.089587	786400.000000
123.229167	-0.089112	786600.000000
123.333333	-0.090360	786800.000000
123.437500	-0.091243	787000.000000
123.541667	-0.091748	787200.000000
123.645833	-0.092551	787400.000000
123.750000	-0.093598	787600.000000
123.854167	-0.095497	787800.000000
123.958333	-0.099500	788000.000000
124.062500	-0.102587	788200.000000
124.166667	-0.104400	788400.000000
124.270833	-0.105202	788600.000000
124.375000	-0.105002	788800.000000
124.479167	-0.105374	789000.000000
124.583333	-0.105231	789200.000000
124.687500	-0.106144	789400.000000
124.791667	-0.107001	789600.000000
124.895833	-0.109909	789800.000000
125.000000	-0.111746	790000.000000
125.104167	-0.112114	790200.000000
125.208333	-0.111948	790400.000000
125.312500	-0.111593	790600.000000
125.416667	-0.110319	790800.000000
125.520833	-0.112307	791000.000000
125.625000	-0.115998	791200.000000
125.729167	-0.119399	791400.000000
125.833333	-0.121290	791600.000000
125.937500	-0.122971	791800.000000
126.041667	-0.121491	792000.000000
126.145833	-0.119184	792200.000000
126.250000	-0.118494	792400.000000
126.354167	-0.117437	792600.000000
126.458333	-0.118290	792800.000000
126.562500	-0.118485	793000.000000
126.666667	-0.117391	793200.000000
126.770833	-0.114220	793400.000000
126.875000	-0.110049	793600.000000
126.979167	-0.106351	793800.000000
127.083333	-0.105192	794000.000000
127.187500	-0.108612	794200.000000
127.291667	-0.113068	794400.000000
127.395833	-0.118897	794600.000000
127.500000	-0.124360	794800.000000
127.604167	-0.126227	795000.000000
127.708333	-0.124468	795200.000000
127.812500	-0.121802	795400.000000
127.916667	-0.118908	795600.000000
128.020833	-0.116774	795800.000000
128.125000	-0.115555	796000.000000
128.229167	-0.114696	796200.000000
128.333333	-0.114045	796400.000000
128.437500	-0.112656	796600.000000
128.541667	-0.107317	796800.000000
128.645833	-0.100587	797000.000000
128.750000	-0.094242	797200.000000
128.854167	-0.089100	797400.000000
128.958333	-0.090488	797600.000000
129.062500	-0.092871	797800.000000
129.166667	-0.098160	798000.000000
129.270833	-0.102886	798200.000000
129.375000	-0.104952	798400.000000
129.479167	-0.102943	798600.000000
129.583333	-0.102083	798800.000000
129.687500	-0.101527	799000.000000
129.791667	-0.101613	799200.000000
129.895833	-0.105763	799400.000000
130.000000	-0.112492	799600.000000
130.104167	-0.117085	799800.000000
130.208333	-0.121248	800000.000000
