0.000000	-0.095219	550000.000000
0.104167	-0.094558	550200.000000
0.208333	-0.093855	550400.000000
0.312500	-0.094489	550600.000000
0.416667	-0.093830	550800.000000
0.520833	-0.093829	551000.000000
0.625000	-0.094777	551200.000000
0.729167	-0.095160	551400.000000
0.833333	-0.094290	551600.000000
0.937500	-0.095027	551800.000000
1.041667	-0.096352	552000.000000
1.145833	-0.096404	552200.000000
1.250000	-0.095792	552400.000000
1.354167	-0.096867	552600.000000
1.458333	-0.094879	552800.000000
1.562500	-0.095138	553000.000000
1.666667	-0.094638	553200.000000
1.770833	-0.094644	553400.000000
1.875000	-0.094071	553600.000000
1.979167	-0.093310	553800.000000
2.083333	-0.093585	554000.000000
2.187500	-0.093624	554200.000000
2.291667	-0.093378	554400.000000
2.395833	-0.093715	554600.000000
2.500000	-0.093088	554800.000000
2.604167	-0.093366	555000.000000
2.708333	-0.093878	555200.000000
2.812500	-0.093238	555400.000000
2.916667	-0.093014	555600.000000
3.020833	-0.093959	555800.000000
3.125000	-0.094134	556000.000000
3.229167	-0.093445	556200.000000
3.333333	-0.094043	556400.000000
3.437500	-0.093546	556600.000000
3.541667	-0.094453	556800.000000
3.645833	-0.094340	557000.000000
3.750000	-0.093663	557200.000000
3.854167	-0.093691	557400.000000
3.958333	-0.093838	557600.000000
4.062500	-0.093203	557800.000000
4.166667	-0.094178	558000.000000
4.270833	-0.094184	558200.000000
4.375000	-0.094318	558400.000000
4.479167	-0.094447	558600.000000
4.583333	-0.093927	558800.000000
4.687500	-0.093774	559000.000000
4.791667	-0.093521	559200.000000
4.895833	-0.093693	559400.000000
5.000000	-0.094058	559600.000000
5.104167	-0.094870	559800.000000
5.208333	-0.094132	560000.000000
5.312500	-0.094094	560200.000000
5.416667	-0.093816	560400.000000
5.520833	-0.094683	560600.000000
5.625000	-0.094260	560800.000000
5.729167	-0.094297	561000.000000
5.833333	-0.093965	561200.000000
5.937500	-0.094166	561400.000000
6.041667	-0.093710	561600.000000
6.145833	-0.094336	561800.000000
6.250000	-0.093616	562000.000000
6.354167	-0.094352	562200.000000
6.458333	-0.094423	562400.000000
6.562500	-0.094365	562600.000000
6.666667	-0.093791	562800.000000
6.770833	-0.094102	563000.000000
6.875000	-0.094614	563200.000000
6.979167	-0.094881	563400.000000
7.083333	-0.094275	563600.000000
7.187500	-0.094579	563800.000000
7.291667	-0.094666	564000.000000
7.395833	-0.095009	564200.000000
7.500000	-0.093911	564400.000000
7.604167	-0.093599	564600.000000
7.708333	-0.094038	564800.000000
7.812500	-0.093582	565000.000000
7.916667	-0.093578	565200.000000
8.020833	-0.093660	565400.000000
8.125000	-0.093466	565600.000000
8.229167	-0.093710	565800.000000
8.333333	-0.094161	566000.000000
8.437500	-0.094911	566200.000000
8.541667	-0.094691	566400.000000
8.645833	-0.094448	566600.000000
8.750000	-0.094022	566800.000000
8.854167	-0.093642	567000.000000
8.958333	-0.094471	567200.000000
9.062500	-0.094482	567400.000000
9.166667	-0.094171	567600.000000
9.270833	-0.094494	567800.000000
9.375000	-0.094045	568000.000000
9.479167	-0.094381	568200.000000
9.583333	-0.094874	568400.000000
9.687500	-0.094345	568600.000000
9.791667	-0.094135	568800.000000
9.895833	-0.094347	569000.000000
10.000000	-0.093905	569200.000000
10.104167	-0.094044	569400.000000
10.208333	-0.094262	569600.000000
10.312500	-0.094249	569800.000000
10.416667	-0.094416	570000.000000
10.520833	-0.094753	570200.000000
10.625000	-0.094452	570400.000000
10.729167	-0.093966	570600.000000
10.833333	-0.094384	570800.000000
10.937500	-0.094263	571000.000000
11.041667	-0.093735	571200.000000
11.145833	-0.094366	571400.000000
11.250000	-0.094688	571600.000000
11.354167	-0.094559	571800.000000
11.458333	-0.095149	572000.000000
11.562500	-0.094959	572200.000000
11.666667	-0.095270	572400.000000
11.770833	-0.094982	572600.000000
11.875000	-0.095050	572800.000000
11.979167	-0.093909	573000.000000
12.083333	-0.094893	573200.000000
12.187500	-0.095088	573400.000000
12.291667	-0.094531	573600.000000
12.395833	-0.094556	573800.000000
12.500000	-0.094687	574000.000000
12.604167	-0.094496	574200.000000
12.708333	-0.093741	574400.000000
12.812500	-0.094630	574600.000000
12.916667	-0.094262	574800.000000
13.020833	-0.093899	575000.000000
13.125000	-0.094383	575200.000000
13.229167	-0.095013	575400.000000
13.333333	-0.094986	575600.000000
13.437500	-0.095061	575800.000000
13.541667	-0.094650	576000.000000
13.645833	-0.094591	576200.000000
13.750000	-0.094547	576400.000000
13.854167	-0.094800	576600.000000
13.958333	-0.094615	576800.000000
14.062500	-0.094211	577000.000000
14.166667	-0.094582	577200.000000
14.270833	-0.093911	577400.000000
14.375000	-0.094565	577600.000000
14.479167	-0.095795	577800.000000
14.583333	-0.094576	578000.000000
14.687500	-0.094790	578200.000000
14.791667	-0.094731	578400.000000
14.895833	-0.094624	578600.000000
15.000000	-0.094521	578800.000000
15.104167	-0.094300	579000.000000
15.208333	-0.095198	579200.000000
15.312500	-0.095529	579400.000000
15.416667	-0.093969	579600.000000
15.520833	-0.094519	579800.000000
15.625000	-0.094119	580000.000000
15.729167	-0.093879	580200.000000
15.833333	-0.094403	580400.000000
15.937500	-0.095015	580600.000000
16.041667	-0.094688	580800.000000
16.145833	-0.094700	581000.000000
16.250000	-0.094480	581200.000000
16.354167	-0.094280	581400.000000
16.458333	-0.095258	581600.000000
16.562500	-0.095393	581800.000000
16.666667	-0.094854	582000.000000
16.770833	-0.095155	582200.000000
16.875000	-0.094965	582400.000000
16.979167	-0.093844	582600.000000
17.083333	-0.094155	582800.000000
17.187500	-0.094348	583000.000000
17.291667	-0.094490	583200.000000
17.395833	-0.094796	583400.000000
17.500000	-0.094427	583600.000000
17.604167	-0.094642	583800.000000
17.708333	-0.094747	584000.000000
17.812500	-0.094970	584200.000000
17.916667	-0.095234	584400.000000
18.020833	-0.095193	584600.000000
18.125000	-0.094567	584800.000000
18.229167	-0.093788	585000.000000
18.333333	-0.094435	585200.000000
18.437500	-0.094710	585400.000000
18.541667	-0.094701	585600.000000
18.645833	-0.093821	585800.000000
18.750000	-0.095026	586000.000000
18.854167	-0.094687	586200.000000
18.958333	-0.094746	586400.000000
19.062500	-0.094799	586600.000000
19.166667	-0.094244	586800.000000
19.270833	-0.095290	587000.000000
19.375000	-0.095648	587200.000000
19.479167	-0.094399	587400.000000
19.583333	-0.095584	587600.000000
19.687500	-0.094746	587800.000000
19.791667	-0.094839	588000.000000
19.895833	-0.094921	588200.000000
20.000000	-0.094285	588400.000000
20.104167	-0.094421	588600.000000
20.208333	-0.094376	588800.000000
20.312500	-0.094713	589000.000000
20.416667	-0.094785	589200.000000
20.520833	-0.094385	589400.000000
20.625000	-0.094468	589600.000000
20.729167	-0.094983	589800.000000
20.833333	-0.094628	590000.000000
20.937500	-0.094422	590200.000000
21.041667	-0.094679	590400.000000
21.145833	-0.094447	590600.000000
21.250000	-0.094763	590800.000000
21.354167	-0.094070	591000.000000
21.458333	-0.093824	591200.000000
21.562500	-0.094357	591400.000000
21.666667	-0.093700	591600.000000
21.770833	-0.092864	591800.000000
21.875000	-0.093288	592000.000000
21.979167	-0.092375	592200.000000
22.083333	-0.091761	592400.000000
22.187500	-0.092639	592600.000000
22.291667	-0.092420	592800.000000
22.395833	-0.092105	593000.000000
22.500000	-0.092454	593200.000000
22.604167	-0.091345	593400.000000
22.708333	-0.091814	593600.000000
22.812500	-0.091167	593800.000000
22.916667	-0.090437	594000.000000
23.020833	-0.090232	594200.000000
23.125000	-0.090106	594400.000000
23.229167	-0.089978	594600.000000
23.333333	-0.089926	594800.000000
23.437500	-0.090794	595000.000000
23.541667	-0.090468	595200.000000
23.645833	-0.090481	595400.000000
23.750000	-0.090541	595600.000000
23.854167	-0.092305	595800.000000
23.958333	-0.095560	596000.000000
24.062500	-0.102408	596200.000000
24.166667	-0.115798	596400.000000
24.270833	-0.136493	596600.000000
24.375000	-0.157679	596800.000000
24.479167	-0.168313	597000.000000
24.583333	-0.159534	597200.000000
24.687500	-0.131832	597400.000000
24.791667	-0.096891	597600.000000
24.895833	-0.071192	597800.000000
25.000000	-0.060710	598000.000000
25.104167	-0.062181	598200.000000
25.208333	-0.068627	598400.000000
25.312500	-0.076270	598600.000000
25.416667	-0.082724	598800.000000
25.520833	-0.086201	599000.000000
25.625000	-0.087708	599200.000000
25.729167	-0.089047	599400.000000
25.833333	-0.089055	599600.000000
25.937500	-0.088005	599800.000000
26.041667	-0.085733	600000.000000
26.145833	-0.081751	600200.000000
26.250000	-0.079725	600400.000000
26.354167	-0.082678	600600.000000
26.458333	-0.089429	600800.000000
26.562500	-0.096513	601000.000000
26.666667	-0.098891	601200.000000
26.770833	-0.097068	601400.000000
26.875000	-0.093757	601600.000000
26.979167	-0.091365	601800.000000
27.083333	-0.090895	602000.000000
27.187500	-0.092093	602200.000000
27.291667	-0.092580	602400.000000
27.395833	-0.093828	602600.000000
27.500000	-0.096227	602800.000000
27.604167	-0.097196	603000.000000
27.708333	-0.097964	603200.000000
27.812500	-0.095992	603400.000000
27.916667	-0.091834	603600.000000
28.020833	-0.088419	603800.000000
28.125000	-0.087410	604000.000000
28.229167	-0.090808	604200.000000
28.333333	-0.094569	604400.000000
28.437500	-0.097424	604600.000000
28.541667	-0.096621	604800.000000
28.645833	-0.093573	605000.000000
28.750000	-0.092497	605200.000000
28.854167	-0.092159	605400.000000
28.958333	-0.094833	605600.000000
29.062500	-0.097551	605800.000000
29.166667	-0.097597	606000.000000
29.270833	-0.095516	606200.000000
29.375000	-0.094636	606400.000000
29.479167	-0.093190	606600.000000
29.583333	-0.093260	606800.000000
29.687500	-0.092642	607000.000000
29.791667	-0.092436	607200.000000
29.895833	-0.093033	607400.000000
30.000000	-0.094237	607600.000000
30.104167	-0.095597	607800.000000
30.208333	-0.096151	608000.000000
30.312500	-0.096384	608200.000000
30.416667	-0.097857	608400.000000
30.520833	-0.097717	608600.000000
30.625000	-0.097669	608800.000000
30.729167	-0.095628	609000.000000
30.833333	-0.093833	609200.000000
30.937500	-0.093882	609400.000000
31.041667	-0.094157	609600.000000
31.145833	-0.095128	609800.000000
31.250000	-0.096229	610000.000000
31.354167	-0.094920	610200.000000
31.458333	-0.094212	610400.000000
31.562500	-0.094262	610600.000000
31.666667	-0.093124	610800.000000
31.770833	-0.093586	611000.000000
31.875000	-0.094374	611200.000000
31.979167	-0.095361	611400.000000
32.083333	-0.095541	611600.000000
32.187500	-0.096802	611800.000000
32.291667	-0.095728	612000.000000
32.395833	-0.093703	612200.000000
32.500000	-0.093516	612400.000000
32.604167	-0.094849	612600.000000
32.708333	-0.094632	612800.000000
32.812500	-0.093981	613000.000000
32.916667	-0.093196	613200.000000
33.020833	-0.094385	613400.000000
33.125000	-0.095558	613600.000000
33.229167	-0.095221	613800.000000
33.333333	-0.094335	614000.000000
33.437500	-0.093576	614200.000000
33.541667	-0.092182	614400.000000
33.645833	-0.091356	614600.000000
33.750000	-0.092632	614800.000000
33.854167	-0.094828	615000.000000
33.958333	-0.097746	615200.000000
34.062500	-0.099893	615400.000000
34.166667	-0.099590	615600.000000
34.270833	-0.098004	615800.000000
34.375000	-0.097402	616000.000000
34.479167	-0.096037	616200.000000
34.583333	-0.095233	616400.000000
34.687500	-0.095207	616600.000000
34.791667	-0.095705	616800.000000
34.895833	-0.095429	617000.000000
35.000000	-0.095786	617200.000000
35.104167	-0.095982	617400.000000
35.208333	-0.095498	617600.000000
35.312500	-0.094673	617800.000000
35.416667	-0.094198	618000.000000
35.520833	-0.093266	618200.000000
35.625000	-0.094043	618400.000000
35.729167	-0.094895	618600.000000
35.833333	-0.095435	618800.000000
35.937500	-0.096708	619000.000000
36.041667	-0.097183	619200.000000
36.145833	-0.096333	619400.000000
36.250000	-0.095707	619600.000000
36.354167	-0.094496	619800.000000
36.458333	-0.092215	620000.000000
36.562500	-0.091466	620200.000000
36.666667	-0.093165	620400.000000
36.770833	-0.095683	620600.000000
36.875000	-0.099393	620800.000000
36.979167	-0.099930	621000.000000
37.083333	-0.097236	621200.000000
37.187500	-0.095053	621400.000000
37.291667	-0.093474	621600.000000
37.395833	-0.094216	621800.000000
37.500000	-0.096471	622000.000000
37.604167	-0.097795	622200.000000
37.708333	-0.097504	622400.000000
37.812500	-0.097420	622600.000000
37.916667	-0.096298	622800.000000
38.020833	-0.095878	623000.000000
38.125000	-0.096349	623200.000000
38.229167	-0.094428	623400.000000
38.333333	-0.092923	623600.000000
38.437500	-0.094002	623800.000000
38.541667	-0.095661	624000.000000
38.645833	-0.097191	624200.000000
38.750000	-0.096529	624400.000000
38.854167	-0.094292	624600.000000
38.958333	-0.092034	624800.000000
39.062500	-0.091847	625000.000000
39.166667	-0.093886	625200.000000
39.270833	-0.096583	625400.000000
39.375000	-0.097872	625600.000000
39.479167	-0.098250	625800.000000
39.583333	-0.098400	626000.000000
39.687500	-0.098555	626200.000000
39.791667	-0.098168	626400.000000
39.895833	-0.096441	626600.000000
40.000000	-0.093382	626800.000000
40.104167	-0.092379	627000.000000
40.208333	-0.093365	627200.000000
40.312500	-0.096000	627400.000000
40.416667	-0.098254	627600.000000
40.520833	-0.096834	627800.000000
40.625000	-0.094158	628000.000000
40.729167	-0.092399	628200.000000
40.833333	-0.092227	628400.000000
40.937500	-0.094395	628600.000000
41.041667	-0.096586	628800.000000
41.145833	-0.098593	629000.000000
41.250000	-0.099131	629200.000000
41.354167	-0.098830	629400.000000
41.458333	-0.096310	629600.000000
41.562500	-0.094046	629800.000000
41.666667	-0.093686	630000.000000
41.770833	-0.093445	630200.000000
41.875000	-0.093850	630400.000000
41.979167	-0.094810	630600.000000
42.083333	-0.096158	630800.000000
42.187500	-0.096005	631000.000000
42.291667	-0.096255	631200.000000
42.395833	-0.095990	631400.000000
42.500000	-0.094531	631600.000000
42.604167	-0.092531	631800.000000
42.708333	-0.093164	632000.000000
42.812500	-0.094201	632200.000000
42.916667	-0.096531	632400.000000
43.020833	-0.096407	632600.000000
43.125000	-0.096364	632800.000000
43.229167	-0.096733	633000.000000
43.333333	-0.095753	633200.000000
43.437500	-0.096106	633400.000000
43.541667	-0.094932	633600.000000
43.645833	-0.094121	633800.000000
43.750000	-0.095002	634000.000000
43.854167	-0.095553	634200.000000
43.958333	-0.096155	634400.000000
44.062500	-0.096144	634600.000000
44.166667	-0.094010	634800.000000
44.270833	-0.093325	635000.000000
44.375000	-0.092342	635200.000000
44.479167	-0.093507	635400.000000
44.583333	-0.095136	635600.000000
44.687500	-0.096270	635800.000000
44.791667	-0.096731	636000.000000
44.895833	-0.096490	636200.000000
45.000000	-0.096393	636400.000000
45.104167	-0.096302	636600.000000
45.208333	-0.095499	636800.000000
45.312500	-0.095685	637000.000000
45.416667	-0.095989	637200.000000
45.520833	-0.095873	637400.000000
45.625000	-0.096334	637600.000000
45.729167	-0.094824	637800.000000
45.833333	-0.093672	638000.000000
45.937500	-0.094161	638200.000000
46.041667	-0.094568	638400.000000
46.145833	-0.095388	638600.000000
46.250000	-0.095386	638800.000000
46.354167	-0.095842	639000.000000
46.458333	-0.095141	639200.000000
46.562500	-0.095191	639400.000000
46.666667	-0.096284	639600.000000
46.770833	-0.096143	639800.000000
46.875000	-0.095570	640000.000000
46.979167	-0.095551	640200.000000
47.083333	-0.095053	640400.000000
47.187500	-0.095175	640600.000000
47.291667	-0.095731	640800.000000
47.395833	-0.096428	641000.000000
47.500000	-0.095095	641200.000000
47.604167	-0.094708	641400.000000
47.708333	-0.094551	641600.000000
47.812500	-0.094852	641800.000000
47.916667	-0.094950	642000.000000
48.020833	-0.095798	642200.000000
48.125000	-0.095945	642400.000000
48.229167	-0.095557	642600.000000
48.333333	-0.095077	642800.000000
48.437500	-0.094727	643000.000000
48.541667	-0.095464	643200.000000
48.645833	-0.095388	643400.000000
48.750000	-0.095887	643600.000000
48.854167	-0.096751	643800.000000
48.958333	-0.096652	644000.000000
49.062500	-0.096547	644200.000000
49.166667	-0.095779	644400.000000
49.270833	-0.095703	644600.000000
49.375000	-0.095111	644800.000000
49.479167	-0.094271	645000.000000
49.583333	-0.093620	645200.000000
49.687500	-0.095107	645400.000000
49.791667	-0.096141	645600.000000
49.895833	-0.095473	645800.000000
50.000000	-0.094880	646000.000000
50.104167	-0.094833	646200.000000
50.208333	-0.095502	646400.000000
50.312500	-0.096611	646600.000000
50.416667	-0.096841	646800.000000
50.520833	-0.096556	647000.000000
50.625000	-0.095861	647200.000000
50.729167	-0.095303	647400.000000
50.833333	-0.095370	647600.000000
50.937500	-0.095111	647800.000000
51.041667	-0.094573	648000.000000
51.145833	-0.094416	648200.000000
51.250000	-0.094306	648400.000000
51.354167	-0.095909	648600.000000
51.458333	-0.096623	648800.000000
51.562500	-0.096243	649000.000000
51.666667	-0.096372	649200.000000
51.770833	-0.095669	649400.000000
51.875000	-0.094550	649600.000000
51.979167	-0.095173	649800.000000
52.083333	-0.096163	650000.000000
52.187500	-0.096415	650200.000000
52.291667	-0.097101	650400.000000
52.395833	-0.096485	650600.000000
52.500000	-0.096038	650800.000000
52.604167	-0.095824	651000.000000
52.708333	-0.095228	651200.000000
52.812500	-0.094298	651400.000000
52.916667	-0.094870	651600.000000
53.020833	-0.096271	651800.000000
53.125000	-0.097075	652000.000000
53.229167	-0.097231	652200.000000
53.333333	-0.096298	652400.000000
53.437500	-0.094929	652600.000000
53.541667	-0.094823	652800.000000
53.645833	-0.096006	653000.000000
53.750000	-0.095418	653200.000000
53.854167	-0.096481	653400.000000
53.958333	-0.096855	653600.000000
54.062500	-0.097946	653800.000000
54.166667	-0.097472	654000.000000
54.270833	-0.097195	654200.000000
54.375000	-0.096340	654400.000000
54.479167	-0.095375	654600.000000
54.583333	-0.096019	654800.000000
54.687500	-0.095410	655000.000000
54.791667	-0.095167	655200.000000
54.895833	-0.096046	655400.000000
55.000000	-0.095444	655600.000000
55.104167	-0.095469	655800.000000
55.208333	-0.096092	656000.000000
55.312500	-0.095921	656200.000000
55.416667	-0.096022	656400.000000
55.520833	-0.096931	656600.000000
55.625000	-0.096682	656800.000000
55.729167	-0.097462	657000.000000
55.833333	-0.097419	657200.000000
55.937500	-0.097936	657400.000000
56.041667	-0.097070	657600.000000
56.145833	-0.096977	657800.000000
56.250000	-0.095445	658000.000000
56.354167	-0.094780	658200.000000
56.458333	-0.095173	658400.000000
56.562500	-0.095148	658600.000000
56.666667	-0.094917	658800.000000
56.770833	-0.096076	659000.000000
56.875000	-0.095925	659200.000000
56.979167	-0.096851	659400.000000
57.083333	-0.096766	659600.000000
57.187500	-0.096415	659800.000000
57.291667	-0.096544	660000.000000
57.395833	-0.096193	660200.000000
57.500000	-0.096480	660400.000000
57.604167	-0.096348	660600.000000
57.708333	-0.095640	660800.000000
57.812500	-0.095520	661000.000000
57.916667	-0.095297	661200.000000
58.020833	-0.095700	661400.000000
58.125000	-0.096412	661600.000000
58.229167	-0.095227	661800.000000
58.333333	-0.095292	662000.000000
58.437500	-0.095143	662200.000000
58.541667	-0.094625	662400.000000
58.645833	-0.095268	662600.000000
58.750000	-0.095608	662800.000000
58.854167	-0.095347	663000.000000
58.958333	-0.095896	663200.000000
59.062500	-0.095304	663400.000000
59.166667	-0.095191	663600.000000
59.270833	-0.095703	663800.000000
59.375000	-0.096667	664000.000000
59.479167	-0.096529	664200.000000
59.583333	-0.097634	664400.000000
59.687500	-0.096961	664600.000000
59.791667	-0.096645	664800.000000
59.895833	-0.096169	665000.000000
60.000000	-0.095795	665200.000000
60.104167	-0.094551	665400.000000
60.208333	-0.094643	665600.000000
60.312500	-0.095257	665800.000000
60.416667	-0.096394	666000.000000
60.520833	-0.096428	666200.000000
60.625000	-0.096627	666400.000000
60.729167	-0.096181	666600.000000
60.833333	-0.096560	666800.000000
60.937500	-0.095273	667000.000000
61.041667	-0.096265	667200.000000
61.145833	-0.097038	667400.000000
61.250000	-0.096560	667600.000000
61.354167	-0.095915	667800.000000
61.458333	-0.096202	668000.000000
61.562500	-0.096257	668200.000000
61.666667	-0.095706	668400.000000
61.770833	-0.095413	668600.000000
61.875000	-0.094734	668800.000000
61.979167	-0.094205	669000.000000
62.083333	-0.095177	669200.000000
62.187500	-0.095744	669400.000000
62.291667	-0.096761	669600.000000
62.395833	-0.097507	669800.000000
62.500000	-0.095893	670000.000000
62.604167	-0.094832	670200.000000
62.708333	-0.095308	670400.000000
62.812500	-0.095945	670600.000000
62.916667	-0.095830	670800.000000
63.020833	-0.096054	671000.000000
63.125000	-0.095586	671200.000000
63.229167	-0.096000	671400.000000
63.333333	-0.096278	671600.000000
63.437500	-0.096487	671800.000000
63.541667	-0.095845	672000.000000
63.645833	-0.095849	672200.000000
63.750000	-0.096223	672400.000000
63.854167	-0.095211	672600.000000
63.958333	-0.095565	672800.000000
64.062500	-0.095612	673000.000000
64.166667	-0.096036	673200.000000
64.270833	-0.096041	673400.000000
64.375000	-0.096475	673600.000000
64.479167	-0.096896	673800.000000
64.583333	-0.096401	674000.000000
64.687500	-0.096658	674200.000000
64.791667	-0.096596	674400.000000
64.895833	-0.097225	674600.000000
65.000000	-0.096293	674800.000000
65.104167	-0.096094	675000.000000
65.208333	-0.096696	675200.000000
65.312500	-0.097261	675400.000000
65.416667	-0.096987	675600.000000
65.520833	-0.095581	675800.000000
65.625000	-0.095128	676000.000000
65.729167	-0.094541	676200.000000
65.833333	-0.096002	676400.000000
65.937500	-0.096585	676600.000000
66.041667	-0.096290	676800.000000
66.145833	-0.097439	677000.000000
66.250000	-0.097038	677200.000000
66.354167	-0.097121	677400.000000
66.458333	-0.097283	677600.000000
66.562500	-0.096086	677800.000000
66.666667	-0.096069	678000.000000
66.770833	-0.095898	678200.000000
66.875000	-0.095976	678400.000000
66.979167	-0.095863	678600.000000
67.083333	-0.096863	678800.000000
67.187500	-0.096281	679000.000000
67.291667	-0.095970	679200.000000
67.395833	-0.095271	679400.000000
67.500000	-0.096236	679600.000000
67.604167	-0.095743	679800.000000
67.708333	-0.096729	680000.000000
67.812500	-0.097475	680200.000000
67.916667	-0.097482	680400.000000
68.020833	-0.096701	680600.000000
68.125000	-0.096157	680800.000000
68.229167	-0.094981	681000.000000
68.333333	-0.095685	681200.000000
68.437500	-0.095538	681400.000000
68.541667	-0.096368	681600.000000
68.645833	-0.097469	681800.000000
68.750000	-0.097147	682000.000000
68.854167	-0.096779	682200.000000
68.958333	-0.096384	682400.000000
69.062500	-0.095358	682600.000000
69.166667	-0.094407	682800.000000
69.270833	-0.095317	683000.000000
69.375000	-0.095679	683200.000000
69.479167	-0.096478	683400.000000
69.583333	-0.096727	683600.000000
69.687500	-0.096352	683800.000000
69.791667	-0.096447	684000.000000
69.895833	-0.095631	684200.000000
70.000000	-0.095169	684400.000000
70.104167	-0.095195	684600.000000
70.208333	-0.096030	684800.000000
70.312500	-0.097398	685000.000000
70.416667	-0.097025	685200.000000
70.520833	-0.096518	685400.000000
70.625000	-0.096824	685600.000000
70.729167	-0.095530	685800.000000
70.833333	-0.095173	686000.000000
70.937500	-0.095424	686200.000000
71.041667	-0.095636	686400.000000
71.145833	-0.096376	686600.000000
71.250000	-0.096631	686800.000000
71.354167	-0.096656	687000.000000
71.458333	-0.096854	687200.000000
71.562500	-0.097788	687400.000000
71.666667	-0.096995	687600.000000
71.770833	-0.096732	687800.000000
71.875000	-0.096448	688000.000000
71.979167	-0.096543	688200.000000
72.083333	-0.096803	688400.000000
72.187500	-0.096632	688600.000000
72.291667	-0.096429	688800.000000
72.395833	-0.097418	689000.000000
72.500000	-0.096813	689200.000000
72.604167	-0.095807	689400.000000
72.708333	-0.095599	689600.000000
72.812500	-0.096088	689800.000000
72.916667	-0.095942	690000.000000
73.020833	-0.095902	690200.000000
73.125000	-0.096083	690400.000000
73.229167	-0.095760	690600.000000
73.333333	-0.095228	690800.000000
73.437500	-0.095480	691000.000000
73.541667	-0.095304	691200.000000
73.645833	-0.095834	691400.000000
73.750000	-0.095923	691600.000000
73.854167	-0.095954	691800.000000
73.958333	-0.096085	692000.000000
74.062500	-0.095399	692200.000000
74.166667	-0.095616	692400.000000
74.270833	-0.095882	692600.000000
74.375000	-0.097071	692800.000000
74.479167	-0.096060	693000.000000
74.583333	-0.096076	693200.000000
74.687500	-0.096488	693400.000000
74.791667	-0.096139	693600.000000
74.895833	-0.095608	693800.000000
75.000000	-0.096693	694000.000000
75.104167	-0.096461	694200.000000
75.208333	-0.096839	694400.000000
75.312500	-0.097464	694600.000000
75.416667	-0.097391	694800.000000
75.520833	-0.096463	695000.000000
75.625000	-0.096543	695200.000000
75.729167	-0.096427	695400.000000
75.833333	-0.096748	695600.000000
75.937500	-0.096974	695800.000000
76.041667	-0.096419	696000.000000
76.145833	-0.096038	696200.000000
76.250000	-0.096323	696400.000000
76.354167	-0.096351	696600.000000
76.458333	-0.095630	696800.000000
76.562500	-0.094977	697000.000000
76.666667	-0.095582	697200.000000
76.770833	-0.096863	697400.000000
76.875000	-0.096823	697600.000000
76.979167	-0.096716	697800.000000
77.083333	-0.097026	698000.000000
77.187500	-0.096526	698200.000000
77.291667	-0.096214	698400.000000
77.395833	-0.096001	698600.000000
77.500000	-0.096231	698800.000000
77.604167	-0.096030	699000.000000
77.708333	-0.095941	699200.000000
77.812500	-0.095774	699400.000000
77.916667	-0.096803	699600.000000
78.020833	-0.096638	699800.000000
78.125000	-0.095787	700000.000000
78.229167	-0.095766	700200.000000
78.333333	-0.095724	700400.000000
78.437500	-0.096638	700600.000000
78.541667	-0.096892	700800.000000
78.645833	-0.097820	701000.000000
78.750000	-0.097370	701200.000000
78.854167	-0.095838	701400.000000
78.958333	-0.095431	701600.000000
79.062500	-0.096197	701800.000000
79.166667	-0.096304	702000.000000
79.270833	-0.096406	702200.000000
79.375000	-0.096217	702400.000000
79.479167	-0.096864	702600.000000
79.583333	-0.096748	702800.000000
79.687500	-0.096349	703000.000000
79.791667	-0.095644	703200.000000
79.895833	-0.095041	703400.000000
80.000000	-0.094612	703600.000000
80.104167	-0.095496	703800.000000
80.208333	-0.095641	704000.000000
80.312500	-0.095376	704200.000000
80.416667	-0.096017	704400.000000
80.520833	-0.096759	704600.000000
80.625000	-0.096495	704800.000000
80.729167	-0.096484	705000.000000
80.833333	-0.096286	705200.000000
80.937500	-0.096400	705400.000000
81.041667	-0.096285	705600.000000
81.145833	-0.095624	705800.000000
81.250000	-0.095991	706000.000000
81.354167	-0.096454	706200.000000
81.458333	-0.096060	706400.000000
81.562500	-0.096141	706600.000000
81.666667	-0.095833	706800.000000
81.770833	-0.095706	707000.000000
81.875000	-0.096619	707200.000000
81.979167	-0.096378	707400.000000
82.083333	-0.096108	707600.000000
82.187500	-0.097036	707800.000000
82.291667	-0.097118	708000.000000
82.395833	-0.096594	708200.000000
82.500000	-0.096867	708400.000000
82.604167	-0.096075	708600.000000
82.708333	-0.096325	708800.000000
82.812500	-0.095911	709000.000000
82.916667	-0.096248	709200.000000
83.020833	-0.096412	709400.000000
83.125000	-0.095939	709600.000000
83.229167	-0.096016	709800.000000
83.333333	-0.095921	710000.000000
83.437500	-0.097005	710200.000000
83.541667	-0.096459	710400.000000
83.645833	-0.096086	710600.000000
83.750000	-0.096899	710800.000000
83.854167	-0.095772	711000.000000
83.958333	-0.095838	711200.000000
84.062500	-0.095972	711400.000000
84.166667	-0.096274	711600.000000
84.270833	-0.096502	711800.000000
84.375000	-0.096201	712000.000000
84.479167	-0.096117	712200.000000
84.583333	-0.096670	712400.000000
84.687500	-0.096034	712600.000000
84.791667	-0.096798	712800.000000
84.895833	-0.096736	713000.000000
85.000000	-0.096304	713200.000000
85.104167	-0.096945	713400.000000
85.208333	-0.096777	713600.000000
85.312500	-0.096133	713800.000000
85.416667	-0.095940	714000.000000
85.520833	-0.096098	714200.000000
85.625000	-0.096873	714400.000000
85.729167	-0.097340	714600.000000
85.833333	-0.097054	714800.000000
85.937500	-0.098090	715000.000000
86.041667	-0.097033	715200.000000
86.145833	-0.096725	715400.000000
86.250000	-0.097432	715600.000000
86.354167	-0.097792	715800.000000
86.458333	-0.098182	716000.000000
86.562500	-0.098612	716200.000000
86.666667	-0.097792	716400.000000
86.770833	-0.098406	716600.000000
86.875000	-0.098083	716800.000000
86.979167	-0.097420	717000.000000
87.083333	-0.096819	717200.000000
87.187500	-0.097765	717400.000000
87.291667	-0.097510	717600.000000
87.395833	-0.097003	717800.000000
87.500000	-0.097601	718000.000000
87.604167	-0.097852	718200.000000
87.708333	-0.098071	718400.000000
87.812500	-0.097458	718600.000000
87.916667	-0.097266	718800.000000
88.020833	-0.096159	719000.000000
88.125000	-0.096182	719200.000000
88.229167	-0.096084	719400.000000
88.333333	-0.096142	719600.000000
88.437500	-0.097015	719800.000000
88.541667	-0.097121	720000.000000
88.645833	-0.095908	720200.000000
88.750000	-0.096021	720400.000000
88.854167	-0.096610	720600.000000
88.958333	-0.096340	720800.000000
89.062500	-0.096398	721000.000000
89.166667	-0.096606	721200.000000
89.270833	-0.096517	721400.000000
89.375000	-0.097898	721600.000000
89.479167	-0.097539	721800.000000
89.583333	-0.096146	722000.000000
89.687500	-0.097041	722200.000000
89.791667	-0.097864	722400.000000
89.895833	-0.097546	722600.000000
90.000000	-0.097439	722800.000000
90.104167	-0.097766	723000.000000
90.208333	-0.097503	723200.000000
90.312500	-0.097641	723400.000000
90.416667	-0.097064	723600.000000
90.520833	-0.096594	723800.000000
90.625000	-0.096605	724000.000000
90.729167	-0.097400	724200.000000
90.833333	-0.096463	724400.000000
90.937500	-0.096411	724600.000000
91.041667	-0.097354	724800.000000
91.145833	-0.096588	725000.000000
91.250000	-0.096784	725200.000000
91.354167	-0.097098	725400.000000
91.458333	-0.097571	725600.000000
91.562500	-0.097920	725800.000000
91.666667	-0.097562	726000.000000
91.770833	-0.096724	726200.000000
91.875000	-0.097728	726400.000000
91.979167	-0.097474	726600.000000
92.083333	-0.096704	726800.000000
92.187500	-0.096732	727000.000000
92.291667	-0.096755	727200.000000
92.395833	-0.096309	727400.000000
92.500000	-0.097039	727600.000000
92.604167	-0.097108	727800.000000
92.708333	-0.096775	728000.000000
92.812500	-0.097106	728200.000000
92.916667	-0.097757	728400.000000
93.020833	-0.097678	728600.000000
93.125000	-0.097890	728800.000000
93.229167	-0.097107	729000.000000
93.333333	-0.097626	729200.000000
93.437500	-0.098136	729400.000000
93.541667	-0.098449	729600.000000
93.645833	-0.097760	729800.000000
93.750000	-0.097812	730000.000000
93.854167	-0.098215	730200.000000
93.958333	-0.098513	730400.000000
94.062500	-0.097458	730600.000000
94.166667	-0.097564	730800.000000
94.270833	-0.097132	731000.000000
94.375000	-0.097541	731200.000000
94.479167	-0.097957	731400.000000
94.583333	-0.097617	731600.000000
94.687500	-0.097905	731800.000000
94.791667	-0.098216	732000.000000
94.895833	-0.097718	732200.000000
95.000000	-0.097215	732400.000000
95.104167	-0.098167	732600.000000
95.208333	-0.097851	732800.000000
95.312500	-0.097659	733000.000000
95.416667	-0.097244	733200.000000
95.520833	-0.096997	733400.000000
95.625000	-0.096936	733600.000000
95.729167	-0.096910	733800.000000
95.833333	-0.097161	734000.000000
95.937500	-0.096721	734200.000000
96.041667	-0.096293	734400.000000
96.145833	-0.096377	734600.000000
96.250000	-0.096376	734800.000000
96.354167	-0.097216	735000.000000
96.458333	-0.096843	735200.000000
96.562500	-0.096667	735400.000000
96.666667	-0.096980	735600.000000
96.770833	-0.096701	735800.000000
96.875000	-0.096692	736000.000000
96.979167	-0.097466	736200.000000
97.083333	-0.096884	736400.000000
97.187500	-0.095955	736600.000000
97.291667	-0.096650	736800.000000
97.395833	-0.095680	737000.000000
97.500000	-0.095925	737200.000000
97.604167	-0.096771	737400.000000
97.708333	-0.096916	737600.000000
97.812500	-0.096352	737800.000000
97.916667	-0.097266	738000.000000
98.020833	-0.097037	738200.000000
98.125000	-0.097232	738400.000000
98.229167	-0.097285	738600.000000
98.333333	-0.097620	738800.000000
98.437500	-0.097181	739000.000000
98.541667	-0.097225	739200.000000
98.645833	-0.097928	739400.000000
98.750000	-0.097633	739600.000000
98.854167	-0.098438	739800.000000
98.958333	-0.098489	740000.000000
99.062500	-0.099188	740200.000000
99.166667	-0.098643	740400.000000
99.270833	-0.097978	740600.000000
99.375000	-0.098337	740800.000000
99.479167	-0.098176	741000.000000
99.583333	-0.097556	741200.000000
99.687500	-0.097160	741400.000000
99.791667	-0.096879	741600.000000
99.895833	-0.096639	741800.000000
100.000000	-0.096872	742000.000000
100.104167	-0.097468	742200.000000
100.208333	-0.097308	742400.000000
100.312500	-0.097170	742600.000000
100.416667	-0.097588	742800.000000
100.520833	-0.097582	743000.000000
100.625000	-0.097158	743200.000000
100.729167	-0.097338	743400.000000
100.833333	-0.097423	743600.000000
100.937500	-0.097394	743800.000000
101.041667	-0.097672	744000.000000
101.145833	-0.097638	744200.000000
101.250000	-0.097683	744400.000000
101.354167	-0.097820	744600.000000
101.458333	-0.097305	744800.000000
101.562500	-0.097064	745000.000000
101.666667	-0.097517	745200.000000
101.770833	-0.097157	745400.000000
101.875000	-0.097243	745600.000000
101.979167	-0.097693	745800.000000
102.083333	-0.098067	746000.000000
102.187500	-0.097939	746200.000000
102.291667	-0.097441	746400.000000
102.395833	-0.096946	746600.000000
102.500000	-0.096443	746800.000000
102.604167	-0.097982	747000.000000
102.708333	-0.098056	747200.000000
102.812500	-0.097584	747400.000000
102.916667	-0.097544	747600.000000
103.020833	-0.096964	747800.000000
103.125000	-0.096698	748000.000000
103.229167	-0.098381	748200.000000
103.333333	-0.098180	748400.000000
103.437500	-0.097179	748600.000000
103.541667	-0.098298	748800.000000
103.645833	-0.098591	749000.000000
103.750000	-0.098205	749200.000000
103.854167	-0.098468	749400.000000
103.958333	-0.097873	749600.000000
104.062500	-0.097362	749800.000000
104.166667	-0.097112	750000.000000
104.270833	-0.097696	750200.000000
104.375000	-0.097304	750400.000000
104.479167	-0.096878	750600.000000
104.583333	-0.097827	750800.000000
104.687500	-0.098047	751000.000000
104.791667	-0.097889	751200.000000
104.895833	-0.096952	751400.000000
105.000000	-0.097435	751600.000000
105.104167	-0.097798	751800.000000
105.208333	-0.096931	752000.000000
105.312500	-0.097007	752200.000000
105.416667	-0.097225	752400.000000
105.520833	-0.097440	752600.000000
105.625000	-0.097622	752800.000000
105.729167	-0.098037	753000.000000
105.833333	-0.097539	753200.000000
105.937500	-0.097669	753400.000000
106.041667	-0.097651	753600.000000
106.145833	-0.097430	753800.000000
106.250000	-0.097019	754000.000000
106.354167	-0.096812	754200.000000
106.458333	-0.097537	754400.000000
106.562500	-0.097132	754600.000000
106.666667	-0.097785	754800.000000
106.770833	-0.096797	755000.000000
106.875000	-0.096698	755200.000000
106.979167	-0.096894	755400.000000
107.083333	-0.097439	755600.000000
107.187500	-0.097774	755800.000000
107.291667	-0.098293	756000.000000
107.395833	-0.097321	756200.000000
107.500000	-0.096768	756400.000000
107.604167	-0.097864	756600.000000
107.708333	-0.098023	756800.000000
107.812500	-0.097497	757000.000000
107.916667	-0.097491	757200.000000
108.020833	-0.097805	757400.000000
108.125000	-0.097047	757600.000000
108.229167	-0.097194	757800.000000
108.333333	-0.096821	758000.000000
108.437500	-0.096558	758200.000000
108.541667	-0.096640	758400.000000
108.645833	-0.097043	758600.000000
108.750000	-0.097271	758800.000000
108.854167	-0.097468	759000.000000
108.958333	-0.096979	759200.000000
109.062500	-0.096796	759400.000000
109.166667	-0.097384	759600.000000
109.270833	-0.097379	759800.000000
109.375000	-0.097223	760000.000000
109.479167	-0.097300	760200.000000
109.583333	-0.096855	760400.000000
109.687500	-0.096878	760600.000000
109.791667	-0.097519	760800.000000
109.895833	-0.097885	761000.000000
110.000000	-0.097492	761200.000000
110.104167	-0.097633	761400.000000
110.208333	-0.096768	761600.000000
110.312500	-0.097329	761800.000000
110.416667	-0.096742	762000.000000
110.520833	-0.096975	762200.000000
110.625000	-0.096801	762400.000000
110.729167	-0.097768	762600.000000
110.833333	-0.097777	762800.000000
110.937500	-0.097711	763000.000000
111.041667	-0.097271	763200.000000
111.145833	-0.097747	763400.000000
111.250000	-0.097041	763600.000000
111.354167	-0.097457	763800.000000
111.458333	-0.097835	764000.000000
111.562500	-0.097452	764200.000000
111.666667	-0.098294	764400.000000
111.770833	-0.098179	764600.000000
111.875000	-0.097665	764800.000000
111.979167	-0.098007	765000.000000
112.083333	-0.099153	765200.000000
112.187500	-0.099420	765400.000000
112.291667	-0.098764	765600.000000
112.395833	-0.098954	765800.000000
112.500000	-0.098998	766000.000000
112.604167	-0.098339	766200.000000
112.708333	-0.098294	766400.000000
112.812500	-0.097683	766600.000000
112.916667	-0.096472	766800.000000
113.020833	-0.096418	767000.000000
113.125000	-0.095815	767200.000000
113.229167	-0.096151	767400.000000
113.333333	-0.094983	767600.000000
113.437500	-0.095807	767800.000000
113.541667	-0.095984	768000.000000
113.645833	-0.096638	768200.000000
113.750000	-0.095861	768400.000000
113.854167	-0.096419	768600.000000
113.958333	-0.098012	768800.000000
114.062500	-0.097958	769000.000000
114.166667	-0.098614	769200.000000
114.270833	-0.099368	769400.000000
114.375000	-0.099002	769600.000000
114.479167	-0.098274	769800.000000
114.583333	-0.098092	770000.000000
114.687500	-0.097666	770200.000000
114.791667	-0.098001	770400.000000
114.895833	-0.098322	770600.000000
115.000000	-0.097848	770800.000000
115.104167	-0.098380	771000.000000
115.208333	-0.098350	771200.000000
115.312500	-0.098363	771400.000000
115.416667	-0.097810	771600.000000
115.520833	-0.098255	771800.000000
115.625000	-0.097770	772000.000000
115.729167	-0.097602	772200.000000
115.833333	-0.097409	772400.000000
115.937500	-0.096917	772600.000000
116.041667	-0.096199	772800.000000
116.145833	-0.097173	773000.000000
116.250000	-0.097294	773200.000000
116.354167	-0.097744	773400.000000
116.458333	-0.097551	773600.000000
116.562500	-0.097955	773800.000000
116.666667	-0.097636	774000.000000
116.770833	-0.097650	774200.000000
116.875000	-0.097365	774400.000000
116.979167	-0.097676	774600.000000
117.083333	-0.098532	774800.000000
117.187500	-0.098173	775000.000000
117.291667	-0.098115	775200.000000
117.395833	-0.098102	775400.000000
117.500000	-0.097957	775600.000000
117.604167	-0.097530	775800.000000
117.708333	-0.098057	776000.000000
117.812500	-0.098352	776200.000000
117.916667	-0.098794	776400.000000
118.020833	-0.098904	776600.000000
118.125000	-0.097727	776800.000000
118.229167	-0.097347	777000.000000
118.333333	-0.098195	777200.000000
118.437500	-0.097915	777400.000000
118.541667	-0.097750	777600.000000
118.645833	-0.098381	777800.000000
118.750000	-0.097791	778000.000000
118.854167	-0.097302	778200.000000
118.958333	-0.098388	778400.000000
119.062500	-0.098453	778600.000000
119.166667	-0.097495	778800.000000
119.270833	-0.098176	779000.000000
119.375000	-0.097841	779200.000000
119.479167	-0.097472	779400.000000
119.583333	-0.097144	779600.000000
119.687500	-0.096996	779800.000000
119.791667	-0.097234	780000.000000
119.895833	-0.097185	780200.000000
120.000000	-0.097823	780400.000000
120.104167	-0.098056	780600.000000
120.208333	-0.097721	780800.000000
120.312500	-0.096789	781000.000000
120.416667	-0.096880	781200.000000
120.520833	-0.097416	781400.000000
120.625000	-0.097283	781600.000000
120.729167	-0.097330	781800.000000
120.833333	-0.097988	782000.000000
120.937500	-0.096982	782200.000000
121.041667	-0.096721	782400.000000
121.145833	-0.097100	782600.000000
121.250000	-0.097069	782800.000000
121.354167	-0.096829	783000.000000
121.458333	-0.097936	783200.000000
121.562500	-0.097803	783400.000000
121.666667	-0.096904	783600.000000
121.770833	-0.096993	783800.000000
121.875000	-0.097692	784000.000000
121.979167	-0.097648	784200.000000
122.083333	-0.098015	784400.000000
122.187500	-0.099029	784600.000000
122.291667	-0.098386	784800.000000
122.395833	-0.097497	785000.000000
122.500000	-0.097397	785200.000000
122.604167	-0.096926	785400.000000
122.708333	-0.097728	785600.000000
122.812500	-0.097750	785800.000000
122.916667	-0.097659	786000.000000
123.020833	-0.098064	786200.000000
123.125000	-0.098007	786400.000000
123.229167	-0.098020	786600.000000
123.333333	-0.097603	786800.000000
123.437500	-0.097983	787000.000000
123.541667	-0.097399	787200.000000
123.645833	-0.098134	787400.000000
123.750000	-0.098310	787600.000000
123.854167	-0.097419	787800.000000
123.958333	-0.097489	788000.000000
124.062500	-0.097729	788200.000000
124.166667	-0.097376	788400.000000
124.270833	-0.097844	788600.000000
124.375000	-0.097474	788800.000000
124.479167	-0.097967	789000.000000
124.583333	-0.097263	789200.000000
124.687500	-0.097499	789400.000000
124.791667	-0.098446	789600.000000
124.895833	-0.098006	789800.000000
125.000000	-0.098751	790000.000000
125.104167	-0.098448	790200.000000
125.208333	-0.097293	790400.000000
125.312500	-0.097248	790600.000000
125.416667	-0.097707	790800.000000
125.520833	-0.098385	791000.000000
125.625000	-0.097766	791200.000000
125.729167	-0.097674	791400.000000
125.833333	-0.097751	791600.000000
125.937500	-0.097997	791800.000000
126.041667	-0.098179	792000.000000
126.145833	-0.097541	792200.000000
126.250000	-0.097728	792400.000000
126.354167	-0.097495	792600.000000
126.458333	-0.097728	792800.000000
126.562500	-0.098288	793000.000000
126.666667	-0.098143	793200.000000
126.770833	-0.097515	793400.000000
126.875000	-0.098270	793600.000000
126.979167	-0.098216	793800.000000
127.083333	-0.097492	794000.000000
127.187500	-0.098478	794200.000000
127.291667	-0.098260	794400.000000
127.395833	-0.098303	794600.000000
127.500000	-0.098921	794800.000000
127.604167	-0.098360	795000.000000
127.708333	-0.097277	795200.000000
127.812500	-0.097802	795400.000000
127.916667	-0.097922	795600.000000
128.020833	-0.098235	795800.000000
128.125000	-0.098480	796000.000000
128.229167	-0.097750	796200.000000
128.333333	-0.097799	796400.000000
128.437500	-0.097933	796600.000000
128.541667	-0.096973	796800.000000
128.645833	-0.097843	797000.000000
128.750000	-0.097750	797200.000000
128.854167	-0.097256	797400.000000
128.958333	-0.096877	797600.000000
129.062500	-0.098025	797800.000000
129.166667	-0.097823	798000.000000
129.270833	-0.097879	798200.000000
129.375000	-0.097959	798400.000000
129.479167	-0.096856	798600.000000
129.583333	-0.097446	798800.000000
129.687500	-0.097542	799000.000000
129.791667	-0.097795	799200.000000
129.895833	-0.098769	799400.000000
130.000000	-0.099275	799600.000000
130.104167	-0.097847	799800.000000
130.208333	-0.098382	800000.000000
