0.000000	-0.102251	550000.000000
0.104167	-0.100432	550200.000000
0.208333	-0.101671	550400.000000
0.312500	-0.101780	550600.000000
0.416667	-0.102222	550800.000000
0.520833	-0.102229	551000.000000
0.625000	-0.100801	551200.000000
0.729167	-0.101811	551400.000000
0.833333	-0.102429	551600.000000
0.937500	-0.101275	551800.000000
1.041667	-0.101565	552000.000000
1.145833	-0.102007	552200.000000
1.250000	-0.101560	552400.000000
1.354167	-0.101672	552600.000000
1.458333	-0.101586	552800.000000
1.562500	-0.101463	553000.000000
1.666667	-0.101270	553200.000000
1.770833	-0.101910	553400.000000
1.875000	-0.101688	553600.000000
1.979167	-0.101291	553800.000000
2.083333	-0.101381	554000.000000
2.187500	-0.100971	554200.000000
2.291667	-0.101554	554400.000000
2.395833	-0.102043	554600.000000
2.500000	-0.100875	554800.000000
2.604167	-0.101667	555000.000000
2.708333	-0.102297	555200.000000
2.812500	-0.101540	555400.000000
2.916667	-0.101486	555600.000000
3.020833	-0.101388	555800.000000
3.125000	-0.101715	556000.000000
3.229167	-0.101912	556200.000000
3.333333	-0.101974	556400.000000
3.437500	-0.101723	556600.000000
3.541667	-0.101448	556800.000000
3.645833	-0.102111	557000.000000
3.750000	-0.103113	557200.000000
3.854167	-0.102378	557400.000000
3.958333	-0.101538	557600.000000
4.062500	-0.101783	557800.000000
4.166667	-0.102382	558000.000000
4.270833	-0.102290	558200.000000
4.375000	-0.102900	558400.000000
4.479167	-0.102401	558600.000000
4.583333	-0.101821	558800.000000
4.687500	-0.102305	559000.000000
4.791667	-0.101836	559200.000000
4.895833	-0.102182	559400.000000
5.000000	-0.102553	559600.000000
5.104167	-0.102434	559800.000000
5.208333	-0.102210	560000.000000
5.312500	-0.102833	560200.000000
5.416667	-0.102739	560400.000000
5.520833	-0.102003	560600.000000
5.625000	-0.102779	560800.000000
5.729167	-0.102397	561000.000000
5.833333	-0.102602	561200.000000
5.937500	-0.102778	561400.000000
6.041667	-0.102071	561600.000000
6.145833	-0.102029	561800.000000
6.250000	-0.102152	562000.000000
6.354167	-0.102358	562200.000000
6.458333	-0.102551	562400.000000
6.562500	-0.102400	562600.000000
6.666667	-0.101562	562800.000000
6.770833	-0.102101	563000.000000
6.875000	-0.101827	563200.000000
6.979167	-0.102025	563400.000000
7.083333	-0.102081	563600.000000
7.187500	-0.102556	563800.000000
7.291667	-0.101753	564000.000000
7.395833	-0.101344	564200.000000
7.500000	-0.101164	564400.000000
7.604167	-0.101525	564600.000000
7.708333	-0.101267	564800.000000
7.812500	-0.102400	565000.000000
7.916667	-0.101953	565200.000000
8.020833	-0.101485	565400.000000
8.125000	-0.101462	565600.000000
8.229167	-0.102616	565800.000000
8.333333	-0.102193	566000.000000
8.437500	-0.101927	566200.000000
8.541667	-0.101872	566400.000000
8.645833	-0.102068	566600.000000
8.750000	-0.102218	566800.000000
8.854167	-0.102900	567000.000000
8.958333	-0.102821	567200.000000
9.062500	-0.102261	567400.000000
9.166667	-0.101791	567600.000000
9.270833	-0.101716	567800.000000
9.375000	-0.102059	568000.000000
9.479167	-0.101544	568200.000000
9.583333	-0.101358	568400.000000
9.687500	-0.101846	568600.000000
9.791667	-0.101976	568800.000000
9.895833	-0.101915	569000.000000
10.000000	-0.102083	569200.000000
10.104167	-0.102705	569400.000000
10.208333	-0.100464	569600.000000
10.312500	-0.101393	569800.000000
10.416667	-0.102018	570000.000000
10.520833	-0.102291	570200.000000
10.625000	-0.102026	570400.000000
10.729167	-0.102995	570600.000000
10.833333	-0.102804	570800.000000
10.937500	-0.101942	571000.000000
11.041667	-0.102467	571200.000000
11.145833	-0.102036	571400.000000
11.250000	-0.101730	571600.000000
11.354167	-0.101643	571800.000000
11.458333	-0.101623	572000.000000
11.562500	-0.101286	572200.000000
11.666667	-0.101656	572400.000000
11.770833	-0.101588	572600.000000
11.875000	-0.102268	572800.000000
11.979167	-0.101604	573000.000000
12.083333	-0.102046	573200.000000
12.187500	-0.102228	573400.000000
12.291667	-0.102411	573600.000000
12.395833	-0.101950	573800.000000
12.500000	-0.102276	574000.000000
12.604167	-0.101995	574200.000000
12.708333	-0.102732	574400.000000
12.812500	-0.103307	574600.000000
12.916667	-0.102883	574800.000000
13.020833	-0.103165	575000.000000
13.125000	-0.102650	575200.000000
13.229167	-0.102190	575400.000000
13.333333	-0.102176	575600.000000
13.437500	-0.102903	575800.000000
13.541667	-0.102831	576000.000000
13.645833	-0.102868	576200.000000
13.750000	-0.102406	576400.000000
13.854167	-0.102645	576600.000000
13.958333	-0.102594	576800.000000
14.062500	-0.103197	577000.000000
14.166667	-0.102650	577200.000000
14.270833	-0.102277	577400.000000
14.375000	-0.102102	577600.000000
14.479167	-0.102401	577800.000000
14.583333	-0.102461	578000.000000
14.687500	-0.102496	578200.000000
14.791667	-0.102145	578400.000000
14.895833	-0.102829	578600.000000
15.000000	-0.102618	578800.000000
15.104167	-0.102555	579000.000000
15.208333	-0.102484	579200.000000
15.312500	-0.102742	579400.000000
15.416667	-0.102745	579600.000000
15.520833	-0.102362	579800.000000
15.625000	-0.103456	580000.000000
15.729167	-0.103034	580200.000000
15.833333	-0.102733	580400.000000
15.937500	-0.103206	580600.000000
16.041667	-0.102333	580800.000000
16.145833	-0.101680	581000.000000
16.250000	-0.102673	581200.000000
16.354167	-0.102731	581400.000000
16.458333	-0.102513	581600.000000
16.562500	-0.101801	581800.000000
16.666667	-0.102587	582000.000000
16.770833	-0.101768	582200.000000
16.875000	-0.102199	582400.000000
16.979167	-0.101332	582600.000000
17.083333	-0.100766	582800.000000
17.187500	-0.101769	583000.000000
17.291667	-0.101361	583200.000000
17.395833	-0.100588	583400.000000
17.500000	-0.100885	583600.000000
17.604167	-0.101307	583800.000000
17.708333	-0.100121	584000.000000
17.812500	-0.100836	584200.000000
17.916667	-0.101144	584400.000000
18.020833	-0.099386	584600.000000
18.125000	-0.099518	584800.000000
18.229167	-0.100276	585000.000000
18.333333	-0.099666	585200.000000
18.437500	-0.099638	585400.000000
18.541667	-0.099195	585600.000000
18.645833	-0.098407	585800.000000
18.750000	-0.099129	586000.000000
18.854167	-0.099061	586200.000000
18.958333	-0.098286	586400.000000
19.062500	-0.097122	586600.000000
19.166667	-0.097847	586800.000000
19.270833	-0.097588	587000.000000
19.375000	-0.096525	587200.000000
19.479167	-0.095948	587400.000000
19.583333	-0.095537	587600.000000
19.687500	-0.095224	587800.000000
19.791667	-0.094533	588000.000000
19.895833	-0.093937	588200.000000
20.000000	-0.093075	588400.000000
20.104167	-0.091888	588600.000000
20.208333	-0.091052	588800.000000
20.312500	-0.090443	589000.000000
20.416667	-0.088562	589200.000000
20.520833	-0.087146	589400.000000
20.625000	-0.084807	589600.000000
20.729167	-0.084001	589800.000000
20.833333	-0.082251	590000.000000
20.937500	-0.079868	590200.000000
21.041667	-0.077602	590400.000000
21.145833	-0.074831	590600.000000
21.250000	-0.071391	590800.000000
21.354167	-0.068408	591000.000000
21.458333	-0.064873	591200.000000
21.562500	-0.059854	591400.000000
21.666667	-0.055165	591600.000000
21.770833	-0.050887	591800.000000
21.875000	-0.044310	592000.000000
21.979167	-0.036071	592200.000000
22.083333	-0.029423	592400.000000
22.187500	-0.019547	592600.000000
22.291667	-0.009961	592800.000000
22.395833	0.002176	593000.000000
22.500000	0.014511	593200.000000
22.604167	0.029013	593400.000000
22.708333	0.044213	593600.000000
22.812500	0.061306	593800.000000
22.916667	0.079310	594000.000000
23.020833	0.097636	594200.000000
23.125000	0.116082	594400.000000
23.229167	0.134210	594600.000000
23.333333	0.150546	594800.000000
23.437500	0.164202	595000.000000
23.541667	0.174713	595200.000000
23.645833	0.181496	595400.000000
23.750000	0.181733	595600.000000
23.854167	0.170351	595800.000000
23.958333	0.134589	596000.000000
24.062500	0.036314	596200.000000
24.166667	-0.181529	596400.000000
24.270833	-0.597130	596600.000000
24.375000	-1.236700	596800.000000
24.479167	-1.988041	597000.000000
24.583333	-2.632790	597200.000000
24.687500	-2.845717	597400.000000
24.791667	-2.515158	597600.000000
24.895833	-1.771253	597800.000000
25.000000	-0.948933	598000.000000
25.104167	-0.215292	598200.000000
25.208333	0.273862	598400.000000
25.312500	0.508231	598600.000000
25.416667	0.571334	598800.000000
25.520833	0.524002	599000.000000
25.625000	0.447823	599200.000000
25.729167	0.386291	599400.000000
25.833333	0.341429	599600.000000
25.937500	0.315642	599800.000000
26.041667	0.318427	600000.000000
26.145833	0.366595	600200.000000
26.250000	0.451008	600400.000000
26.354167	0.518771	600600.000000
26.458333	0.508477	600800.000000
26.562500	0.403789	601000.000000
26.666667	0.252698	601200.000000
26.770833	0.133922	601400.000000
26.875000	0.088179	601600.000000
26.979167	0.100487	601800.000000
27.083333	0.129671	602000.000000
27.187500	0.152960	602200.000000
27.291667	0.158718	602400.000000
27.395833	0.144779	602600.000000
27.500000	0.107779	602800.000000
27.604167	0.049086	603000.000000
27.708333	-0.017945	603200.000000
27.812500	-0.067984	603400.000000
27.916667	-0.070065	603600.000000
28.020833	-0.022470	603800.000000
28.125000	0.042117	604000.000000
28.229167	0.075358	604200.000000
28.333333	0.045487	604400.000000
28.437500	-0.031238	604600.000000
28.541667	-0.104400	604800.000000
28.645833	-0.125739	605000.000000
28.750000	-0.100116	605200.000000
28.854167	-0.071787	605400.000000
28.958333	-0.074352	605600.000000
29.062500	-0.104633	605800.000000
29.166667	-0.141251	606000.000000
29.270833	-0.158878	606200.000000
29.375000	-0.154888	606400.000000
29.479167	-0.135205	606600.000000
29.583333	-0.108017	606800.000000
29.687500	-0.081047	607000.000000
29.791667	-0.054586	607200.000000
29.895833	-0.028621	607400.000000
30.000000	-0.015590	607600.000000
30.104167	-0.024878	607800.000000
30.208333	-0.051782	608000.000000
30.312500	-0.080395	608200.000000
30.416667	-0.106491	608400.000000
30.520833	-0.130347	608600.000000
30.625000	-0.146839	608800.000000
30.729167	-0.145875	609000.000000
30.833333	-0.129299	609200.000000
30.937500	-0.101876	609400.000000
31.041667	-0.079915	609600.000000
31.145833	-0.078256	609800.000000
31.250000	-0.093775	610000.000000
31.354167	-0.109394	610200.000000
31.458333	-0.112020	610400.000000
31.562500	-0.102785	610600.000000
31.666667	-0.087010	610800.000000
31.770833	-0.073222	611000.000000
31.875000	-0.069793	611200.000000
31.979167	-0.084248	611400.000000
32.083333	-0.111815	611600.000000
32.187500	-0.139816	611800.000000
32.291667	-0.158451	612000.000000
32.395833	-0.165234	612200.000000
32.500000	-0.165447	612400.000000
32.604167	-0.165824	612600.000000
32.708333	-0.169854	612800.000000
32.812500	-0.167216	613000.000000
32.916667	-0.156038	613200.000000
33.020833	-0.146887	613400.000000
33.125000	-0.150386	613600.000000
33.229167	-0.162553	613800.000000
33.333333	-0.167672	614000.000000
33.437500	-0.154480	614200.000000
33.541667	-0.123317	614400.000000
33.645833	-0.080307	614600.000000
33.750000	-0.043501	614800.000000
33.854167	-0.030644	615000.000000
33.958333	-0.052385	615200.000000
34.062500	-0.101809	615400.000000
34.166667	-0.152692	615600.000000
34.270833	-0.181188	615800.000000
34.375000	-0.185465	616000.000000
34.479167	-0.173286	616200.000000
34.583333	-0.151098	616400.000000
34.687500	-0.125195	616600.000000
34.791667	-0.105182	616800.000000
34.895833	-0.096821	617000.000000
35.000000	-0.095975	617200.000000
35.104167	-0.093910	617400.000000
35.208333	-0.089695	617600.000000
35.312500	-0.082489	617800.000000
35.416667	-0.073640	618000.000000
35.520833	-0.066184	618200.000000
35.625000	-0.066426	618400.000000
35.729167	-0.075676	618600.000000
35.833333	-0.093533	618800.000000
35.937500	-0.119631	619000.000000
36.041667	-0.150442	619200.000000
36.145833	-0.179040	619400.000000
36.250000	-0.195123	619600.000000
36.354167	-0.186111	619800.000000
36.458333	-0.149326	620000.000000
36.562500	-0.100926	620200.000000
36.666667	-0.064283	620400.000000
36.770833	-0.063264	620600.000000
36.875000	-0.100186	620800.000000
36.979167	-0.150602	621000.000000
37.083333	-0.178901	621200.000000
37.187500	-0.167616	621400.000000
37.291667	-0.128302	621600.000000
37.395833	-0.089541	621800.000000
37.500000	-0.078384	622000.000000
37.604167	-0.097946	622200.000000
37.708333	-0.133429	622400.000000
37.812500	-0.160647	622600.000000
37.916667	-0.175119	622800.000000
38.020833	-0.177320	623000.000000
38.125000	-0.173684	623200.000000
38.229167	-0.159980	623400.000000
38.333333	-0.138188	623600.000000
38.437500	-0.117646	623800.000000
38.541667	-0.117873	624000.000000
38.645833	-0.140474	624200.000000
38.750000	-0.166635	624400.000000
38.854167	-0.169888	624600.000000
38.958333	-0.140762	624800.000000
39.062500	-0.094436	625000.000000
39.166667	-0.063111	625200.000000
39.270833	-0.065787	625400.000000
39.375000	-0.094506	625600.000000
39.479167	-0.130870	625800.000000
39.583333	-0.162906	626000.000000
39.687500	-0.191117	626200.000000
39.791667	-0.212144	626400.000000
39.895833	-0.207656	626600.000000
40.000000	-0.168700	626800.000000
40.104167	-0.113876	627000.000000
40.208333	-0.073162	627200.000000
40.312500	-0.071474	627400.000000
40.416667	-0.106391	627600.000000
40.520833	-0.143258	627800.000000
40.625000	-0.148050	628000.000000
40.729167	-0.110967	628200.000000
40.833333	-0.058210	628400.000000
40.937500	-0.029417	628600.000000
41.041667	-0.043580	628800.000000
41.145833	-0.088573	629000.000000
41.250000	-0.139019	629200.000000
41.354167	-0.177587	629400.000000
41.458333	-0.192600	629600.000000
41.562500	-0.176346	629800.000000
41.666667	-0.135175	630000.000000
41.770833	-0.091259	630200.000000
41.875000	-0.064949	630400.000000
41.979167	-0.062761	630600.000000
42.083333	-0.080272	630800.000000
42.187500	-0.105125	631000.000000
42.291667	-0.124419	631200.000000
42.395833	-0.132332	631400.000000
42.500000	-0.118554	631600.000000
42.604167	-0.086417	631800.000000
42.708333	-0.049861	632000.000000
42.812500	-0.033751	632200.000000
42.916667	-0.044315	632400.000000
43.020833	-0.073637	632600.000000
43.125000	-0.103809	632800.000000
43.229167	-0.122036	633000.000000
43.333333	-0.125071	633200.000000
43.437500	-0.117878	633400.000000
43.541667	-0.103337	633600.000000
43.645833	-0.087474	633800.000000
43.750000	-0.075787	634000.000000
43.854167	-0.078141	634200.000000
43.958333	-0.092469	634400.000000
44.062500	-0.107040	634600.000000
44.166667	-0.104311	634800.000000
44.270833	-0.078054	635000.000000
44.375000	-0.041336	635200.000000
44.479167	-0.016126	635400.000000
44.583333	-0.019110	635600.000000
44.687500	-0.044408	635800.000000
44.791667	-0.075948	636000.000000
44.895833	-0.098658	636200.000000
45.000000	-0.110227	636400.000000
45.104167	-0.115110	636600.000000
45.208333	-0.113952	636800.000000
45.312500	-0.107269	637000.000000
45.416667	-0.103022	637200.000000
45.520833	-0.100671	637400.000000
45.625000	-0.096697	637600.000000
45.729167	-0.085693	637800.000000
45.833333	-0.068037	638000.000000
45.937500	-0.051705	638200.000000
46.041667	-0.046043	638400.000000
46.145833	-0.055639	638600.000000
46.250000	-0.072772	638800.000000
46.354167	-0.087434	639000.000000
46.458333	-0.094588	639200.000000
46.562500	-0.096994	639400.000000
46.666667	-0.101020	639600.000000
46.770833	-0.107039	639800.000000
46.875000	-0.109919	640000.000000
46.979167	-0.106489	640200.000000
47.083333	-0.096448	640400.000000
47.187500	-0.085466	640600.000000
47.291667	-0.086422	640800.000000
47.395833	-0.093257	641000.000000
47.500000	-0.099186	641200.000000
47.604167	-0.098432	641400.000000
47.708333	-0.089212	641600.000000
47.812500	-0.076900	641800.000000
47.916667	-0.068381	642000.000000
48.020833	-0.067918	642200.000000
48.125000	-0.077720	642400.000000
48.229167	-0.088175	642600.000000
48.333333	-0.094044	642800.000000
48.437500	-0.091701	643000.000000
48.541667	-0.087270	643200.000000
48.645833	-0.087213	643400.000000
48.750000	-0.093071	643600.000000
48.854167	-0.103734	643800.000000
48.958333	-0.115215	644000.000000
49.062500	-0.123578	644200.000000
49.166667	-0.124594	644400.000000
49.270833	-0.117820	644600.000000
49.375000	-0.099735	644800.000000
49.479167	-0.076609	645000.000000
49.583333	-0.057964	645200.000000
49.687500	-0.055050	645400.000000
49.791667	-0.070118	645600.000000
49.895833	-0.087191	645800.000000
50.000000	-0.089373	646000.000000
50.104167	-0.080019	646200.000000
50.208333	-0.077551	646400.000000
50.312500	-0.094947	646600.000000
50.416667	-0.122528	646800.000000
50.520833	-0.143875	647000.000000
50.625000	-0.149098	647200.000000
50.729167	-0.142562	647400.000000
50.833333	-0.130986	647600.000000
50.937500	-0.115969	647800.000000
51.041667	-0.098955	648000.000000
51.145833	-0.084015	648200.000000
51.250000	-0.072330	648400.000000
51.354167	-0.070899	648600.000000
51.458333	-0.081174	648800.000000
51.562500	-0.102352	649000.000000
51.666667	-0.119570	649200.000000
51.770833	-0.125082	649400.000000
51.875000	-0.118148	649600.000000
51.979167	-0.106332	649800.000000
52.083333	-0.100672	650000.000000
52.187500	-0.107451	650200.000000
52.291667	-0.120922	650400.000000
52.395833	-0.135494	650600.000000
52.500000	-0.148444	650800.000000
52.604167	-0.152704	651000.000000
52.708333	-0.142395	651200.000000
52.812500	-0.118165	651400.000000
52.916667	-0.094063	651600.000000
53.020833	-0.085332	651800.000000
53.125000	-0.096330	652000.000000
53.229167	-0.115411	652200.000000
53.333333	-0.132561	652400.000000
53.437500	-0.137628	652600.000000
53.541667	-0.126653	652800.000000
53.645833	-0.108045	653000.000000
53.750000	-0.094337	653200.000000
53.854167	-0.091628	653400.000000
53.958333	-0.103041	653600.000000
54.062500	-0.122515	653800.000000
54.166667	-0.141759	654000.000000
54.270833	-0.154466	654200.000000
54.375000	-0.157502	654400.000000
54.479167	-0.147822	654600.000000
54.583333	-0.129834	654800.000000
54.687500	-0.112087	655000.000000
54.791667	-0.099591	655200.000000
54.895833	-0.091416	655400.000000
55.000000	-0.083073	655600.000000
55.104167	-0.078830	655800.000000
55.208333	-0.082331	656000.000000
55.312500	-0.090616	656200.000000
55.416667	-0.098044	656400.000000
55.520833	-0.102020	656600.000000
55.625000	-0.105670	656800.000000
55.729167	-0.112046	657000.000000
55.833333	-0.122189	657200.000000
55.937500	-0.131263	657400.000000
56.041667	-0.136531	657600.000000
56.145833	-0.134136	657800.000000
56.250000	-0.121746	658000.000000
56.354167	-0.104982	658200.000000
56.458333	-0.090278	658400.000000
56.562500	-0.083390	658600.000000
56.666667	-0.081757	658800.000000
56.770833	-0.083582	659000.000000
56.875000	-0.085699	659200.000000
56.979167	-0.089533	659400.000000
57.083333	-0.092902	659600.000000
57.187500	-0.093947	659800.000000
57.291667	-0.094325	660000.000000
57.395833	-0.098062	660200.000000
57.500000	-0.106654	660400.000000
57.604167	-0.114149	660600.000000
57.708333	-0.110699	660800.000000
57.812500	-0.098582	661000.000000
57.916667	-0.088827	661200.000000
58.020833	-0.092167	661400.000000
58.125000	-0.101675	661600.000000
58.229167	-0.106276	661800.000000
58.333333	-0.099617	662000.000000
58.437500	-0.088378	662200.000000
58.541667	-0.080594	662400.000000
58.645833	-0.077999	662600.000000
58.750000	-0.080326	662800.000000
58.854167	-0.082871	663000.000000
58.958333	-0.085154	663200.000000
59.062500	-0.085139	663400.000000
59.166667	-0.083326	663600.000000
59.270833	-0.084946	663800.000000
59.375000	-0.090890	664000.000000
59.479167	-0.101410	664200.000000
59.583333	-0.113697	664400.000000
59.687500	-0.122916	664600.000000
59.791667	-0.128049	664800.000000
59.895833	-0.125956	665000.000000
60.000000	-0.112670	665200.000000
60.104167	-0.092799	665400.000000
60.208333	-0.074228	665600.000000
60.312500	-0.065584	665800.000000
60.416667	-0.067010	666000.000000
60.520833	-0.078119	666200.000000
60.625000	-0.088449	666400.000000
60.729167	-0.093404	666600.000000
60.833333	-0.093303	666800.000000
60.937500	-0.093962	667000.000000
61.041667	-0.099466	667200.000000
61.145833	-0.109772	667400.000000
61.250000	-0.116709	667600.000000
61.354167	-0.117548	667800.000000
61.458333	-0.115056	668000.000000
61.562500	-0.116069	668200.000000
61.666667	-0.116354	668400.000000
61.770833	-0.112545	668600.000000
61.875000	-0.099949	668800.000000
61.979167	-0.083037	669000.000000
62.083333	-0.071982	669200.000000
62.187500	-0.075161	669400.000000
62.291667	-0.091248	669600.000000
62.395833	-0.109216	669800.000000
62.500000	-0.120884	670000.000000
62.604167	-0.121170	670200.000000
62.708333	-0.114555	670400.000000
62.812500	-0.108610	670600.000000
62.916667	-0.105729	670800.000000
63.020833	-0.107413	671000.000000
63.125000	-0.110262	671200.000000
63.229167	-0.113608	671400.000000
63.333333	-0.117730	671600.000000
63.437500	-0.122034	671800.000000
63.541667	-0.124970	672000.000000
63.645833	-0.124152	672200.000000
63.750000	-0.119510	672400.000000
63.854167	-0.113069	672600.000000
63.958333	-0.105932	672800.000000
64.062500	-0.099435	673000.000000
64.166667	-0.094662	673200.000000
64.270833	-0.095623	673400.000000
64.375000	-0.101190	673600.000000
64.479167	-0.110036	673800.000000
64.583333	-0.117872	674000.000000
64.687500	-0.122734	674200.000000
64.791667	-0.126097	674400.000000
64.895833	-0.126575	674600.000000
65.000000	-0.122243	674800.000000
65.104167	-0.118871	675000.000000
65.208333	-0.120272	675200.000000
65.312500	-0.127763	675400.000000
65.416667	-0.134650	675600.000000
65.520833	-0.130771	675800.000000
65.625000	-0.115227	676000.000000
65.729167	-0.098790	676200.000000
65.833333	-0.089551	676400.000000
65.937500	-0.095230	676600.000000
66.041667	-0.108661	676800.000000
66.145833	-0.123327	677000.000000
66.250000	-0.131939	677200.000000
66.354167	-0.138042	677400.000000
66.458333	-0.139640	677600.000000
66.562500	-0.137363	677800.000000
66.666667	-0.131245	678000.000000
66.770833	-0.119958	678200.000000
66.875000	-0.111665	678400.000000
66.979167	-0.110621	678600.000000
67.083333	-0.113552	678800.000000
67.187500	-0.114830	679000.000000
67.291667	-0.110946	679200.000000
67.395833	-0.101512	679400.000000
67.500000	-0.091766	679600.000000
67.604167	-0.085195	679800.000000
67.708333	-0.083113	680000.000000
67.812500	-0.089005	680200.000000
67.916667	-0.098836	680400.000000
68.020833	-0.107736	680600.000000
68.125000	-0.109799	680800.000000
68.229167	-0.102848	681000.000000
68.333333	-0.089763	681200.000000
68.437500	-0.079937	681400.000000
68.541667	-0.080597	681600.000000
68.645833	-0.093772	681800.000000
68.750000	-0.111778	682000.000000
68.854167	-0.123266	682200.000000
68.958333	-0.123285	682400.000000
69.062500	-0.109800	682600.000000
69.166667	-0.090089	682800.000000
69.270833	-0.075083	683000.000000
69.375000	-0.067997	683200.000000
69.479167	-0.072563	683400.000000
69.583333	-0.085754	683600.000000
69.687500	-0.098220	683800.000000
69.791667	-0.105233	684000.000000
69.895833	-0.104983	684200.000000
70.000000	-0.097769	684400.000000
70.104167	-0.092363	684600.000000
70.208333	-0.095954	684800.000000
70.312500	-0.107335	685000.000000
70.416667	-0.123291	685200.000000
70.520833	-0.135763	685400.000000
70.625000	-0.138201	685600.000000
70.729167	-0.130181	685800.000000
70.833333	-0.118231	686000.000000
70.937500	-0.103541	686200.000000
71.041667	-0.093132	686400.000000
71.145833	-0.089720	686600.000000
71.250000	-0.094459	686800.000000
71.354167	-0.104664	687000.000000
71.458333	-0.117242	687200.000000
71.562500	-0.130264	687400.000000
71.666667	-0.139696	687600.000000
71.770833	-0.142889	687800.000000
71.875000	-0.141516	688000.000000
71.979167	-0.139385	688200.000000
72.083333	-0.137538	688400.000000
72.187500	-0.138199	688600.000000
72.291667	-0.138833	688800.000000
72.395833	-0.138208	689000.000000
72.500000	-0.134708	689200.000000
72.604167	-0.127838	689400.000000
72.708333	-0.119094	689600.000000
72.812500	-0.113582	689800.000000
72.916667	-0.109963	690000.000000
73.020833	-0.105541	690200.000000
73.125000	-0.100423	690400.000000
73.229167	-0.093072	690600.000000
73.333333	-0.086278	690800.000000
73.437500	-0.081881	691000.000000
73.541667	-0.080661	691200.000000
73.645833	-0.080626	691400.000000
73.750000	-0.080663	691600.000000
73.854167	-0.076753	691800.000000
73.958333	-0.069722	692000.000000
74.062500	-0.064696	692200.000000
74.166667	-0.060738	692400.000000
74.270833	-0.063154	692600.000000
74.375000	-0.067652	692800.000000
74.479167	-0.073045	693000.000000
74.583333	-0.075216	693200.000000
74.687500	-0.073265	693400.000000
74.791667	-0.067955	693600.000000
74.895833	-0.060836	693800.000000
75.000000	-0.057807	694000.000000
75.104167	-0.061743	694200.000000
75.208333	-0.074775	694400.000000
75.312500	-0.091056	694600.000000
75.416667	-0.105056	694800.000000
75.520833	-0.112880	695000.000000
75.625000	-0.114854	695200.000000
75.729167	-0.114076	695400.000000
75.833333	-0.113555	695600.000000
75.937500	-0.113687	695800.000000
76.041667	-0.114742	696000.000000
76.145833	-0.115008	696200.000000
76.250000	-0.112353	696400.000000
76.354167	-0.106455	696600.000000
76.458333	-0.095852	696800.000000
76.562500	-0.086618	697000.000000
76.666667	-0.084068	697200.000000
76.770833	-0.088212	697400.000000
76.875000	-0.097099	697600.000000
76.979167	-0.106925	697800.000000
77.083333	-0.113244	698000.000000
77.187500	-0.116059	698200.000000
77.291667	-0.113936	698400.000000
77.395833	-0.108513	698600.000000
77.500000	-0.099975	698800.000000
77.604167	-0.096210	699000.000000
77.708333	-0.099411	699200.000000
77.812500	-0.106860	699400.000000
77.916667	-0.116347	699600.000000
78.020833	-0.120522	699800.000000
78.125000	-0.117709	700000.000000
78.229167	-0.108838	700200.000000
78.333333	-0.098428	700400.000000
78.437500	-0.092333	700600.000000
78.541667	-0.096291	700800.000000
78.645833	-0.105621	701000.000000
78.750000	-0.114247	701200.000000
78.854167	-0.116490	701400.000000
78.958333	-0.111290	701600.000000
79.062500	-0.101565	701800.000000
79.166667	-0.095717	702000.000000
79.270833	-0.097219	702200.000000
79.375000	-0.103422	702400.000000
79.479167	-0.110965	702600.000000
79.583333	-0.119520	702800.000000
79.687500	-0.125181	703000.000000
79.791667	-0.124792	703200.000000
79.895833	-0.117775	703400.000000
80.000000	-0.104400	703600.000000
80.104167	-0.090859	703800.000000
80.208333	-0.083306	704000.000000
80.312500	-0.083863	704200.000000
80.416667	-0.090844	704400.000000
80.520833	-0.101109	704600.000000
80.625000	-0.109763	704800.000000
80.729167	-0.113865	705000.000000
80.833333	-0.116452	705200.000000
80.937500	-0.118194	705400.000000
81.041667	-0.117706	705600.000000
81.145833	-0.112828	705800.000000
81.250000	-0.104164	706000.000000
81.354167	-0.096631	706200.000000
81.458333	-0.094905	706400.000000
81.562500	-0.094830	706600.000000
81.666667	-0.092373	706800.000000
81.770833	-0.085667	707000.000000
81.875000	-0.076934	707200.000000
81.979167	-0.071173	707400.000000
82.083333	-0.070867	707600.000000
82.187500	-0.074651	707800.000000
82.291667	-0.078279	708000.000000
82.395833	-0.083058	708200.000000
82.500000	-0.088289	708400.000000
82.604167	-0.092234	708600.000000
82.708333	-0.093868	708800.000000
82.812500	-0.091981	709000.000000
82.916667	-0.087261	709200.000000
83.020833	-0.084360	709400.000000
83.125000	-0.084339	709600.000000
83.229167	-0.086165	709800.000000
83.333333	-0.088055	710000.000000
83.437500	-0.090436	710200.000000
83.541667	-0.093546	710400.000000
83.645833	-0.096374	710600.000000
83.750000	-0.097510	710800.000000
83.854167	-0.096284	711000.000000
83.958333	-0.094890	711200.000000
84.062500	-0.095556	711400.000000
84.166667	-0.098814	711600.000000
84.270833	-0.105721	711800.000000
84.375000	-0.111326	712000.000000
84.479167	-0.115319	712200.000000
84.583333	-0.115613	712400.000000
84.687500	-0.115144	712600.000000
84.791667	-0.118288	712800.000000
84.895833	-0.122826	713000.000000
85.000000	-0.127206	713200.000000
85.104167	-0.130441	713400.000000
85.208333	-0.127405	713600.000000
85.312500	-0.121445	713800.000000
85.416667	-0.114183	714000.000000
85.520833	-0.106898	714200.000000
85.625000	-0.102896	714400.000000
85.729167	-0.103801	714600.000000
85.833333	-0.108661	714800.000000
85.937500	-0.117378	715000.000000
86.041667	-0.126418	715200.000000
86.145833	-0.129967	715400.000000
86.250000	-0.127889	715600.000000
86.354167	-0.123691	715800.000000
86.458333	-0.119364	716000.000000
86.562500	-0.119750	716200.000000
86.666667	-0.123331	716400.000000
86.770833	-0.125484	716600.000000
86.875000	-0.125204	716800.000000
86.979167	-0.121088	717000.000000
87.083333	-0.114153	717200.000000
87.187500	-0.107873	717400.000000
87.291667	-0.104491	717600.000000
87.395833	-0.104256	717800.000000
87.500000	-0.106239	718000.000000
87.604167	-0.110972	718200.000000
87.708333	-0.118085	718400.000000
87.812500	-0.124809	718600.000000
87.916667	-0.128288	718800.000000
88.020833	-0.124066	719000.000000
88.125000	-0.115680	719200.000000
88.229167	-0.107800	719400.000000
88.333333	-0.103907	719600.000000
88.437500	-0.105793	719800.000000
88.541667	-0.109762	720000.000000
88.645833	-0.112521	720200.000000
88.750000	-0.111182	720400.000000
88.854167	-0.108542	720600.000000
88.958333	-0.104381	720800.000000
89.062500	-0.100916	721000.000000
89.166667	-0.097441	721200.000000
89.270833	-0.097057	721400.000000
89.375000	-0.096054	721600.000000
89.479167	-0.097011	721800.000000
89.583333	-0.099000	722000.000000
89.687500	-0.101751	722200.000000
89.791667	-0.105056	722400.000000
89.895833	-0.109286	722600.000000
90.000000	-0.111045	722800.000000
90.104167	-0.111463	723000.000000
90.208333	-0.113080	723200.000000
90.312500	-0.114369	723400.000000
90.416667	-0.111523	723600.000000
90.520833	-0.108788	723800.000000
90.625000	-0.103945	724000.000000
90.729167	-0.100160	724200.000000
90.833333	-0.098528	724400.000000
90.937500	-0.098658	724600.000000
91.041667	-0.098120	724800.000000
91.145833	-0.096929	725000.000000
91.250000	-0.097477	725200.000000
91.354167	-0.101731	725400.000000
91.458333	-0.108519	725600.000000
91.562500	-0.115459	725800.000000
91.666667	-0.119549	726000.000000
91.770833	-0.119912	726200.000000
91.875000	-0.120052	726400.000000
91.979167	-0.117942	726600.000000
92.083333	-0.115195	726800.000000
92.187500	-0.112059	727000.000000
92.291667	-0.106903	727200.000000
92.395833	-0.102737	727400.000000
92.500000	-0.100598	727600.000000
92.604167	-0.099821	727800.000000
92.708333	-0.101038	728000.000000
92.812500	-0.103318	728200.000000
92.916667	-0.104961	728400.000000
93.020833	-0.106187	728600.000000
93.125000	-0.107611	728800.000000
93.229167	-0.107404	729000.000000
93.333333	-0.108335	729200.000000
93.437500	-0.107280	729400.000000
93.541667	-0.104606	729600.000000
93.645833	-0.103752	729800.000000
93.750000	-0.104270	730000.000000
93.854167	-0.105257	730200.000000
93.958333	-0.104062	730400.000000
94.062500	-0.103525	730600.000000
94.166667	-0.102641	730800.000000
94.270833	-0.103807	731000.000000
94.375000	-0.104019	731200.000000
94.479167	-0.101158	731400.000000
94.583333	-0.098684	731600.000000
94.687500	-0.097424	731800.000000
94.791667	-0.098242	732000.000000
94.895833	-0.101161	732200.000000
95.000000	-0.105154	732400.000000
95.104167	-0.108421	732600.000000
95.208333	-0.109772	732800.000000
95.312500	-0.108936	733000.000000
95.416667	-0.106948	733200.000000
95.520833	-0.106161	733400.000000
95.625000	-0.106775	733600.000000
95.729167	-0.105189	733800.000000
95.833333	-0.103477	734000.000000
95.937500	-0.102527	734200.000000
96.041667	-0.100858	734400.000000
96.145833	-0.097324	734600.000000
96.250000	-0.092413	734800.000000
96.354167	-0.087936	735000.000000
96.458333	-0.084836	735200.000000
96.562500	-0.086786	735400.000000
96.666667	-0.093382	735600.000000
96.770833	-0.101431	735800.000000
96.875000	-0.108954	736000.000000
96.979167	-0.114962	736200.000000
97.083333	-0.114590	736400.000000
97.187500	-0.113779	736600.000000
97.291667	-0.110506	736800.000000
97.395833	-0.105443	737000.000000
97.500000	-0.099890	737200.000000
97.604167	-0.096336	737400.000000
97.708333	-0.094745	737600.000000
97.812500	-0.095922	737800.000000
97.916667	-0.097813	738000.000000
98.020833	-0.097135	738200.000000
98.125000	-0.097072	738400.000000
98.229167	-0.094517	738600.000000
98.333333	-0.094536	738800.000000
98.437500	-0.097701	739000.000000
98.541667	-0.101758	739200.000000
98.645833	-0.106083	739400.000000
98.750000	-0.108739	739600.000000
98.854167	-0.109204	739800.000000
98.958333	-0.109306	740000.000000
99.062500	-0.109067	740200.000000
99.166667	-0.110844	740400.000000
99.270833	-0.111562	740600.000000
99.375000	-0.111847	740800.000000
99.479167	-0.111889	741000.000000
99.583333	-0.112132	741200.000000
99.687500	-0.110533	741400.000000
99.791667	-0.107202	741600.000000
99.895833	-0.103116	741800.000000
100.000000	-0.098215	742000.000000
100.104167	-0.094825	742200.000000
100.208333	-0.094926	742400.000000
100.312500	-0.098708	742600.000000
100.416667	-0.102646	742800.000000
100.520833	-0.106083	743000.000000
100.625000	-0.107980	743200.000000
100.729167	-0.109856	743400.000000
100.833333	-0.110557	743600.000000
100.937500	-0.111436	743800.000000
101.041667	-0.113549	744000.000000
101.145833	-0.115029	744200.000000
101.250000	-0.114333	744400.000000
101.354167	-0.111580	744600.000000
101.458333	-0.106882	744800.000000
101.562500	-0.102347	745000.000000
101.666667	-0.099318	745200.000000
101.770833	-0.097937	745400.000000
101.875000	-0.100016	745600.000000
101.979167	-0.103807	745800.000000
102.083333	-0.108294	746000.000000
102.187500	-0.111903	746200.000000
102.291667	-0.112365	746400.000000
102.395833	-0.109755	746600.000000
102.500000	-0.105407	746800.000000
102.604167	-0.102981	747000.000000
102.708333	-0.101891	747200.000000
102.812500	-0.103703	747400.000000
102.916667	-0.104733	747600.000000
103.020833	-0.105588	747800.000000
103.125000	-0.103972	748000.000000
103.229167	-0.100537	748200.000000
103.333333	-0.098107	748400.000000
103.437500	-0.095922	748600.000000
103.541667	-0.096863	748800.000000
103.645833	-0.100136	749000.000000
103.750000	-0.103605	749200.000000
103.854167	-0.106367	749400.000000
103.958333	-0.109375	749600.000000
104.062500	-0.111579	749800.000000
104.166667	-0.111527	750000.000000
104.270833	-0.110890	750200.000000
104.375000	-0.109901	750400.000000
104.479167	-0.110226	750600.000000
104.583333	-0.112653	750800.000000
104.687500	-0.113999	751000.000000
104.791667	-0.115467	751200.000000
104.895833	-0.115578	751400.000000
105.000000	-0.113598	751600.000000
105.104167	-0.109992	751800.000000
105.208333	-0.106966	752000.000000
105.312500	-0.104268	752200.000000
105.416667	-0.101857	752400.000000
105.520833	-0.099700	752600.000000
105.625000	-0.098839	752800.000000
105.729167	-0.100550	753000.000000
105.833333	-0.103653	753200.000000
105.937500	-0.107033	753400.000000
106.041667	-0.109853	753600.000000
106.145833	-0.110383	753800.000000
106.250000	-0.108780	754000.000000
106.354167	-0.107541	754200.000000
106.458333	-0.106008	754400.000000
106.562500	-0.105200	754600.000000
106.666667	-0.103371	754800.000000
106.770833	-0.100837	755000.000000
106.875000	-0.097928	755200.000000
106.979167	-0.097381	755400.000000
107.083333	-0.096817	755600.000000
107.187500	-0.097843	755800.000000
107.291667	-0.097521	756000.000000
107.395833	-0.097664	756200.000000
107.500000	-0.099716	756400.000000
107.604167	-0.103131	756600.000000
107.708333	-0.105933	756800.000000
107.812500	-0.105944	757000.000000
107.916667	-0.104408	757200.000000
108.020833	-0.101733	757400.000000
108.125000	-0.098678	757600.000000
108.229167	-0.096726	757800.000000
108.333333	-0.095455	758000.000000
108.437500	-0.093305	758200.000000
108.541667	-0.092505	758400.000000
108.645833	-0.091105	758600.000000
108.750000	-0.090319	758800.000000
108.854167	-0.088698	759000.000000
108.958333	-0.087502	759200.000000
109.062500	-0.087004	759400.000000
109.166667	-0.089315	759600.000000
109.270833	-0.090958	759800.000000
109.375000	-0.092583	760000.000000
109.479167	-0.095052	760200.000000
109.583333	-0.094440	760400.000000
109.687500	-0.092865	760600.000000
109.791667	-0.092317	760800.000000
109.895833	-0.093381	761000.000000
110.000000	-0.096573	761200.000000
110.104167	-0.101376	761400.000000
110.208333	-0.103501	761600.000000
110.312500	-0.103815	761800.000000
110.416667	-0.102207	762000.000000
110.520833	-0.097475	762200.000000
110.625000	-0.091739	762400.000000
110.729167	-0.086774	762600.000000
110.833333	-0.086294	762800.000000
110.937500	-0.089190	763000.000000
111.041667	-0.095461	763200.000000
111.145833	-0.100503	763400.000000
111.250000	-0.102993	763600.000000
111.354167	-0.102134	763800.000000
111.458333	-0.100978	764000.000000
111.562500	-0.100080	764200.000000
111.666667	-0.101902	764400.000000
111.770833	-0.106841	764600.000000
111.875000	-0.113805	764800.000000
111.979167	-0.120746	765000.000000
112.083333	-0.127056	765200.000000
112.187500	-0.135406	765400.000000
112.291667	-0.144446	765600.000000
112.395833	-0.155778	765800.000000
112.500000	-0.165610	766000.000000
112.604167	-0.172507	766200.000000
112.708333	-0.172214	766400.000000
112.812500	-0.162372	766600.000000
112.916667	-0.143991	766800.000000
113.020833	-0.122414	767000.000000
113.125000	-0.100458	767200.000000
113.229167	-0.082324	767400.000000
113.333333	-0.069434	767600.000000
113.437500	-0.058690	767800.000000
113.541667	-0.049026	768000.000000
113.645833	-0.041419	768200.000000
113.750000	-0.036350	768400.000000
113.854167	-0.037446	768600.000000
113.958333	-0.048014	768800.000000
114.062500	-0.063492	769000.000000
114.166667	-0.080967	769200.000000
114.270833	-0.096639	769400.000000
114.375000	-0.105481	769600.000000
114.479167	-0.110082	769800.000000
114.583333	-0.112950	770000.000000
114.687500	-0.113840	770200.000000
114.791667	-0.115033	770400.000000
114.895833	-0.117451	770600.000000
115.000000	-0.118521	770800.000000
115.104167	-0.119450	771000.000000
115.208333	-0.120057	771200.000000
115.312500	-0.123812	771400.000000
115.416667	-0.126945	771600.000000
115.520833	-0.129398	771800.000000
115.625000	-0.129592	772000.000000
115.729167	-0.127407	772200.000000
115.833333	-0.126398	772400.000000
115.937500	-0.123752	772600.000000
116.041667	-0.121779	772800.000000
116.145833	-0.120560	773000.000000
116.250000	-0.119187	773200.000000
116.354167	-0.119076	773400.000000
116.458333	-0.120884	773600.000000
116.562500	-0.124585	773800.000000
116.666667	-0.126079	774000.000000
116.770833	-0.125777	774200.000000
116.875000	-0.124040	774400.000000
116.979167	-0.121480	774600.000000
117.083333	-0.119235	774800.000000
117.187500	-0.119799	775000.000000
117.291667	-0.118777	775200.000000
117.395833	-0.116601	775400.000000
117.500000	-0.112974	775600.000000
117.604167	-0.109899	775800.000000
117.708333	-0.107628	776000.000000
117.812500	-0.108302	776200.000000
117.916667	-0.108624	776400.000000
118.020833	-0.111154	776600.000000
118.125000	-0.114456	776800.000000
118.229167	-0.118825	777000.000000
118.333333	-0.122915	777200.000000
118.437500	-0.126752	777400.000000
118.541667	-0.128005	777600.000000
118.645833	-0.126771	777800.000000
118.750000	-0.125677	778000.000000
118.854167	-0.125530	778200.000000
118.958333	-0.127063	778400.000000
119.062500	-0.129157	778600.000000
119.166667	-0.129399	778800.000000
119.270833	-0.127989	779000.000000
119.375000	-0.125445	779200.000000
119.479167	-0.117367	779400.000000
119.583333	-0.107510	779600.000000
119.687500	-0.099862	779800.000000
119.791667	-0.094675	780000.000000
119.895833	-0.093277	780200.000000
120.000000	-0.095018	780400.000000
120.104167	-0.098596	780600.000000
120.208333	-0.101505	780800.000000
120.312500	-0.103245	781000.000000
120.416667	-0.102485	781200.000000
120.520833	-0.099435	781400.000000
120.625000	-0.098819	781600.000000
120.729167	-0.100579	781800.000000
120.833333	-0.103864	782000.000000
120.937500	-0.106402	782200.000000
121.041667	-0.107794	782400.000000
121.145833	-0.106974	782600.000000
121.250000	-0.103129	782800.000000
121.354167	-0.099197	783000.000000
121.458333	-0.096351	783200.000000
121.562500	-0.095313	783400.000000
121.666667	-0.095707	783600.000000
121.770833	-0.096048	783800.000000
121.875000	-0.096556	784000.000000
121.979167	-0.097859	784200.000000
122.083333	-0.099168	784400.000000
122.187500	-0.098826	784600.000000
122.291667	-0.098419	784800.000000
122.395833	-0.096281	785000.000000
122.500000	-0.092613	785200.000000
122.604167	-0.089893	785400.000000
122.708333	-0.088023	785600.000000
122.812500	-0.086191	785800.000000
122.916667	-0.085288	786000.000000
123.020833	-0.084914	786200.000000
123.125000	-0.083473	786400.000000
123.229167	-0.083768	786600.000000
123.333333	-0.084918	786800.000000
123.437500	-0.086150	787000.000000
123.541667	-0.086803	787200.000000
123.645833	-0.087507	787400.000000
123.750000	-0.087811	787600.000000
123.854167	-0.090620	787800.000000
123.958333	-0.094267	788000.000000
124.062500	-0.097256	788200.000000
124.166667	-0.099748	788400.000000
124.270833	-0.100320	788600.000000
124.375000	-0.101163	788800.000000
124.479167	-0.100018	789000.000000
124.583333	-0.099769	789200.000000
124.687500	-0.100678	789400.000000
124.791667	-0.101827	789600.000000
124.895833	-0.104081	789800.000000
125.000000	-0.105066	790000.000000
125.104167	-0.106744	790200.000000
125.208333	-0.106754	790400.000000
125.312500	-0.106115	790600.000000
125.416667	-0.106039	790800.000000
125.520833	-0.107609	791000.000000
125.625000	-0.110876	791200.000000
125.729167	-0.113680	791400.000000
125.833333	-0.116149	791600.000000
125.937500	-0.117499	791800.000000
126.041667	-0.116434	792000.000000
126.145833	-0.114723	792200.000000
126.250000	-0.113291	792400.000000
126.354167	-0.111987	792600.000000
126.458333	-0.112812	792800.000000
126.562500	-0.113431	793000.000000
126.666667	-0.111538	793200.000000
126.770833	-0.109215	793400.000000
126.875000	-0.104981	793600.000000
126.979167	-0.100662	793800.000000
127.083333	-0.100243	794000.000000
127.187500	-0.102933	794200.000000
127.291667	-0.108436	794400.000000
127.395833	-0.113534	794600.000000
127.500000	-0.118883	794800.000000
127.604167	-0.120419	795000.000000
127.708333	-0.118648	795200.000000
127.812500	-0.116275	795400.000000
127.916667	-0.114535	795600.000000
128.020833	-0.112010	795800.000000
128.125000	-0.111041	796000.000000
128.229167	-0.110754	796200.000000
128.333333	-0.109160	796400.000000
128.437500	-0.107207	796600.000000
128.541667	-0.103230	796800.000000
128.645833	-0.096020	797000.000000
128.750000	-0.089493	797200.000000
128.854167	-0.085141	797400.000000
128.958333	-0.084651	797600.000000
129.062500	-0.087771	797800.000000
129.166667	-0.093059	798000.000000
129.270833	-0.097942	798200.000000
129.375000	-0.099851	798400.000000
129.479167	-0.099119	798600.000000
129.583333	-0.096608	798800.000000
129.687500	-0.095207	799000.000000
129.791667	-0.096026	799200.000000
129.895833	-0.100744	799400.000000
130.000000	-0.106407	799600.000000
130.104167	-0.112187	799800.000000
130.208333	-0.115167	800000.000000
