0.000000	-0.095526	570000.000000
0.104167	-0.095336	570200.000000
0.208333	-0.095193	570400.000000
0.312500	-0.096014	570600.000000
0.416667	-0.095730	570800.000000
0.520833	-0.095943	571000.000000
0.625000	-0.096200	571200.000000
0.729167	-0.095984	571400.000000
0.833333	-0.095100	571600.000000
0.937500	-0.095196	571800.000000
1.041667	-0.095257	572000.000000
1.145833	-0.095652	572200.000000
1.250000	-0.094615	572400.000000
1.354167	-0.095421	572600.000000
1.458333	-0.095360	572800.000000
1.562500	-0.094230	573000.000000
1.666667	-0.095617	573200.000000
1.770833	-0.095549	573400.000000
1.875000	-0.095478	573600.000000
1.979167	-0.095478	573800.000000
2.083333	-0.095143	574000.000000
2.187500	-0.095238	574200.000000
2.291667	-0.095722	574400.000000
2.395833	-0.095647	574600.000000
2.500000	-0.094632	574800.000000
2.604167	-0.095445	575000.000000
2.708333	-0.095027	575200.000000
2.812500	-0.094722	575400.000000
2.916667	-0.095369	575600.000000
3.020833	-0.095092	575800.000000
3.125000	-0.094558	576000.000000
3.229167	-0.095470	576200.000000
3.333333	-0.095178	576400.000000
3.437500	-0.095088	576600.000000
3.541667	-0.094728	576800.000000
3.645833	-0.094837	577000.000000
3.750000	-0.094679	577200.000000
3.854167	-0.095024	577400.000000
3.958333	-0.095515	577600.000000
4.062500	-0.095067	577800.000000
4.166667	-0.095008	578000.000000
4.270833	-0.095001	578200.000000
4.375000	-0.095677	578400.000000
4.479167	-0.094616	578600.000000
4.583333	-0.094550	578800.000000
4.687500	-0.094966	579000.000000
4.791667	-0.095202	579200.000000
4.895833	-0.095109	579400.000000
5.000000	-0.095449	579600.000000
5.104167	-0.095191	579800.000000
5.208333	-0.094648	580000.000000
5.312500	-0.094756	580200.000000
5.416667	-0.095287	580400.000000
5.520833	-0.095330	580600.000000
5.625000	-0.095215	580800.000000
5.729167	-0.094820	581000.000000
5.833333	-0.095325	581200.000000
5.937500	-0.094567	581400.000000
6.041667	-0.095013	581600.000000
6.145833	-0.095206	581800.000000
6.250000	-0.096262	582000.000000
6.354167	-0.095440	582200.000000
6.458333	-0.095617	582400.000000
6.562500	-0.095128	582600.000000
6.666667	-0.095243	582800.000000
6.770833	-0.095409	583000.000000
6.875000	-0.095149	583200.000000
6.979167	-0.095289	583400.000000
7.083333	-0.094855	583600.000000
7.187500	-0.095749	583800.000000
7.291667	-0.095036	584000.000000
7.395833	-0.095267	584200.000000
7.500000	-0.095228	584400.000000
7.604167	-0.095064	584600.000000
7.708333	-0.095283	584800.000000
7.812500	-0.094789	585000.000000
7.916667	-0.094827	585200.000000
8.020833	-0.094775	585400.000000
8.125000	-0.095185	585600.000000
8.229167	-0.094617	585800.000000
8.333333	-0.095026	586000.000000
8.437500	-0.094801	586200.000000
8.541667	-0.095609	586400.000000
8.645833	-0.095428	586600.000000
8.750000	-0.095978	586800.000000
8.854167	-0.095063	587000.000000
8.958333	-0.094448	587200.000000
9.062500	-0.094692	587400.000000
9.166667	-0.094414	587600.000000
9.270833	-0.094266	587800.000000
9.375000	-0.095092	588000.000000
9.479167	-0.094416	588200.000000
9.583333	-0.094783	588400.000000
9.687500	-0.094564	588600.000000
9.791667	-0.094120	588800.000000
9.895833	-0.094422	589000.000000
10.000000	-0.094617	589200.000000
10.104167	-0.094652	589400.000000
10.208333	-0.094429	589600.000000
10.312500	-0.095111	589800.000000
10.416667	-0.094644	590000.000000
10.520833	-0.094434	590200.000000
10.625000	-0.094605	590400.000000
10.729167	-0.094609	590600.000000
10.833333	-0.094173	590800.000000
10.937500	-0.094631	591000.000000
11.041667	-0.094031	591200.000000
11.145833	-0.094012	591400.000000
11.250000	-0.094321	591600.000000
11.354167	-0.094133	591800.000000
11.458333	-0.093824	592000.000000
11.562500	-0.094502	592200.000000
11.666667	-0.093938	592400.000000
11.770833	-0.093299	592600.000000
11.875000	-0.094026	592800.000000
11.979167	-0.093739	593000.000000
12.083333	-0.093180	593200.000000
12.187500	-0.093489	593400.000000
12.291667	-0.092701	593600.000000
12.395833	-0.092626	593800.000000
12.500000	-0.092958	594000.000000
12.604167	-0.092681	594200.000000
12.708333	-0.091840	594400.000000
12.812500	-0.092579	594600.000000
12.916667	-0.091699	594800.000000
13.020833	-0.092295	595000.000000
13.125000	-0.092612	595200.000000
13.229167	-0.092097	595400.000000
13.333333	-0.093506	595600.000000
13.437500	-0.095398	595800.000000
13.541667	-0.099492	596000.000000
13.645833	-0.108125	596200.000000
13.750000	-0.124218	596400.000000
13.854167	-0.145186	596600.000000
13.958333	-0.161524	596800.000000
14.062500	-0.157511	597000.000000
14.166667	-0.126122	597200.000000
14.270833	-0.078239	597400.000000
14.375000	-0.038776	597600.000000
14.479167	-0.022505	597800.000000
14.583333	-0.030225	598000.000000
14.687500	-0.051447	598200.000000
14.791667	-0.072601	598400.000000
14.895833	-0.089342	598600.000000
15.000000	-0.098093	598800.000000
15.104167	-0.100510	599000.000000
15.208333	-0.099455	599200.000000
15.312500	-0.098221	599400.000000
15.416667	-0.097077	599600.000000
15.520833	-0.095137	599800.000000
15.625000	-0.091717	600000.000000
15.729167	-0.087082	600200.000000
15.833333	-0.086591	600400.000000
15.937500	-0.093390	600600.000000
16.041667	-0.102756	600800.000000
16.145833	-0.108172	601000.000000
16.250000	-0.106681	601200.000000
16.354167	-0.100616	601400.000000
16.458333	-0.095110	601600.000000
16.562500	-0.092310	601800.000000
16.666667	-0.092774	602000.000000
16.770833	-0.094003	602200.000000
16.875000	-0.096216	602400.000000
16.979167	-0.098080	602600.000000
17.083333	-0.099948	602800.000000
17.187500	-0.100660	603000.000000
17.291667	-0.099800	603200.000000
17.395833	-0.095080	603400.000000
17.500000	-0.090409	603600.000000
17.604167	-0.088888	603800.000000
17.708333	-0.090946	604000.000000
17.812500	-0.096069	604200.000000
17.916667	-0.101231	604400.000000
18.020833	-0.102090	604600.000000
18.125000	-0.097480	604800.000000
18.229167	-0.093142	605000.000000
18.333333	-0.092174	605200.000000
18.437500	-0.094449	605400.000000
18.541667	-0.097867	605600.000000
18.645833	-0.098128	605800.000000
18.750000	-0.097806	606000.000000
18.854167	-0.095848	606200.000000
18.958333	-0.092923	606400.000000
19.062500	-0.092352	606600.000000
19.166667	-0.093207	606800.000000
19.270833	-0.092369	607000.000000
19.375000	-0.092232	607200.000000
19.479167	-0.093276	607400.000000
19.583333	-0.095342	607600.000000
19.687500	-0.096388	607800.000000
19.791667	-0.096779	608000.000000
19.895833	-0.096755	608200.000000
20.000000	-0.097875	608400.000000
20.104167	-0.096915	608600.000000
20.208333	-0.095503	608800.000000
20.312500	-0.093520	609000.000000
20.416667	-0.092808	609200.000000
20.520833	-0.092807	609400.000000
20.625000	-0.094703	609600.000000
20.729167	-0.096770	609800.000000
20.833333	-0.096574	610000.000000
20.937500	-0.095312	610200.000000
21.041667	-0.093967	610400.000000
21.145833	-0.092538	610600.000000
21.250000	-0.092313	610800.000000
21.354167	-0.094060	611000.000000
21.458333	-0.094955	611200.000000
21.562500	-0.096210	611400.000000
21.666667	-0.097300	611600.000000
21.770833	-0.096050	611800.000000
21.875000	-0.094359	612000.000000
21.979167	-0.094303	612200.000000
22.083333	-0.093999	612400.000000
22.187500	-0.094307	612600.000000
22.291667	-0.094358	612800.000000
22.395833	-0.093805	613000.000000
22.500000	-0.092424	613200.000000
22.604167	-0.093955	613400.000000
22.708333	-0.095717	613600.000000
22.812500	-0.095473	613800.000000
22.916667	-0.093820	614000.000000
23.020833	-0.091871	614200.000000
23.125000	-0.090724	614400.000000
23.229167	-0.089924	614600.000000
23.333333	-0.091682	614800.000000
23.437500	-0.095113	615000.000000
23.541667	-0.098381	615200.000000
23.645833	-0.099626	615400.000000
23.750000	-0.097516	615600.000000
23.854167	-0.094919	615800.000000
23.958333	-0.093171	616000.000000
24.062500	-0.093123	616200.000000
24.166667	-0.091806	616400.000000
24.270833	-0.092668	616600.000000
24.375000	-0.094357	616800.000000
24.479167	-0.094344	617000.000000
24.583333	-0.093909	617200.000000
24.687500	-0.094042	617400.000000
24.791667	-0.093636	617600.000000
24.895833	-0.093441	617800.000000
25.000000	-0.092754	618000.000000
25.104167	-0.093326	618200.000000
25.208333	-0.095146	618400.000000
25.312500	-0.095907	618600.000000
25.416667	-0.096951	618800.000000
25.520833	-0.097448	619000.000000
25.625000	-0.096817	619200.000000
25.729167	-0.096025	619400.000000
25.833333	-0.093736	619600.000000
25.937500	-0.091594	619800.000000
26.041667	-0.089403	620000.000000
26.145833	-0.090249	620200.000000
26.250000	-0.092561	620400.000000
26.354167	-0.097005	620600.000000
26.458333	-0.099839	620800.000000
26.562500	-0.099038	621000.000000
26.666667	-0.094882	621200.000000
26.770833	-0.091452	621400.000000
26.875000	-0.090359	621600.000000
26.979167	-0.092396	621800.000000
27.083333	-0.096419	622000.000000
27.187500	-0.098071	622200.000000
27.291667	-0.098353	622400.000000
27.395833	-0.096735	622600.000000
27.500000	-0.095263	622800.000000
27.604167	-0.094695	623000.000000
27.708333	-0.094190	623200.000000
27.812500	-0.092798	623400.000000
27.916667	-0.093188	623600.000000
28.020833	-0.094819	623800.000000
28.125000	-0.096973	624000.000000
28.229167	-0.097995	624200.000000
28.333333	-0.096973	624400.000000
28.437500	-0.093450	624600.000000
28.541667	-0.090546	624800.000000
28.645833	-0.092163	625000.000000
28.750000	-0.094927	625200.000000
28.854167	-0.097746	625400.000000
28.958333	-0.099089	625600.000000
29.062500	-0.098813	625800.000000
29.166667	-0.097776	626000.000000
29.270833	-0.096963	626200.000000
29.375000	-0.095246	626400.000000
29.479167	-0.092364	626600.000000
29.583333	-0.090638	626800.000000
29.687500	-0.091419	627000.000000
29.791667	-0.093980	627200.000000
29.895833	-0.097916	627400.000000
30.000000	-0.099569	627600.000000
30.104167	-0.096424	627800.000000
30.208333	-0.092469	628000.000000
30.312500	-0.090285	628200.000000
30.416667	-0.091789	628400.000000
30.520833	-0.094601	628600.000000
30.625000	-0.099153	628800.000000
30.729167	-0.100545	629000.000000
30.833333	-0.099933	629200.000000
30.937500	-0.097899	629400.000000
31.041667	-0.093977	629600.000000
31.145833	-0.092386	629800.000000
31.250000	-0.091280	630000.000000
31.354167	-0.092774	630200.000000
31.458333	-0.095354	630400.000000
31.562500	-0.097179	630600.000000
31.666667	-0.096477	630800.000000
31.770833	-0.097077	631000.000000
31.875000	-0.096884	631200.000000
31.979167	-0.094548	631400.000000
32.083333	-0.092759	631600.000000
32.187500	-0.091951	631800.000000
32.291667	-0.093389	632000.000000
32.395833	-0.095012	632200.000000
32.500000	-0.097398	632400.000000
32.604167	-0.097796	632600.000000
32.708333	-0.097393	632800.000000
32.812500	-0.095893	633000.000000
32.916667	-0.094999	633200.000000
33.020833	-0.094518	633400.000000
33.125000	-0.094174	633600.000000
33.229167	-0.094244	633800.000000
33.333333	-0.095114	634000.000000
33.437500	-0.097088	634200.000000
33.541667	-0.097025	634400.000000
33.645833	-0.094951	634600.000000
33.750000	-0.093890	634800.000000
33.854167	-0.091429	635000.000000
33.958333	-0.092062	635200.000000
34.062500	-0.094385	635400.000000
34.166667	-0.096042	635600.000000
34.270833	-0.097661	635800.000000
34.375000	-0.097782	636000.000000
34.479167	-0.096332	636200.000000
34.583333	-0.095293	636400.000000
34.687500	-0.094789	636600.000000
34.791667	-0.094597	636800.000000
34.895833	-0.094415	637000.000000
35.000000	-0.094964	637200.000000
35.104167	-0.095151	637400.000000
35.208333	-0.094430	637600.000000
35.312500	-0.093058	637800.000000
35.416667	-0.093099	638000.000000
35.520833	-0.093893	638200.000000
35.625000	-0.096449	638400.000000
35.729167	-0.097552	638600.000000
35.833333	-0.095983	638800.000000
35.937500	-0.095275	639000.000000
36.041667	-0.094160	639200.000000
36.145833	-0.094254	639400.000000
36.250000	-0.095211	639600.000000
36.354167	-0.095307	639800.000000
36.458333	-0.094330	640000.000000
36.562500	-0.093656	640200.000000
36.666667	-0.093590	640400.000000
36.770833	-0.093997	640600.000000
36.875000	-0.095426	640800.000000
36.979167	-0.095030	641000.000000
37.083333	-0.094251	641200.000000
37.187500	-0.094043	641400.000000
37.291667	-0.093479	641600.000000
37.395833	-0.093186	641800.000000
37.500000	-0.094596	642000.000000
37.604167	-0.095437	642200.000000
37.708333	-0.095554	642400.000000
37.812500	-0.095146	642600.000000
37.916667	-0.094259	642800.000000
38.020833	-0.094281	643000.000000
38.125000	-0.094482	643200.000000
38.229167	-0.094977	643400.000000
38.333333	-0.095156	643600.000000
38.437500	-0.095079	643800.000000
38.541667	-0.095304	644000.000000
38.645833	-0.094538	644200.000000
38.750000	-0.093650	644400.000000
38.854167	-0.093414	644600.000000
38.958333	-0.092483	644800.000000
39.062500	-0.092943	645000.000000
39.166667	-0.094138	645200.000000
39.270833	-0.096070	645400.000000
39.375000	-0.097074	645600.000000
39.479167	-0.094922	645800.000000
39.583333	-0.093203	646000.000000
39.687500	-0.093733	646200.000000
39.791667	-0.095766	646400.000000
39.895833	-0.096707	646600.000000
40.000000	-0.097227	646800.000000
40.104167	-0.095195	647000.000000
40.208333	-0.093949	647200.000000
40.312500	-0.093170	647400.000000
40.416667	-0.093169	647600.000000
40.520833	-0.092096	647800.000000
40.625000	-0.093049	648000.000000
40.729167	-0.093862	648200.000000
40.833333	-0.094916	648400.000000
40.937500	-0.095039	648600.000000
41.041667	-0.096291	648800.000000
41.145833	-0.095940	649000.000000
41.250000	-0.095246	649200.000000
41.354167	-0.094388	649400.000000
41.458333	-0.093399	649600.000000
41.562500	-0.093617	649800.000000
41.666667	-0.094949	650000.000000
41.770833	-0.095664	650200.000000
41.875000	-0.095152	650400.000000
41.979167	-0.096068	650600.000000
42.083333	-0.095356	650800.000000
42.187500	-0.093821	651000.000000
42.291667	-0.092653	651200.000000
42.395833	-0.092901	651400.000000
42.500000	-0.093623	651600.000000
42.604167	-0.096072	651800.000000
42.708333	-0.096890	652000.000000
42.812500	-0.096076	652200.000000
42.916667	-0.096320	652400.000000
43.020833	-0.093963	652600.000000
43.125000	-0.093574	652800.000000
43.229167	-0.093556	653000.000000
43.333333	-0.093998	653200.000000
43.437500	-0.095493	653400.000000
43.541667	-0.096752	653600.000000
43.645833	-0.096822	653800.000000
43.750000	-0.096243	654000.000000
43.854167	-0.095968	654200.000000
43.958333	-0.094085	654400.000000
44.062500	-0.092814	654600.000000
44.166667	-0.093168	654800.000000
44.270833	-0.093732	655000.000000
44.375000	-0.093900	655200.000000
44.479167	-0.094500	655400.000000
44.583333	-0.093821	655600.000000
44.687500	-0.094300	655800.000000
44.791667	-0.096016	656000.000000
44.895833	-0.096082	656200.000000
45.000000	-0.095333	656400.000000
45.104167	-0.095354	656600.000000
45.208333	-0.095306	656800.000000
45.312500	-0.096045	657000.000000
45.416667	-0.096376	657200.000000
45.520833	-0.096722	657400.000000
45.625000	-0.095235	657600.000000
45.729167	-0.094692	657800.000000
45.833333	-0.094070	658000.000000
45.937500	-0.093962	658200.000000
46.041667	-0.094368	658400.000000
46.145833	-0.094950	658600.000000
46.250000	-0.095107	658800.000000
46.354167	-0.095114	659000.000000
46.458333	-0.095408	659200.000000
46.562500	-0.095681	659400.000000
46.666667	-0.095678	659600.000000
46.770833	-0.094836	659800.000000
46.875000	-0.095183	660000.000000
46.979167	-0.096550	660200.000000
47.083333	-0.095680	660400.000000
47.187500	-0.095115	660600.000000
47.291667	-0.094094	660800.000000
47.395833	-0.093911	661000.000000
47.500000	-0.094858	661200.000000
47.604167	-0.096230	661400.000000
47.708333	-0.095814	661600.000000
47.812500	-0.094615	661800.000000
47.916667	-0.094010	662000.000000
48.020833	-0.094245	662200.000000
48.125000	-0.094305	662400.000000
48.229167	-0.095655	662600.000000
48.333333	-0.095716	662800.000000
48.437500	-0.095445	663000.000000
48.541667	-0.095582	663200.000000
48.645833	-0.095359	663400.000000
48.750000	-0.094856	663600.000000
48.854167	-0.095291	663800.000000
48.958333	-0.096165	664000.000000
49.062500	-0.095897	664200.000000
49.166667	-0.095645	664400.000000
49.270833	-0.095864	664600.000000
49.375000	-0.095385	664800.000000
49.479167	-0.094520	665000.000000
49.583333	-0.093218	665200.000000
49.687500	-0.093024	665400.000000
49.791667	-0.093455	665600.000000
49.895833	-0.095224	665800.000000
50.000000	-0.096055	666000.000000
50.104167	-0.096098	666200.000000
50.208333	-0.095897	666400.000000
50.312500	-0.095431	666600.000000
50.416667	-0.094785	666800.000000
50.520833	-0.095365	667000.000000
50.625000	-0.095499	667200.000000
50.729167	-0.095450	667400.000000
50.833333	-0.095371	667600.000000
50.937500	-0.094544	667800.000000
51.041667	-0.095128	668000.000000
51.145833	-0.094687	668200.000000
51.250000	-0.094029	668400.000000
51.354167	-0.093271	668600.000000
51.458333	-0.093602	668800.000000
51.562500	-0.093159	669000.000000
51.666667	-0.094517	669200.000000
51.770833	-0.096198	669400.000000
51.875000	-0.096634	669600.000000
51.979167	-0.096380	669800.000000
52.083333	-0.095326	670000.000000
52.187500	-0.094388	670200.000000
52.291667	-0.093546	670400.000000
52.395833	-0.093971	670600.000000
52.500000	-0.094186	670800.000000
52.604167	-0.094815	671000.000000
52.708333	-0.095060	671200.000000
52.812500	-0.094957	671400.000000
52.916667	-0.095716	671600.000000
53.020833	-0.095045	671800.000000
53.125000	-0.094586	672000.000000
53.229167	-0.094419	672200.000000
53.333333	-0.094241	672400.000000
53.437500	-0.094196	672600.000000
53.541667	-0.094139	672800.000000
53.645833	-0.094257	673000.000000
53.750000	-0.094327	673200.000000
53.854167	-0.095009	673400.000000
53.958333	-0.094984	673600.000000
54.062500	-0.094876	673800.000000
54.166667	-0.095281	674000.000000
54.270833	-0.095202	674200.000000
54.375000	-0.095368	674400.000000
54.479167	-0.094646	674600.000000
54.583333	-0.094254	674800.000000
54.687500	-0.094493	675000.000000
54.791667	-0.095417	675200.000000
54.895833	-0.096431	675400.000000
55.000000	-0.093937	675600.000000
55.104167	-0.092836	675800.000000
55.208333	-0.092631	676000.000000
55.312500	-0.093528	676200.000000
55.416667	-0.094642	676400.000000
55.520833	-0.094909	676600.000000
55.625000	-0.095560	676800.000000
55.729167	-0.094703	677000.000000
55.833333	-0.094756	677200.000000
55.937500	-0.094490	677400.000000
56.041667	-0.094233	677600.000000
56.145833	-0.094518	677800.000000
56.250000	-0.093772	678000.000000
56.354167	-0.094218	678200.000000
56.458333	-0.094929	678400.000000
56.562500	-0.094648	678600.000000
56.666667	-0.094614	678800.000000
56.770833	-0.094436	679000.000000
56.875000	-0.093915	679200.000000
56.979167	-0.093482	679400.000000
57.083333	-0.094698	679600.000000
57.187500	-0.095043	679800.000000
57.291667	-0.094862	680000.000000
57.395833	-0.095604	680200.000000
57.500000	-0.095386	680400.000000
57.604167	-0.094710	680600.000000
57.708333	-0.094155	680800.000000
57.812500	-0.094196	681000.000000
57.916667	-0.094356	681200.000000
58.020833	-0.095741	681400.000000
58.125000	-0.095957	681600.000000
58.229167	-0.096655	681800.000000
58.333333	-0.096283	682000.000000
58.437500	-0.094585	682200.000000
58.541667	-0.092623	682400.000000
58.645833	-0.092842	682600.000000
58.750000	-0.092516	682800.000000
58.854167	-0.093759	683000.000000
58.958333	-0.095257	683200.000000
59.062500	-0.095576	683400.000000
59.166667	-0.095310	683600.000000
59.270833	-0.095353	683800.000000
59.375000	-0.095110	684000.000000
59.479167	-0.094185	684200.000000
59.583333	-0.093968	684400.000000
59.687500	-0.093802	684600.000000
59.791667	-0.095177	684800.000000
59.895833	-0.095776	685000.000000
60.000000	-0.095491	685200.000000
60.104167	-0.095379	685400.000000
60.208333	-0.093565	685600.000000
60.312500	-0.093266	685800.000000
60.416667	-0.092988	686000.000000
60.520833	-0.093535	686200.000000
60.625000	-0.093626	686400.000000
60.729167	-0.094499	686600.000000
60.833333	-0.095523	686800.000000
60.937500	-0.095396	687000.000000
61.041667	-0.095585	687200.000000
61.145833	-0.095182	687400.000000
61.250000	-0.094938	687600.000000
61.354167	-0.094330	687800.000000
61.458333	-0.094350	688000.000000
61.562500	-0.094538	688200.000000
61.666667	-0.094432	688400.000000
61.770833	-0.094295	688600.000000
61.875000	-0.093646	688800.000000
61.979167	-0.094175	689000.000000
62.083333	-0.093799	689200.000000
62.187500	-0.093949	689400.000000
62.291667	-0.093380	689600.000000
62.395833	-0.094280	689800.000000
62.500000	-0.094072	690000.000000
62.604167	-0.093290	690200.000000
62.708333	-0.093291	690400.000000
62.812500	-0.094356	690600.000000
62.916667	-0.094031	690800.000000
63.020833	-0.094670	691000.000000
63.125000	-0.094721	691200.000000
63.229167	-0.094124	691400.000000
63.333333	-0.093623	691600.000000
63.437500	-0.093334	691800.000000
63.541667	-0.093403	692000.000000
63.645833	-0.092887	692200.000000
63.750000	-0.093095	692400.000000
63.854167	-0.094020	692600.000000
63.958333	-0.094362	692800.000000
64.062500	-0.093839	693000.000000
64.166667	-0.093768	693200.000000
64.270833	-0.093064	693400.000000
64.375000	-0.092994	693600.000000
64.479167	-0.093251	693800.000000
64.583333	-0.094256	694000.000000
64.687500	-0.094536	694200.000000
64.791667	-0.095303	694400.000000
64.895833	-0.095259	694600.000000
65.000000	-0.094872	694800.000000
65.104167	-0.093770	695000.000000
65.208333	-0.093897	695200.000000
65.312500	-0.093743	695400.000000
65.416667	-0.093498	695600.000000
65.520833	-0.093813	695800.000000
65.625000	-0.094293	696000.000000
65.729167	-0.094284	696200.000000
65.833333	-0.093833	696400.000000
65.937500	-0.093859	696600.000000
66.041667	-0.092926	696800.000000
66.145833	-0.092938	697000.000000
66.250000	-0.094138	697200.000000
66.354167	-0.094656	697400.000000
66.458333	-0.094865	697600.000000
66.562500	-0.094638	697800.000000
66.666667	-0.094478	698000.000000
66.770833	-0.093770	698200.000000
66.875000	-0.093895	698400.000000
66.979167	-0.093689	698600.000000
67.083333	-0.093437	698800.000000
67.187500	-0.094680	699000.000000
67.291667	-0.094806	699200.000000
67.395833	-0.095411	699400.000000
67.500000	-0.094685	699600.000000
67.604167	-0.093820	699800.000000
67.708333	-0.092937	700000.000000
