0.000000	-0.099489	570000.000000
0.104167	-0.099086	570200.000000
0.208333	-0.099041	570400.000000
0.312500	-0.099530	570600.000000
0.416667	-0.099900	570800.000000
0.520833	-0.099270	571000.000000
0.625000	-0.099488	571200.000000
0.729167	-0.099768	571400.000000
0.833333	-0.100271	571600.000000
0.937500	-0.099714	571800.000000
1.041667	-0.100257	572000.000000
1.145833	-0.098980	572200.000000
1.250000	-0.099403	572400.000000
1.354167	-0.100332	572600.000000
1.458333	-0.099518	572800.000000
1.562500	-0.099438	573000.000000
1.666667	-0.100113	573200.000000
1.770833	-0.099267	573400.000000
1.875000	-0.099115	573600.000000
1.979167	-0.098809	573800.000000
2.083333	-0.099177	574000.000000
2.187500	-0.099008	574200.000000
2.291667	-0.099489	574400.000000
2.395833	-0.099232	574600.000000
2.500000	-0.099402	574800.000000
2.604167	-0.100334	575000.000000
2.708333	-0.099601	575200.000000
2.812500	-0.099596	575400.000000
2.916667	-0.099981	575600.000000
3.020833	-0.099619	575800.000000
3.125000	-0.098435	576000.000000
3.229167	-0.099256	576200.000000
3.333333	-0.098887	576400.000000
3.437500	-0.099752	576600.000000
3.541667	-0.100013	576800.000000
3.645833	-0.099819	577000.000000
3.750000	-0.099565	577200.000000
3.854167	-0.100129	577400.000000
3.958333	-0.099682	577600.000000
4.062500	-0.098739	577800.000000
4.166667	-0.099510	578000.000000
4.270833	-0.099452	578200.000000
4.375000	-0.099380	578400.000000
4.479167	-0.099509	578600.000000
4.583333	-0.099311	578800.000000
4.687500	-0.099343	579000.000000
4.791667	-0.099989	579200.000000
4.895833	-0.100364	579400.000000
5.000000	-0.099178	579600.000000
5.104167	-0.099413	579800.000000
5.208333	-0.099191	580000.000000
5.312500	-0.099399	580200.000000
5.416667	-0.099356	580400.000000
5.520833	-0.098950	580600.000000
5.625000	-0.099637	580800.000000
5.729167	-0.100000	581000.000000
5.833333	-0.100187	581200.000000
5.937500	-0.099561	581400.000000
6.041667	-0.100193	581600.000000
6.145833	-0.099303	581800.000000
6.250000	-0.098953	582000.000000
6.354167	-0.099147	582200.000000
6.458333	-0.099030	582400.000000
6.562500	-0.098920	582600.000000
6.666667	-0.099679	582800.000000
6.770833	-0.099305	583000.000000
6.875000	-0.099584	583200.000000
6.979167	-0.099527	583400.000000
7.083333	-0.099744	583600.000000
7.187500	-0.099739	583800.000000
7.291667	-0.099469	584000.000000
7.395833	-0.098775	584200.000000
7.500000	-0.099667	584400.000000
7.604167	-0.099337	584600.000000
7.708333	-0.099348	584800.000000
7.812500	-0.099418	585000.000000
7.916667	-0.099809	585200.000000
8.020833	-0.098834	585400.000000
8.125000	-0.099301	585600.000000
8.229167	-0.100114	585800.000000
8.333333	-0.098995	586000.000000
8.437500	-0.098725	586200.000000
8.541667	-0.099310	586400.000000
8.645833	-0.099513	586600.000000
8.750000	-0.099367	586800.000000
8.854167	-0.099276	587000.000000
8.958333	-0.098579	587200.000000
9.062500	-0.098228	587400.000000
9.166667	-0.098384	587600.000000
9.270833	-0.097869	587800.000000
9.375000	-0.097515	588000.000000
9.479167	-0.098537	588200.000000
9.583333	-0.098429	588400.000000
9.687500	-0.097550	588600.000000
9.791667	-0.097516	588800.000000
9.895833	-0.097082	589000.000000
10.000000	-0.097024	589200.000000
10.104167	-0.096349	589400.000000
10.208333	-0.096081	589600.000000
10.312500	-0.096404	589800.000000
10.416667	-0.095864	590000.000000
10.520833	-0.095836	590200.000000
10.625000	-0.094648	590400.000000
10.729167	-0.094304	590600.000000
10.833333	-0.093766	590800.000000
10.937500	-0.093016	591000.000000
11.041667	-0.091625	591200.000000
11.145833	-0.091014	591400.000000
11.250000	-0.089946	591600.000000
11.354167	-0.088827	591800.000000
11.458333	-0.086879	592000.000000
11.562500	-0.085730	592200.000000
11.666667	-0.084050	592400.000000
11.770833	-0.081449	592600.000000
11.875000	-0.079054	592800.000000
11.979167	-0.076774	593000.000000
12.083333	-0.073664	593200.000000
12.187500	-0.070755	593400.000000
12.291667	-0.067613	593600.000000
12.395833	-0.063625	593800.000000
12.500000	-0.059415	594000.000000
12.604167	-0.054566	594200.000000
12.708333	-0.048776	594400.000000
12.812500	-0.042903	594600.000000
12.916667	-0.037566	594800.000000
13.020833	-0.030947	595000.000000
13.125000	-0.024823	595200.000000
13.229167	-0.019916	595400.000000
13.333333	-0.016365	595600.000000
13.437500	-0.016649	595800.000000
13.541667	-0.026830	596000.000000
13.645833	-0.056263	596200.000000
13.750000	-0.121488	596400.000000
13.854167	-0.238678	596600.000000
13.958333	-0.403325	596800.000000
14.062500	-0.571350	597000.000000
14.166667	-0.691354	597200.000000
14.270833	-0.700982	597400.000000
14.375000	-0.597210	597600.000000
14.479167	-0.414860	597800.000000
14.583333	-0.216345	598000.000000
14.687500	-0.077458	598200.000000
14.791667	0.005343	598400.000000
14.895833	0.039886	598600.000000
15.000000	0.042471	598800.000000
15.104167	0.031413	599000.000000
15.208333	0.019268	599200.000000
15.312500	0.009545	599400.000000
15.416667	0.002219	599600.000000
15.520833	-0.002189	599800.000000
15.625000	0.001003	600000.000000
15.729167	0.014625	600200.000000
15.833333	0.032042	600400.000000
15.937500	0.041256	600600.000000
16.041667	0.028605	600800.000000
16.145833	0.000423	601000.000000
16.250000	-0.033085	601200.000000
16.354167	-0.053967	601400.000000
16.458333	-0.059062	601600.000000
16.562500	-0.052800	601800.000000
16.666667	-0.046572	602000.000000
16.770833	-0.041904	602200.000000
16.875000	-0.041425	602400.000000
16.979167	-0.046939	602600.000000
17.083333	-0.058376	602800.000000
17.187500	-0.072414	603000.000000
17.291667	-0.086204	603200.000000
17.395833	-0.093275	603400.000000
17.500000	-0.088324	603600.000000
17.604167	-0.075246	603800.000000
17.708333	-0.062431	604000.000000
17.812500	-0.059767	604200.000000
17.916667	-0.070845	604400.000000
18.020833	-0.090278	604600.000000
18.125000	-0.102800	604800.000000
18.229167	-0.103398	605000.000000
18.333333	-0.095979	605200.000000
18.437500	-0.090814	605400.000000
18.541667	-0.094222	605600.000000
18.645833	-0.103401	605800.000000
18.750000	-0.112156	606000.000000
18.854167	-0.115504	606200.000000
18.958333	-0.114434	606400.000000
19.062500	-0.108519	606600.000000
19.166667	-0.101698	606800.000000
19.270833	-0.095449	607000.000000
19.375000	-0.090526	607200.000000
19.479167	-0.084993	607400.000000
19.583333	-0.083596	607600.000000
19.687500	-0.087391	607800.000000
19.791667	-0.094428	608000.000000
19.895833	-0.099669	608200.000000
20.000000	-0.105956	608400.000000
20.104167	-0.112198	608600.000000
20.208333	-0.114935	608800.000000
20.312500	-0.113798	609000.000000
20.416667	-0.110384	609200.000000
20.520833	-0.105160	609400.000000
20.625000	-0.103593	609600.000000
20.729167	-0.106416	609800.000000
20.833333	-0.110559	610000.000000
20.937500	-0.114178	610200.000000
21.041667	-0.113249	610400.000000
21.145833	-0.109727	610600.000000
21.250000	-0.105434	610800.000000
21.354167	-0.101737	611000.000000
21.458333	-0.101812	611200.000000
21.562500	-0.104684	611400.000000
21.666667	-0.109978	611600.000000
21.770833	-0.114109	611800.000000
21.875000	-0.116234	612000.000000
21.979167	-0.115172	612200.000000
22.083333	-0.113093	612400.000000
22.187500	-0.112988	612600.000000
22.291667	-0.112498	612800.000000
22.395833	-0.111015	613000.000000
22.500000	-0.108398	613200.000000
22.604167	-0.107126	613400.000000
22.708333	-0.109406	613600.000000
22.812500	-0.111887	613800.000000
22.916667	-0.112234	614000.000000
23.020833	-0.106561	614200.000000
23.125000	-0.098859	614400.000000
23.229167	-0.088449	614600.000000
23.333333	-0.082264	614800.000000
23.437500	-0.081483	615000.000000
23.541667	-0.089079	615200.000000
23.645833	-0.100208	615400.000000
23.750000	-0.110407	615600.000000
23.854167	-0.114280	615800.000000
23.958333	-0.113143	616000.000000
24.062500	-0.109369	616200.000000
24.166667	-0.104208	616400.000000
24.270833	-0.098667	616600.000000
24.375000	-0.094704	616800.000000
24.479167	-0.094665	617000.000000
24.583333	-0.094975	617200.000000
24.687500	-0.093716	617400.000000
24.791667	-0.092437	617600.000000
24.895833	-0.089339	617800.000000
25.000000	-0.086841	618000.000000
25.104167	-0.086717	618200.000000
25.208333	-0.086575	618400.000000
25.312500	-0.089108	618600.000000
25.416667	-0.094391	618800.000000
25.520833	-0.101054	619000.000000
25.625000	-0.108266	619200.000000
25.729167	-0.114322	619400.000000
25.833333	-0.115641	619600.000000
25.937500	-0.110116	619800.000000
26.041667	-0.100678	620000.000000
26.145833	-0.089263	620200.000000
26.250000	-0.084381	620400.000000
26.354167	-0.088295	620600.000000
26.458333	-0.098100	620800.000000
26.562500	-0.109675	621000.000000
26.666667	-0.113168	621200.000000
26.770833	-0.108272	621400.000000
26.875000	-0.098426	621600.000000
26.979167	-0.092166	621800.000000
27.083333	-0.091606	622000.000000
27.187500	-0.098764	622200.000000
27.291667	-0.107441	622400.000000
27.395833	-0.112562	622600.000000
27.500000	-0.114423	622800.000000
27.604167	-0.114113	623000.000000
27.708333	-0.112223	623200.000000
27.812500	-0.108765	623400.000000
27.916667	-0.103617	623600.000000
28.020833	-0.100417	623800.000000
28.125000	-0.102326	624000.000000
28.229167	-0.109096	624200.000000
28.333333	-0.113473	624400.000000
28.437500	-0.111058	624600.000000
28.541667	-0.102262	624800.000000
28.645833	-0.091862	625000.000000
28.750000	-0.087748	625200.000000
28.854167	-0.091914	625400.000000
28.958333	-0.099092	625600.000000
29.062500	-0.107398	625800.000000
29.166667	-0.115030	626000.000000
29.270833	-0.120443	626200.000000
29.375000	-0.123404	626400.000000
29.479167	-0.118569	626600.000000
29.583333	-0.107179	626800.000000
29.687500	-0.095937	627000.000000
29.791667	-0.091265	627200.000000
29.895833	-0.094704	627400.000000
30.000000	-0.102445	627600.000000
30.104167	-0.108937	627800.000000
30.208333	-0.104130	628000.000000
30.312500	-0.093372	628200.000000
30.416667	-0.083157	628400.000000
30.520833	-0.079464	628600.000000
30.625000	-0.085896	628800.000000
30.729167	-0.097518	629000.000000
30.833333	-0.109141	629200.000000
30.937500	-0.117600	629400.000000
31.041667	-0.118754	629600.000000
31.145833	-0.112308	629800.000000
31.250000	-0.102112	630000.000000
31.354167	-0.093095	630200.000000
31.458333	-0.088898	630400.000000
31.562500	-0.091460	630600.000000
31.666667	-0.095176	630800.000000
31.770833	-0.099928	631000.000000
31.875000	-0.102220	631200.000000
31.979167	-0.102873	631400.000000
32.083333	-0.097609	631600.000000
32.187500	-0.088878	631800.000000
32.291667	-0.083506	632000.000000
32.395833	-0.082618	632200.000000
32.500000	-0.087226	632400.000000
32.604167	-0.095240	632600.000000
32.708333	-0.101109	632800.000000
32.812500	-0.104487	633000.000000
32.916667	-0.104700	633200.000000
33.020833	-0.102045	633400.000000
33.125000	-0.098213	633600.000000
33.229167	-0.095478	633800.000000
33.333333	-0.093509	634000.000000
33.437500	-0.095284	634200.000000
33.541667	-0.098574	634400.000000
33.645833	-0.099629	634600.000000
33.750000	-0.096864	634800.000000
33.854167	-0.090572	635000.000000
33.958333	-0.082149	635200.000000
34.062500	-0.077986	635400.000000
34.166667	-0.081564	635600.000000
34.270833	-0.087976	635800.000000
34.375000	-0.095364	636000.000000
34.479167	-0.099895	636200.000000
34.583333	-0.100605	636400.000000
34.687500	-0.101301	636600.000000
34.791667	-0.100658	636800.000000
34.895833	-0.099917	637000.000000
35.000000	-0.098779	637200.000000
35.104167	-0.099454	637400.000000
35.208333	-0.097671	637600.000000
35.312500	-0.094287	637800.000000
35.416667	-0.090277	638000.000000
35.520833	-0.086821	638200.000000
35.625000	-0.086819	638400.000000
35.729167	-0.089967	638600.000000
35.833333	-0.093620	638800.000000
35.937500	-0.096766	639000.000000
36.041667	-0.098096	639200.000000
36.145833	-0.098063	639400.000000
36.250000	-0.099763	639600.000000
36.354167	-0.101471	639800.000000
36.458333	-0.102596	640000.000000
36.562500	-0.100876	640200.000000
36.666667	-0.098621	640400.000000
36.770833	-0.097338	640600.000000
36.875000	-0.097109	640800.000000
36.979167	-0.098636	641000.000000
37.083333	-0.099364	641200.000000
37.187500	-0.097771	641400.000000
37.291667	-0.095942	641600.000000
37.395833	-0.092298	641800.000000
37.500000	-0.091964	642000.000000
37.604167	-0.092643	642200.000000
37.708333	-0.094337	642400.000000
37.812500	-0.095962	642600.000000
37.916667	-0.096329	642800.000000
38.020833	-0.095980	643000.000000
38.125000	-0.094990	643200.000000
38.229167	-0.095278	643400.000000
38.333333	-0.097494	643600.000000
38.437500	-0.100632	643800.000000
38.541667	-0.103520	644000.000000
38.645833	-0.103847	644200.000000
38.750000	-0.104195	644400.000000
38.854167	-0.101655	644600.000000
38.958333	-0.096501	644800.000000
39.062500	-0.091408	645000.000000
39.166667	-0.087831	645200.000000
39.270833	-0.089234	645400.000000
39.375000	-0.093370	645600.000000
39.479167	-0.095804	645800.000000
39.583333	-0.094610	646000.000000
39.687500	-0.092906	646200.000000
39.791667	-0.094083	646400.000000
39.895833	-0.099353	646600.000000
40.000000	-0.105732	646800.000000
40.104167	-0.109162	647000.000000
40.208333	-0.108761	647200.000000
40.312500	-0.106852	647400.000000
40.416667	-0.104109	647600.000000
40.520833	-0.100765	647800.000000
40.625000	-0.096009	648000.000000
40.729167	-0.093516	648200.000000
40.833333	-0.091104	648400.000000
40.937500	-0.091663	648600.000000
41.041667	-0.095679	648800.000000
41.145833	-0.099382	649000.000000
41.250000	-0.102321	649200.000000
41.354167	-0.102680	649400.000000
41.458333	-0.100170	649600.000000
41.562500	-0.098440	649800.000000
41.666667	-0.097982	650000.000000
41.770833	-0.100260	650200.000000
41.875000	-0.104007	650400.000000
41.979167	-0.106765	650600.000000
42.083333	-0.108730	650800.000000
42.187500	-0.108611	651000.000000
42.291667	-0.104983	651200.000000
42.395833	-0.099058	651400.000000
42.500000	-0.094535	651600.000000
42.604167	-0.094839	651800.000000
42.708333	-0.098100	652000.000000
42.812500	-0.102678	652200.000000
42.916667	-0.105400	652400.000000
43.020833	-0.104710	652600.000000
43.125000	-0.100901	652800.000000
43.229167	-0.097061	653000.000000
43.333333	-0.094141	653200.000000
43.437500	-0.095494	653400.000000
43.541667	-0.099493	653600.000000
43.645833	-0.104134	653800.000000
43.750000	-0.108602	654000.000000
43.854167	-0.111074	654200.000000
43.958333	-0.110656	654400.000000
44.062500	-0.107723	654600.000000
44.166667	-0.102981	654800.000000
44.270833	-0.099514	655000.000000
44.375000	-0.097288	655200.000000
44.479167	-0.094789	655400.000000
44.583333	-0.093130	655600.000000
44.687500	-0.093034	655800.000000
44.791667	-0.094291	656000.000000
44.895833	-0.095484	656200.000000
45.000000	-0.097003	656400.000000
45.104167	-0.097838	656600.000000
45.208333	-0.099157	656800.000000
45.312500	-0.100627	657000.000000
45.416667	-0.103073	657200.000000
45.520833	-0.104937	657400.000000
45.625000	-0.105425	657600.000000
45.729167	-0.103964	657800.000000
45.833333	-0.100687	658000.000000
45.937500	-0.097466	658200.000000
46.041667	-0.094256	658400.000000
46.145833	-0.093383	658600.000000
46.250000	-0.092884	658800.000000
46.354167	-0.093801	659000.000000
46.458333	-0.094647	659200.000000
46.562500	-0.094873	659400.000000
46.666667	-0.095500	659600.000000
46.770833	-0.094847	659800.000000
46.875000	-0.096250	660000.000000
46.979167	-0.098645	660200.000000
47.083333	-0.100356	660400.000000
47.187500	-0.100698	660600.000000
47.291667	-0.099448	660800.000000
47.395833	-0.096628	661000.000000
47.500000	-0.095612	661200.000000
47.604167	-0.096873	661400.000000
47.708333	-0.098794	661600.000000
47.812500	-0.099513	661800.000000
47.916667	-0.097458	662000.000000
48.020833	-0.094537	662200.000000
48.125000	-0.093643	662400.000000
48.229167	-0.093144	662600.000000
48.333333	-0.093167	662800.000000
48.437500	-0.094094	663000.000000
48.541667	-0.095377	663200.000000
48.645833	-0.094714	663400.000000
48.750000	-0.094293	663600.000000
48.854167	-0.095666	663800.000000
48.958333	-0.097491	664000.000000
49.062500	-0.100791	664200.000000
49.166667	-0.101894	664400.000000
49.270833	-0.104303	664600.000000
49.375000	-0.104890	664800.000000
49.479167	-0.103394	665000.000000
49.583333	-0.099305	665200.000000
49.687500	-0.094636	665400.000000
49.791667	-0.091251	665600.000000
49.895833	-0.090230	665800.000000
50.000000	-0.091554	666000.000000
50.104167	-0.093997	666200.000000
50.208333	-0.096113	666400.000000
50.312500	-0.096204	666600.000000
50.416667	-0.096266	666800.000000
50.520833	-0.096780	667000.000000
50.625000	-0.098740	667200.000000
50.729167	-0.100723	667400.000000
50.833333	-0.101800	667600.000000
50.937500	-0.101992	667800.000000
51.041667	-0.101481	668000.000000
51.145833	-0.101300	668200.000000
51.250000	-0.100861	668400.000000
51.354167	-0.098516	668600.000000
51.458333	-0.095285	668800.000000
51.562500	-0.092126	669000.000000
51.666667	-0.090144	669200.000000
51.770833	-0.092314	669400.000000
51.875000	-0.095320	669600.000000
51.979167	-0.098963	669800.000000
52.083333	-0.101192	670000.000000
52.187500	-0.099847	670200.000000
52.291667	-0.098839	670400.000000
52.395833	-0.097090	670600.000000
52.500000	-0.096517	670800.000000
52.604167	-0.097261	671000.000000
52.708333	-0.098800	671200.000000
52.812500	-0.099802	671400.000000
52.916667	-0.100434	671600.000000
53.020833	-0.100886	671800.000000
53.125000	-0.101586	672000.000000
53.229167	-0.101063	672200.000000
53.333333	-0.099494	672400.000000
53.437500	-0.096763	672600.000000
53.541667	-0.096286	672800.000000
53.645833	-0.094922	673000.000000
53.750000	-0.094131	673200.000000
53.854167	-0.094586	673400.000000
53.958333	-0.095947	673600.000000
54.062500	-0.098081	673800.000000
54.166667	-0.099327	674000.000000
54.270833	-0.100632	674200.000000
54.375000	-0.100984	674400.000000
54.479167	-0.101287	674600.000000
54.583333	-0.099794	674800.000000
54.687500	-0.099748	675000.000000
54.791667	-0.101717	675200.000000
54.895833	-0.103270	675400.000000
55.000000	-0.104608	675600.000000
55.104167	-0.102731	675800.000000
55.208333	-0.098515	676000.000000
55.312500	-0.095367	676200.000000
55.416667	-0.094102	676400.000000
55.520833	-0.096249	676600.000000
55.625000	-0.099731	676800.000000
55.729167	-0.103398	677000.000000
55.833333	-0.105227	677200.000000
55.937500	-0.106583	677400.000000
56.041667	-0.106660	677600.000000
56.145833	-0.105784	677800.000000
56.250000	-0.103231	678000.000000
56.354167	-0.101562	678200.000000
56.458333	-0.100302	678400.000000
56.562500	-0.100294	678600.000000
56.666667	-0.100921	678800.000000
56.770833	-0.099973	679000.000000
56.875000	-0.098796	679200.000000
56.979167	-0.096869	679400.000000
57.083333	-0.094130	679600.000000
57.187500	-0.093453	679800.000000
57.291667	-0.093133	680000.000000
57.395833	-0.096061	680200.000000
57.500000	-0.098544	680400.000000
57.604167	-0.100384	680600.000000
57.708333	-0.099183	680800.000000
57.812500	-0.096969	681000.000000
57.916667	-0.094498	681200.000000
58.020833	-0.092606	681400.000000
58.125000	-0.093968	681600.000000
58.229167	-0.098288	681800.000000
58.333333	-0.102353	682000.000000
58.437500	-0.104063	682200.000000
58.541667	-0.101759	682400.000000
58.645833	-0.098253	682600.000000
58.750000	-0.094446	682800.000000
58.854167	-0.091076	683000.000000
58.958333	-0.090746	683200.000000
59.062500	-0.092874	683400.000000
59.166667	-0.095914	683600.000000
59.270833	-0.098939	683800.000000
59.375000	-0.098702	684000.000000
59.479167	-0.097693	684200.000000
59.583333	-0.095387	684400.000000
59.687500	-0.095330	684600.000000
59.791667	-0.098181	684800.000000
59.895833	-0.100835	685000.000000
60.000000	-0.104767	685200.000000
60.104167	-0.105793	685400.000000
60.208333	-0.104380	685600.000000
60.312500	-0.102820	685800.000000
60.416667	-0.098957	686000.000000
60.520833	-0.096127	686200.000000
60.625000	-0.094181	686400.000000
60.729167	-0.094147	686600.000000
60.833333	-0.095620	686800.000000
60.937500	-0.098264	687000.000000
61.041667	-0.100981	687200.000000
61.145833	-0.103645	687400.000000
61.250000	-0.105135	687600.000000
61.354167	-0.105599	687800.000000
61.458333	-0.105097	688000.000000
61.562500	-0.105264	688200.000000
61.666667	-0.104934	688400.000000
61.770833	-0.105368	688600.000000
61.875000	-0.105901	688800.000000
61.979167	-0.104658	689000.000000
62.083333	-0.103805	689200.000000
62.187500	-0.102265	689400.000000
62.291667	-0.101015	689600.000000
62.395833	-0.100031	689800.000000
62.500000	-0.099390	690000.000000
62.604167	-0.097855	690200.000000
62.708333	-0.096442	690400.000000
62.812500	-0.095277	690600.000000
62.916667	-0.094791	690800.000000
63.020833	-0.093016	691000.000000
63.125000	-0.093696	691200.000000
63.229167	-0.093346	691400.000000
63.333333	-0.093190	691600.000000
63.437500	-0.092017	691800.000000
63.541667	-0.090661	692000.000000
63.645833	-0.089126	692200.000000
63.750000	-0.088962	692400.000000
63.854167	-0.089884	692600.000000
63.958333	-0.090825	692800.000000
64.062500	-0.091147	693000.000000
64.166667	-0.091550	693200.000000
64.270833	-0.090313	693400.000000
64.375000	-0.088711	693600.000000
64.479167	-0.087331	693800.000000
64.583333	-0.087210	694000.000000
64.687500	-0.088972	694200.000000
64.791667	-0.092350	694400.000000
64.895833	-0.095344	694600.000000
65.000000	-0.099029	694800.000000
65.104167	-0.099507	695000.000000
65.208333	-0.099420	695200.000000
65.312500	-0.099255	695400.000000
65.416667	-0.099179	695600.000000
65.520833	-0.099789	695800.000000
65.625000	-0.100301	696000.000000
65.729167	-0.099435	696200.000000
65.833333	-0.098689	696400.000000
65.937500	-0.096672	696600.000000
66.041667	-0.094328	696800.000000
66.145833	-0.092637	697000.000000
66.250000	-0.091666	697200.000000
66.354167	-0.093769	697400.000000
66.458333	-0.095964	697600.000000
66.562500	-0.098253	697800.000000
66.666667	-0.100132	698000.000000
66.770833	-0.099964	698200.000000
66.875000	-0.099260	698400.000000
66.979167	-0.096665	698600.000000
67.083333	-0.096131	698800.000000
67.187500	-0.096224	699000.000000
67.291667	-0.097602	699200.000000
67.395833	-0.098820	699400.000000
67.500000	-0.101678	699600.000000
67.604167	-0.102166	699800.000000
67.708333	-0.100591	700000.000000
