0.000000	-0.094244	570000.000000
0.104167	-0.093917	570200.000000
0.208333	-0.093971	570400.000000
0.312500	-0.094214	570600.000000
0.416667	-0.094187	570800.000000
0.520833	-0.094626	571000.000000
0.625000	-0.094534	571200.000000
0.729167	-0.094600	571400.000000
0.833333	-0.095025	571600.000000
0.937500	-0.094695	571800.000000
1.041667	-0.094458	572000.000000
1.145833	-0.094705	572200.000000
1.250000	-0.094230	572400.000000
1.354167	-0.094207	572600.000000
1.458333	-0.094350	572800.000000
1.562500	-0.095114	573000.000000
1.666667	-0.094873	573200.000000
1.770833	-0.093795	573400.000000
1.875000	-0.094912	573600.000000
1.979167	-0.094234	573800.000000
2.083333	-0.094808	574000.000000
2.187500	-0.094387	574200.000000
2.291667	-0.093673	574400.000000
2.395833	-0.094220	574600.000000
2.500000	-0.094061	574800.000000
2.604167	-0.093854	575000.000000
2.708333	-0.093842	575200.000000
2.812500	-0.093121	575400.000000
2.916667	-0.093986	575600.000000
3.020833	-0.093894	575800.000000
3.125000	-0.094025	576000.000000
3.229167	-0.094190	576200.000000
3.333333	-0.093652	576400.000000
3.437500	-0.093104	576600.000000
3.541667	-0.093987	576800.000000
3.645833	-0.094465	577000.000000
3.750000	-0.093973	577200.000000
3.854167	-0.094017	577400.000000
3.958333	-0.094775	577600.000000
4.062500	-0.094044	577800.000000
4.166667	-0.093516	578000.000000
4.270833	-0.093638	578200.000000
4.375000	-0.093774	578400.000000
4.479167	-0.094926	578600.000000
4.583333	-0.094693	578800.000000
4.687500	-0.093983	579000.000000
4.791667	-0.094160	579200.000000
4.895833	-0.094118	579400.000000
5.000000	-0.093348	579600.000000
5.104167	-0.093359	579800.000000
5.208333	-0.093332	580000.000000
5.312500	-0.093679	580200.000000
5.416667	-0.092979	580400.000000
5.520833	-0.093735	580600.000000
5.625000	-0.092984	580800.000000
5.729167	-0.093426	581000.000000
5.833333	-0.093485	581200.000000
5.937500	-0.093074	581400.000000
6.041667	-0.093175	581600.000000
6.145833	-0.093483	581800.000000
6.250000	-0.092453	582000.000000
6.354167	-0.093016	582200.000000
6.458333	-0.093713	582400.000000
6.562500	-0.093389	582600.000000
6.666667	-0.093340	582800.000000
6.770833	-0.093431	583000.000000
6.875000	-0.092933	583200.000000
6.979167	-0.092950	583400.000000
7.083333	-0.092983	583600.000000
7.187500	-0.093375	583800.000000
7.291667	-0.092481	584000.000000
7.395833	-0.092848	584200.000000
7.500000	-0.092108	584400.000000
7.604167	-0.092381	584600.000000
7.708333	-0.092262	584800.000000
7.812500	-0.092140	585000.000000
7.916667	-0.092482	585200.000000
8.020833	-0.091960	585400.000000
8.125000	-0.091387	585600.000000
8.229167	-0.091576	585800.000000
8.333333	-0.091277	586000.000000
8.437500	-0.091149	586200.000000
8.541667	-0.090909	586400.000000
8.645833	-0.090325	586600.000000
8.750000	-0.090034	586800.000000
8.854167	-0.090371	587000.000000
8.958333	-0.089914	587200.000000
9.062500	-0.089286	587400.000000
9.166667	-0.089092	587600.000000
9.270833	-0.088591	587800.000000
9.375000	-0.087487	588000.000000
9.479167	-0.087788	588200.000000
9.583333	-0.086759	588400.000000
9.687500	-0.085364	588600.000000
9.791667	-0.084658	588800.000000
9.895833	-0.083839	589000.000000
10.000000	-0.082808	589200.000000
10.104167	-0.082431	589400.000000
10.208333	-0.081138	589600.000000
10.312500	-0.079812	589800.000000
10.416667	-0.078742	590000.000000
10.520833	-0.076633	590200.000000
10.625000	-0.074687	590400.000000
10.729167	-0.072786	590600.000000
10.833333	-0.070856	590800.000000
10.937500	-0.067199	591000.000000
11.041667	-0.064612	591200.000000
11.145833	-0.061702	591400.000000
11.250000	-0.057170	591600.000000
11.354167	-0.052280	591800.000000
11.458333	-0.046981	592000.000000
11.562500	-0.041706	592200.000000
11.666667	-0.034825	592400.000000
11.770833	-0.026188	592600.000000
11.875000	-0.018084	592800.000000
11.979167	-0.008734	593000.000000
12.083333	0.002941	593200.000000
12.187500	0.015319	593400.000000
12.291667	0.029888	593600.000000
12.395833	0.045155	593800.000000
12.500000	0.062564	594000.000000
12.604167	0.082799	594200.000000
12.708333	0.104406	594400.000000
12.812500	0.127862	594600.000000
12.916667	0.151420	594800.000000
13.020833	0.176914	595000.000000
13.125000	0.201959	595200.000000
13.229167	0.223917	595400.000000
13.333333	0.241158	595600.000000
13.437500	0.243562	595800.000000
13.541667	0.210519	596000.000000
13.645833	0.100178	596200.000000
13.750000	-0.152418	596400.000000
13.854167	-0.607978	596600.000000
13.958333	-1.263811	596800.000000
14.062500	-1.969414	597000.000000
14.166667	-2.472460	597200.000000
14.270833	-2.544439	597400.000000
14.375000	-2.131476	597600.000000
14.479167	-1.402284	597800.000000
14.583333	-0.644267	598000.000000
14.687500	-0.023561	598200.000000
14.791667	0.344594	598400.000000
14.895833	0.493139	598600.000000
15.000000	0.496957	598800.000000
15.104167	0.440490	599000.000000
15.208333	0.376773	599200.000000
15.312500	0.326119	599400.000000
15.416667	0.286084	599600.000000
15.520833	0.262010	599800.000000
15.625000	0.271521	600000.000000
15.729167	0.327290	600200.000000
15.833333	0.408988	600400.000000
15.937500	0.456458	600600.000000
16.041667	0.418358	600800.000000
16.145833	0.299395	601000.000000
16.250000	0.157301	601200.000000
16.354167	0.060204	601400.000000
16.458333	0.035581	601600.000000
16.562500	0.058785	601800.000000
16.666667	0.094598	602000.000000
16.770833	0.120131	602200.000000
16.875000	0.125050	602400.000000
16.979167	0.103558	602600.000000
17.083333	0.058992	602800.000000
17.187500	0.000318	603000.000000
17.291667	-0.057839	603200.000000
17.395833	-0.087345	603400.000000
17.500000	-0.067730	603600.000000
17.604167	-0.008317	603800.000000
17.708333	0.051846	604000.000000
17.812500	0.070325	604200.000000
17.916667	0.026651	604400.000000
18.020833	-0.049339	604600.000000
18.125000	-0.107102	604800.000000
18.229167	-0.112964	605000.000000
18.333333	-0.084240	605200.000000
18.437500	-0.061269	605400.000000
18.541667	-0.071598	605600.000000
18.645833	-0.107285	605800.000000
18.750000	-0.142719	606000.000000
18.854167	-0.160711	606200.000000
18.958333	-0.154489	606400.000000
19.062500	-0.130147	606600.000000
19.166667	-0.098850	606800.000000
19.270833	-0.070036	607000.000000
19.375000	-0.043842	607200.000000
19.479167	-0.021213	607400.000000
19.583333	-0.012536	607600.000000
19.687500	-0.023049	607800.000000
19.791667	-0.046823	608000.000000
19.895833	-0.074613	608200.000000
20.000000	-0.103076	608400.000000
20.104167	-0.129181	608600.000000
20.208333	-0.143894	608800.000000
20.312500	-0.138746	609000.000000
20.416667	-0.119901	609200.000000
20.520833	-0.093817	609400.000000
20.625000	-0.080144	609600.000000
20.729167	-0.086390	609800.000000
20.833333	-0.104368	610000.000000
20.937500	-0.117643	610200.000000
21.041667	-0.118507	610400.000000
21.145833	-0.107942	610600.000000
21.250000	-0.092705	610800.000000
21.354167	-0.081086	611000.000000
21.458333	-0.081409	611200.000000
21.562500	-0.098793	611400.000000
21.666667	-0.124699	611600.000000
21.770833	-0.148991	611800.000000
21.875000	-0.161970	612000.000000
21.979167	-0.164174	612200.000000
22.083333	-0.161665	612400.000000
22.187500	-0.162037	612600.000000
22.291667	-0.162965	612800.000000
22.395833	-0.157397	613000.000000
22.500000	-0.147014	613200.000000
22.604167	-0.141698	613400.000000
22.708333	-0.148627	613600.000000
22.812500	-0.159212	613800.000000
22.916667	-0.160523	614000.000000
23.020833	-0.141979	614200.000000
23.125000	-0.104923	614400.000000
23.229167	-0.059706	614600.000000
23.333333	-0.023368	614800.000000
23.437500	-0.016775	615000.000000
23.541667	-0.046055	615200.000000
23.645833	-0.097767	615400.000000
23.750000	-0.142145	615600.000000
23.854167	-0.163474	615800.000000
23.958333	-0.160682	616000.000000
24.062500	-0.143181	616200.000000
24.166667	-0.118501	616400.000000
24.270833	-0.094812	616600.000000
24.375000	-0.080324	616800.000000
24.479167	-0.076360	617000.000000
24.583333	-0.075030	617200.000000
24.687500	-0.072542	617400.000000
24.791667	-0.066586	617600.000000
24.895833	-0.056964	617800.000000
25.000000	-0.046894	618000.000000
25.104167	-0.040909	618200.000000
25.208333	-0.041330	618400.000000
25.312500	-0.052975	618600.000000
25.416667	-0.073720	618800.000000
25.520833	-0.102343	619000.000000
25.625000	-0.133850	619200.000000
25.729167	-0.159806	619400.000000
25.833333	-0.167388	619600.000000
25.937500	-0.148361	619800.000000
26.041667	-0.106671	620000.000000
26.145833	-0.058004	620200.000000
26.250000	-0.031407	620400.000000
26.354167	-0.042257	620600.000000
26.458333	-0.085276	620800.000000
26.562500	-0.132242	621000.000000
26.666667	-0.151864	621200.000000
26.770833	-0.132909	621400.000000
26.875000	-0.091434	621600.000000
26.979167	-0.058699	621800.000000
27.083333	-0.055489	622000.000000
27.187500	-0.082285	622200.000000
27.291667	-0.118736	622400.000000
27.395833	-0.145943	622600.000000
27.500000	-0.158090	622800.000000
27.604167	-0.158749	623000.000000
27.708333	-0.151090	623200.000000
27.812500	-0.135564	623400.000000
27.916667	-0.115026	623600.000000
28.020833	-0.101700	623800.000000
28.125000	-0.109660	624000.000000
28.229167	-0.133299	624200.000000
28.333333	-0.152734	624400.000000
28.437500	-0.146751	624600.000000
28.541667	-0.111111	624800.000000
28.645833	-0.068806	625000.000000
28.750000	-0.046556	625200.000000
28.854167	-0.058686	625400.000000
28.958333	-0.091523	625600.000000
29.062500	-0.127967	625800.000000
29.166667	-0.161013	626000.000000
29.270833	-0.188617	626200.000000
29.375000	-0.201885	626400.000000
29.479167	-0.184726	626600.000000
29.583333	-0.139417	626800.000000
29.687500	-0.090466	627000.000000
29.791667	-0.065570	627200.000000
29.895833	-0.077493	627400.000000
30.000000	-0.111960	627600.000000
30.104167	-0.138608	627800.000000
30.208333	-0.130078	628000.000000
30.312500	-0.086751	628200.000000
30.416667	-0.038889	628400.000000
30.520833	-0.021071	628600.000000
30.625000	-0.043615	628800.000000
30.729167	-0.094216	629000.000000
30.833333	-0.144139	629200.000000
30.937500	-0.178722	629400.000000
31.041667	-0.184801	629600.000000
31.145833	-0.158271	629800.000000
31.250000	-0.113020	630000.000000
31.354167	-0.074332	630200.000000
31.458333	-0.056925	630400.000000
31.562500	-0.061801	630600.000000
31.666667	-0.078427	630800.000000
31.770833	-0.098318	631000.000000
31.875000	-0.112624	631200.000000
31.979167	-0.113308	631400.000000
32.083333	-0.093222	631600.000000
32.187500	-0.062231	631800.000000
32.291667	-0.035338	632000.000000
32.395833	-0.026877	632200.000000
32.500000	-0.044409	632400.000000
32.604167	-0.075898	632600.000000
32.708333	-0.104495	632800.000000
32.812500	-0.120489	633000.000000
32.916667	-0.121648	633200.000000
33.020833	-0.110947	633400.000000
33.125000	-0.096179	633600.000000
33.229167	-0.082344	633800.000000
33.333333	-0.075925	634000.000000
33.437500	-0.083388	634200.000000
33.541667	-0.097427	634400.000000
33.645833	-0.105780	634600.000000
33.750000	-0.095062	634800.000000
33.854167	-0.067181	635000.000000
33.958333	-0.032749	635200.000000
34.062500	-0.017208	635400.000000
34.166667	-0.026194	635600.000000
34.270833	-0.051375	635800.000000
34.375000	-0.080002	636000.000000
34.479167	-0.099169	636200.000000
34.583333	-0.108054	636400.000000
34.687500	-0.109533	636600.000000
34.791667	-0.105409	636800.000000
34.895833	-0.100076	637000.000000
35.000000	-0.098515	637200.000000
35.104167	-0.098071	637400.000000
35.208333	-0.091943	637600.000000
35.312500	-0.076451	637800.000000
35.416667	-0.055575	638000.000000
35.520833	-0.040341	638200.000000
35.625000	-0.039786	638400.000000
35.729167	-0.054657	638600.000000
35.833333	-0.073207	638800.000000
35.937500	-0.085654	639000.000000
36.041667	-0.090447	639200.000000
36.145833	-0.093364	639400.000000
36.250000	-0.098365	639600.000000
36.354167	-0.104863	639800.000000
36.458333	-0.106940	640000.000000
36.562500	-0.100801	640200.000000
36.666667	-0.090688	640400.000000
36.770833	-0.083423	640600.000000
36.875000	-0.085248	640800.000000
36.979167	-0.091994	641000.000000
37.083333	-0.095046	641200.000000
37.187500	-0.090846	641400.000000
37.291667	-0.079188	641600.000000
37.395833	-0.066604	641800.000000
37.500000	-0.061353	642000.000000
37.604167	-0.064891	642200.000000
37.708333	-0.075314	642400.000000
37.812500	-0.083957	642600.000000
37.916667	-0.085080	642800.000000
38.020833	-0.081674	643000.000000
38.125000	-0.078218	643200.000000
38.229167	-0.080562	643400.000000
38.333333	-0.087993	643600.000000
38.437500	-0.099670	643800.000000
38.541667	-0.110249	644000.000000
38.645833	-0.117042	644200.000000
38.750000	-0.116928	644400.000000
38.854167	-0.105825	644600.000000
38.958333	-0.085068	644800.000000
39.062500	-0.061316	645000.000000
39.166667	-0.045897	645200.000000
39.270833	-0.050035	645400.000000
39.375000	-0.066682	645600.000000
39.479167	-0.078801	645800.000000
39.583333	-0.076000	646000.000000
39.687500	-0.069216	646200.000000
39.791667	-0.072568	646400.000000
39.895833	-0.092746	646600.000000
40.000000	-0.120268	646800.000000
40.104167	-0.135979	647000.000000
40.208333	-0.137323	647200.000000
40.312500	-0.128820	647400.000000
40.416667	-0.114931	647600.000000
40.520833	-0.098369	647800.000000
40.625000	-0.080571	648000.000000
40.729167	-0.065607	648200.000000
40.833333	-0.057465	648400.000000
40.937500	-0.060409	648600.000000
41.041667	-0.073592	648800.000000
41.145833	-0.092944	649000.000000
41.250000	-0.107779	649200.000000
41.354167	-0.111169	649400.000000
41.458333	-0.102474	649600.000000
41.562500	-0.092141	649800.000000
41.666667	-0.089063	650000.000000
41.770833	-0.095439	650200.000000
41.875000	-0.110504	650400.000000
41.979167	-0.124960	650600.000000
42.083333	-0.135474	650800.000000
42.187500	-0.134806	651000.000000
42.291667	-0.119987	651200.000000
42.395833	-0.096039	651400.000000
42.500000	-0.077393	651600.000000
42.604167	-0.074934	651800.000000
42.708333	-0.088470	652000.000000
42.812500	-0.107127	652200.000000
42.916667	-0.119325	652400.000000
43.020833	-0.118571	652600.000000
43.125000	-0.106166	652800.000000
43.229167	-0.089212	653000.000000
43.333333	-0.078953	653200.000000
43.437500	-0.080086	653400.000000
43.541667	-0.094426	653600.000000
43.645833	-0.114340	653800.000000
43.750000	-0.133066	654000.000000
43.854167	-0.143533	654200.000000
43.958333	-0.143752	654400.000000
44.062500	-0.131824	654600.000000
44.166667	-0.114402	654800.000000
44.270833	-0.099940	655000.000000
44.375000	-0.088721	655200.000000
44.479167	-0.079090	655400.000000
44.583333	-0.070355	655600.000000
44.687500	-0.067866	655800.000000
44.791667	-0.071322	656000.000000
44.895833	-0.079731	656200.000000
45.000000	-0.088089	656400.000000
45.104167	-0.092963	656600.000000
45.208333	-0.097269	656800.000000
45.312500	-0.104297	657000.000000
45.416667	-0.112989	657200.000000
45.520833	-0.120288	657400.000000
45.625000	-0.122840	657600.000000
45.729167	-0.116612	657800.000000
45.833333	-0.104955	658000.000000
45.937500	-0.090600	658200.000000
46.041667	-0.079498	658400.000000
46.145833	-0.074928	658600.000000
46.250000	-0.072953	658800.000000
46.354167	-0.073529	659000.000000
46.458333	-0.075324	659200.000000
46.562500	-0.078888	659400.000000
46.666667	-0.082216	659600.000000
46.770833	-0.085113	659800.000000
46.875000	-0.088169	660000.000000
46.979167	-0.093311	660200.000000
47.083333	-0.100669	660400.000000
47.187500	-0.104563	660600.000000
47.291667	-0.097992	660800.000000
47.395833	-0.086283	661000.000000
47.500000	-0.081647	661200.000000
47.604167	-0.086966	661400.000000
47.708333	-0.098056	661600.000000
47.812500	-0.101183	661800.000000
47.916667	-0.093519	662000.000000
48.020833	-0.080335	662200.000000
48.125000	-0.072638	662400.000000
48.229167	-0.070767	662600.000000
48.333333	-0.073385	662800.000000
48.437500	-0.078172	663000.000000
48.541667	-0.079748	663200.000000
48.645833	-0.079044	663400.000000
48.750000	-0.077492	663600.000000
48.854167	-0.079313	663800.000000
48.958333	-0.086842	664000.000000
49.062500	-0.097412	664200.000000
49.166667	-0.108274	664400.000000
49.270833	-0.117352	664600.000000
49.375000	-0.121742	664800.000000
49.479167	-0.116369	665000.000000
49.583333	-0.101745	665200.000000
49.687500	-0.081148	665400.000000
49.791667	-0.063477	665600.000000
49.895833	-0.055569	665800.000000
50.000000	-0.060816	666000.000000
50.104167	-0.072653	666200.000000
50.208333	-0.082458	666400.000000
50.312500	-0.085623	666600.000000
50.416667	-0.085347	666800.000000
50.520833	-0.086197	667000.000000
50.625000	-0.092904	667200.000000
50.729167	-0.102145	667400.000000
50.833333	-0.107326	667600.000000
50.937500	-0.107612	667800.000000
51.041667	-0.106416	668000.000000
51.145833	-0.107131	668200.000000
51.250000	-0.105653	668400.000000
51.354167	-0.098404	668600.000000
51.458333	-0.084173	668800.000000
51.562500	-0.068245	669000.000000
51.666667	-0.059709	669200.000000
51.770833	-0.066052	669400.000000
51.875000	-0.083331	669600.000000
51.979167	-0.098674	669800.000000
52.083333	-0.106516	670000.000000
52.187500	-0.104966	670200.000000
52.291667	-0.098621	670400.000000
52.395833	-0.092183	670600.000000
52.500000	-0.091256	670800.000000
52.604167	-0.093105	671000.000000
52.708333	-0.096200	671200.000000
52.812500	-0.100792	671400.000000
52.916667	-0.104235	671600.000000
53.020833	-0.108249	671800.000000
53.125000	-0.109977	672000.000000
53.229167	-0.108085	672200.000000
53.333333	-0.103485	672400.000000
53.437500	-0.096438	672600.000000
53.541667	-0.088961	672800.000000
53.645833	-0.081619	673000.000000
53.750000	-0.078823	673200.000000
53.854167	-0.079654	673400.000000
53.958333	-0.085442	673600.000000
54.062500	-0.093814	673800.000000
54.166667	-0.100519	674000.000000
54.270833	-0.105354	674200.000000
54.375000	-0.108007	674400.000000
54.479167	-0.107000	674600.000000
54.583333	-0.103955	674800.000000
54.687500	-0.103055	675000.000000
54.791667	-0.107992	675200.000000
54.895833	-0.117224	675400.000000
55.000000	-0.120767	675600.000000
55.104167	-0.112555	675800.000000
55.208333	-0.098100	676000.000000
55.312500	-0.082941	676200.000000
55.416667	-0.077652	676400.000000
55.520833	-0.084353	676600.000000
55.625000	-0.098109	676800.000000
55.729167	-0.113469	677000.000000
55.833333	-0.123385	677200.000000
55.937500	-0.128302	677400.000000
56.041667	-0.128790	677600.000000
56.145833	-0.125794	677800.000000
56.250000	-0.118145	678000.000000
56.354167	-0.107627	678200.000000
56.458333	-0.101613	678400.000000
56.562500	-0.101626	678600.000000
56.666667	-0.103730	678800.000000
56.770833	-0.102731	679000.000000
56.875000	-0.097103	679200.000000
56.979167	-0.088506	679400.000000
57.083333	-0.080684	679600.000000
57.187500	-0.076696	679800.000000
57.291667	-0.078371	680000.000000
57.395833	-0.085363	680200.000000
57.500000	-0.095626	680400.000000
57.604167	-0.103042	680600.000000
57.708333	-0.101985	680800.000000
57.812500	-0.092778	681000.000000
57.916667	-0.081606	681200.000000
58.020833	-0.075500	681400.000000
58.125000	-0.080359	681600.000000
58.229167	-0.095065	681800.000000
58.333333	-0.110838	682000.000000
58.437500	-0.118889	682200.000000
58.541667	-0.114467	682400.000000
58.645833	-0.099431	682600.000000
58.750000	-0.081460	682800.000000
58.854167	-0.067773	683000.000000
58.958333	-0.064370	683200.000000
59.062500	-0.071756	683400.000000
59.166667	-0.083722	683600.000000
59.270833	-0.094789	683800.000000
59.375000	-0.098059	684000.000000
59.479167	-0.094965	684200.000000
59.583333	-0.088387	684400.000000
59.687500	-0.085552	684600.000000
59.791667	-0.090720	684800.000000
59.895833	-0.103523	685000.000000
60.000000	-0.117004	685200.000000
60.104167	-0.126118	685400.000000
60.208333	-0.123731	685600.000000
60.312500	-0.113321	685800.000000
60.416667	-0.097935	686000.000000
60.520833	-0.085716	686200.000000
60.625000	-0.078532	686400.000000
60.729167	-0.078209	686600.000000
60.833333	-0.084181	686800.000000
60.937500	-0.093433	687000.000000
61.041667	-0.105513	687200.000000
61.145833	-0.116056	687400.000000
61.250000	-0.124695	687600.000000
61.354167	-0.127411	687800.000000
61.458333	-0.126594	688000.000000
61.562500	-0.123806	688200.000000
61.666667	-0.122664	688400.000000
61.770833	-0.123928	688600.000000
61.875000	-0.123962	688800.000000
61.979167	-0.121221	689000.000000
62.083333	-0.117741	689200.000000
62.187500	-0.112044	689400.000000
62.291667	-0.106972	689600.000000
62.395833	-0.103720	689800.000000
62.500000	-0.100266	690000.000000
62.604167	-0.096256	690200.000000
62.708333	-0.088686	690400.000000
62.812500	-0.082081	690600.000000
62.916667	-0.077455	690800.000000
63.020833	-0.076477	691000.000000
63.125000	-0.077403	691200.000000
63.229167	-0.078522	691400.000000
63.333333	-0.077829	691600.000000
63.437500	-0.073147	691800.000000
63.541667	-0.066893	692000.000000
63.645833	-0.061955	692200.000000
63.750000	-0.059853	692400.000000
63.854167	-0.062921	692600.000000
63.958333	-0.068408	692800.000000
64.062500	-0.072090	693000.000000
64.166667	-0.072446	693200.000000
64.270833	-0.067413	693400.000000
64.375000	-0.060271	693600.000000
64.479167	-0.053313	693800.000000
64.583333	-0.052029	694000.000000
64.687500	-0.057844	694200.000000
64.791667	-0.070810	694400.000000
64.895833	-0.086196	694600.000000
65.000000	-0.098013	694800.000000
65.104167	-0.104327	695000.000000
65.208333	-0.104349	695200.000000
65.312500	-0.102023	695400.000000
65.416667	-0.100693	695600.000000
65.520833	-0.100272	695800.000000
65.625000	-0.099564	696000.000000
65.729167	-0.098628	696200.000000
65.833333	-0.096076	696400.000000
65.937500	-0.089329	696600.000000
66.041667	-0.078187	696800.000000
66.145833	-0.069853	697000.000000
66.250000	-0.068825	697200.000000
66.354167	-0.074265	697400.000000
66.458333	-0.085970	697600.000000
66.562500	-0.095941	697800.000000
66.666667	-0.101186	698000.000000
66.770833	-0.102982	698200.000000
66.875000	-0.099157	698400.000000
66.979167	-0.091229	698600.000000
67.083333	-0.086803	698800.000000
67.187500	-0.087342	699000.000000
67.291667	-0.092183	699200.000000
67.395833	-0.101575	699400.000000
67.500000	-0.108840	699600.000000
67.604167	-0.111312	699800.000000
67.708333	-0.107270	700000.000000
