0.000000	-0.098897	570000.000000
0.104167	-0.098228	570200.000000
0.208333	-0.099039	570400.000000
0.312500	-0.099303	570600.000000
0.416667	-0.099402	570800.000000
0.520833	-0.098753	571000.000000
0.625000	-0.098766	571200.000000
0.729167	-0.098051	571400.000000
0.833333	-0.097890	571600.000000
0.937500	-0.098334	571800.000000
1.041667	-0.098411	572000.000000
1.145833	-0.098969	572200.000000
1.250000	-0.098291	572400.000000
1.354167	-0.098154	572600.000000
1.458333	-0.097862	572800.000000
1.562500	-0.098608	573000.000000
1.666667	-0.098288	573200.000000
1.770833	-0.098346	573400.000000
1.875000	-0.098539	573600.000000
1.979167	-0.098412	573800.000000
2.083333	-0.099107	574000.000000
2.187500	-0.099285	574200.000000
2.291667	-0.099283	574400.000000
2.395833	-0.098632	574600.000000
2.500000	-0.098607	574800.000000
2.604167	-0.098544	575000.000000
2.708333	-0.098849	575200.000000
2.812500	-0.098824	575400.000000
2.916667	-0.098790	575600.000000
3.020833	-0.098613	575800.000000
3.125000	-0.099526	576000.000000
3.229167	-0.098933	576200.000000
3.333333	-0.098861	576400.000000
3.437500	-0.098848	576600.000000
3.541667	-0.098541	576800.000000
3.645833	-0.099036	577000.000000
3.750000	-0.098073	577200.000000
3.854167	-0.098567	577400.000000
3.958333	-0.099013	577600.000000
4.062500	-0.098631	577800.000000
4.166667	-0.098768	578000.000000
4.270833	-0.098169	578200.000000
4.375000	-0.098777	578400.000000
4.479167	-0.098480	578600.000000
4.583333	-0.098612	578800.000000
4.687500	-0.098589	579000.000000
4.791667	-0.098404	579200.000000
4.895833	-0.098328	579400.000000
5.000000	-0.099411	579600.000000
5.104167	-0.098832	579800.000000
5.208333	-0.098031	580000.000000
5.312500	-0.098855	580200.000000
5.416667	-0.098763	580400.000000
5.520833	-0.099082	580600.000000
5.625000	-0.098353	580800.000000
5.729167	-0.098579	581000.000000
5.833333	-0.098033	581200.000000
5.937500	-0.097944	581400.000000
6.041667	-0.098685	581600.000000
6.145833	-0.099313	581800.000000
6.250000	-0.098646	582000.000000
6.354167	-0.098291	582200.000000
6.458333	-0.098211	582400.000000
6.562500	-0.098632	582600.000000
6.666667	-0.098502	582800.000000
6.770833	-0.098625	583000.000000
6.875000	-0.098702	583200.000000
6.979167	-0.098694	583400.000000
7.083333	-0.098350	583600.000000
7.187500	-0.098393	583800.000000
7.291667	-0.098127	584000.000000
7.395833	-0.098421	584200.000000
7.500000	-0.098415	584400.000000
7.604167	-0.097864	584600.000000
7.708333	-0.097487	584800.000000
7.812500	-0.098552	585000.000000
7.916667	-0.098295	585200.000000
8.020833	-0.098084	585400.000000
8.125000	-0.098769	585600.000000
8.229167	-0.097702	585800.000000
8.333333	-0.097582	586000.000000
8.437500	-0.097729	586200.000000
8.541667	-0.097262	586400.000000
8.645833	-0.096703	586600.000000
8.750000	-0.097448	586800.000000
8.854167	-0.096219	587000.000000
8.958333	-0.095608	587200.000000
9.062500	-0.095252	587400.000000
9.166667	-0.094667	587600.000000
9.270833	-0.093934	587800.000000
9.375000	-0.094415	588000.000000
9.479167	-0.093496	588200.000000
9.583333	-0.093476	588400.000000
9.687500	-0.091925	588600.000000
9.791667	-0.091337	588800.000000
9.895833	-0.090605	589000.000000
10.000000	-0.089266	589200.000000
10.104167	-0.088134	589400.000000
10.208333	-0.087136	589600.000000
10.312500	-0.085801	589800.000000
10.416667	-0.084397	590000.000000
10.520833	-0.083387	590200.000000
10.625000	-0.081262	590400.000000
10.729167	-0.078148	590600.000000
10.833333	-0.076422	590800.000000
10.937500	-0.073416	591000.000000
11.041667	-0.070226	591200.000000
11.145833	-0.067406	591400.000000
11.250000	-0.062835	591600.000000
11.354167	-0.058511	591800.000000
11.458333	-0.053914	592000.000000
11.562500	-0.047649	592200.000000
11.666667	-0.040639	592400.000000
11.770833	-0.033029	592600.000000
11.875000	-0.025696	592800.000000
11.979167	-0.015521	593000.000000
12.083333	-0.004243	593200.000000
12.187500	0.007967	593400.000000
12.291667	0.020308	593600.000000
12.395833	0.035749	593800.000000
12.500000	0.052448	594000.000000
12.604167	0.070910	594200.000000
12.708333	0.090364	594400.000000
12.812500	0.112488	594600.000000
12.916667	0.133600	594800.000000
13.020833	0.157240	595000.000000
13.125000	0.178914	595200.000000
13.229167	0.198501	595400.000000
13.333333	0.212286	595600.000000
13.437500	0.212515	595800.000000
13.541667	0.180761	596000.000000
13.645833	0.078974	596200.000000
13.750000	-0.147955	596400.000000
13.854167	-0.568912	596600.000000
13.958333	-1.155759	596800.000000
14.062500	-1.812288	597000.000000
14.166667	-2.314581	597200.000000
14.270833	-2.424670	597400.000000
14.375000	-2.078520	597600.000000
14.479167	-1.344804	597800.000000
14.583333	-0.654855	598000.000000
14.687500	-0.068161	598200.000000
14.791667	0.279923	598400.000000
14.895833	0.428928	598600.000000
15.000000	0.449120	598800.000000
15.104167	0.409212	599000.000000
15.208333	0.358522	599200.000000
15.312500	0.319797	599400.000000
15.416667	0.289063	599600.000000
15.520833	0.267944	599800.000000
15.625000	0.275117	600000.000000
15.729167	0.322338	600200.000000
15.833333	0.392214	600400.000000
15.937500	0.435523	600600.000000
16.041667	0.404295	600800.000000
16.145833	0.298844	601000.000000
16.250000	0.170151	601200.000000
16.354167	0.081734	601400.000000
16.458333	0.056748	601600.000000
16.562500	0.075273	601800.000000
16.666667	0.103412	602000.000000
16.770833	0.123193	602200.000000
16.875000	0.123968	602400.000000
16.979167	0.104171	602600.000000
17.083333	0.063865	602800.000000
17.187500	0.009858	603000.000000
17.291667	-0.044134	603200.000000
17.395833	-0.073529	603400.000000
17.500000	-0.060351	603600.000000
17.604167	-0.008732	603800.000000
17.708333	0.043135	604000.000000
17.812500	0.059278	604200.000000
17.916667	0.019605	604400.000000
18.020833	-0.049115	604600.000000
18.125000	-0.102184	604800.000000
18.229167	-0.109931	605000.000000
18.333333	-0.085410	605200.000000
18.437500	-0.065175	605400.000000
18.541667	-0.074144	605600.000000
18.645833	-0.106911	605800.000000
18.750000	-0.139609	606000.000000
18.854167	-0.156698	606200.000000
18.958333	-0.153353	606400.000000
19.062500	-0.134043	606600.000000
19.166667	-0.108242	606800.000000
19.270833	-0.083902	607000.000000
19.375000	-0.061782	607200.000000
19.479167	-0.041234	607400.000000
19.583333	-0.033766	607600.000000
19.687500	-0.045087	607800.000000
19.791667	-0.068180	608000.000000
19.895833	-0.092610	608200.000000
20.000000	-0.116429	608400.000000
20.104167	-0.138425	608600.000000
20.208333	-0.152239	608800.000000
20.312500	-0.150312	609000.000000
20.416667	-0.134450	609200.000000
20.520833	-0.114358	609400.000000
20.625000	-0.102461	609600.000000
20.729167	-0.109830	609800.000000
20.833333	-0.127588	610000.000000
20.937500	-0.141232	610200.000000
21.041667	-0.143192	610400.000000
21.145833	-0.136669	610600.000000
21.250000	-0.125119	610800.000000
21.354167	-0.116252	611000.000000
21.458333	-0.118416	611200.000000
21.562500	-0.135567	611400.000000
21.666667	-0.160436	611600.000000
21.770833	-0.180571	611800.000000
21.875000	-0.189272	612000.000000
21.979167	-0.187479	612200.000000
22.083333	-0.182509	612400.000000
22.187500	-0.178398	612600.000000
22.291667	-0.176140	612800.000000
22.395833	-0.167387	613000.000000
22.500000	-0.154122	613200.000000
22.604167	-0.147392	613400.000000
22.708333	-0.150658	613600.000000
22.812500	-0.159342	613800.000000
22.916667	-0.158901	614000.000000
23.020833	-0.141868	614200.000000
23.125000	-0.108782	614400.000000
23.229167	-0.067016	614600.000000
23.333333	-0.035391	614800.000000
23.437500	-0.026756	615000.000000
23.541667	-0.050566	615200.000000
23.645833	-0.094270	615400.000000
23.750000	-0.134983	615600.000000
23.854167	-0.154233	615800.000000
23.958333	-0.152058	616000.000000
24.062500	-0.137249	616200.000000
24.166667	-0.115853	616400.000000
24.270833	-0.095124	616600.000000
24.375000	-0.084389	616800.000000
24.479167	-0.081257	617000.000000
24.583333	-0.081120	617200.000000
24.687500	-0.078660	617400.000000
24.791667	-0.073162	617600.000000
24.895833	-0.064747	617800.000000
25.000000	-0.055107	618000.000000
25.104167	-0.050007	618200.000000
25.208333	-0.051231	618400.000000
25.312500	-0.061471	618600.000000
25.416667	-0.078928	618800.000000
25.520833	-0.105055	619000.000000
25.625000	-0.132385	619200.000000
25.729167	-0.155694	619400.000000
25.833333	-0.164335	619600.000000
25.937500	-0.148593	619800.000000
26.041667	-0.111029	620000.000000
26.145833	-0.069528	620200.000000
26.250000	-0.044161	620400.000000
26.354167	-0.052726	620600.000000
26.458333	-0.090923	620800.000000
26.562500	-0.132437	621000.000000
26.666667	-0.150889	621200.000000
26.770833	-0.133565	621400.000000
26.875000	-0.097362	621600.000000
26.979167	-0.067719	621800.000000
27.083333	-0.066143	622000.000000
27.187500	-0.088717	622200.000000
27.291667	-0.121091	622400.000000
27.395833	-0.145931	622600.000000
27.500000	-0.156881	622800.000000
27.604167	-0.156167	623000.000000
27.708333	-0.150933	623200.000000
27.812500	-0.137209	623400.000000
27.916667	-0.118534	623600.000000
28.020833	-0.106358	623800.000000
28.125000	-0.113170	624000.000000
28.229167	-0.134290	624200.000000
28.333333	-0.153193	624400.000000
28.437500	-0.148031	624600.000000
28.541667	-0.116019	624800.000000
28.645833	-0.077323	625000.000000
28.750000	-0.056879	625200.000000
28.854167	-0.067483	625400.000000
28.958333	-0.095900	625600.000000
29.062500	-0.128219	625800.000000
29.166667	-0.157003	626000.000000
29.270833	-0.180754	626200.000000
29.375000	-0.192042	626400.000000
29.479167	-0.175733	626600.000000
29.583333	-0.134713	626800.000000
29.687500	-0.090614	627000.000000
29.791667	-0.066048	627200.000000
29.895833	-0.075764	627400.000000
30.000000	-0.107877	627600.000000
30.104167	-0.131034	627800.000000
30.208333	-0.123471	628000.000000
30.312500	-0.084710	628200.000000
30.416667	-0.039859	628400.000000
30.520833	-0.022979	628600.000000
30.625000	-0.044190	628800.000000
30.729167	-0.087822	629000.000000
30.833333	-0.133377	629200.000000
30.937500	-0.163977	629400.000000
31.041667	-0.169582	629600.000000
31.145833	-0.147194	629800.000000
31.250000	-0.108593	630000.000000
31.354167	-0.074463	630200.000000
31.458333	-0.057802	630400.000000
31.562500	-0.061496	630600.000000
31.666667	-0.076468	630800.000000
31.770833	-0.096067	631000.000000
31.875000	-0.109794	631200.000000
31.979167	-0.112036	631400.000000
32.083333	-0.094535	631600.000000
32.187500	-0.065558	631800.000000
32.291667	-0.039577	632000.000000
32.395833	-0.032910	632200.000000
32.500000	-0.049166	632400.000000
32.604167	-0.077098	632600.000000
32.708333	-0.104446	632800.000000
32.812500	-0.118847	633000.000000
32.916667	-0.119412	633200.000000
33.020833	-0.111311	633400.000000
33.125000	-0.096999	633600.000000
33.229167	-0.083207	633800.000000
33.333333	-0.077402	634000.000000
33.437500	-0.083183	634200.000000
33.541667	-0.097459	634400.000000
33.645833	-0.106524	634600.000000
33.750000	-0.097538	634800.000000
33.854167	-0.070981	635000.000000
33.958333	-0.040452	635200.000000
34.062500	-0.024965	635400.000000
34.166667	-0.031522	635600.000000
34.270833	-0.055240	635800.000000
34.375000	-0.080351	636000.000000
34.479167	-0.099171	636200.000000
34.583333	-0.107050	636400.000000
34.687500	-0.108706	636600.000000
34.791667	-0.105980	636800.000000
34.895833	-0.102046	637000.000000
35.000000	-0.100807	637200.000000
35.104167	-0.101394	637400.000000
35.208333	-0.096381	637600.000000
35.312500	-0.083360	637800.000000
35.416667	-0.065853	638000.000000
35.520833	-0.052671	638200.000000
35.625000	-0.050872	638400.000000
35.729167	-0.062078	638600.000000
35.833333	-0.077424	638800.000000
35.937500	-0.089900	639000.000000
36.041667	-0.094879	639200.000000
36.145833	-0.098095	639400.000000
36.250000	-0.102783	639600.000000
36.354167	-0.107603	639800.000000
36.458333	-0.110189	640000.000000
36.562500	-0.106117	640200.000000
36.666667	-0.096875	640400.000000
36.770833	-0.089890	640600.000000
36.875000	-0.092063	640800.000000
36.979167	-0.096247	641000.000000
37.083333	-0.100705	641200.000000
37.187500	-0.097296	641400.000000
37.291667	-0.087304	641600.000000
37.395833	-0.075567	641800.000000
37.500000	-0.069787	642000.000000
37.604167	-0.073145	642200.000000
37.708333	-0.082981	642400.000000
37.812500	-0.090263	642600.000000
37.916667	-0.092393	642800.000000
38.020833	-0.089599	643000.000000
38.125000	-0.085450	643200.000000
38.229167	-0.087496	643400.000000
38.333333	-0.094761	643600.000000
38.437500	-0.105305	643800.000000
38.541667	-0.114751	644000.000000
38.645833	-0.121658	644200.000000
38.750000	-0.121287	644400.000000
38.854167	-0.112500	644600.000000
38.958333	-0.095077	644800.000000
39.062500	-0.073574	645000.000000
39.166667	-0.059284	645200.000000
39.270833	-0.062728	645400.000000
39.375000	-0.077194	645600.000000
39.479167	-0.088537	645800.000000
39.583333	-0.085562	646000.000000
39.687500	-0.078005	646200.000000
39.791667	-0.080890	646400.000000
39.895833	-0.099467	646600.000000
40.000000	-0.123689	646800.000000
40.104167	-0.139578	647000.000000
40.208333	-0.142221	647200.000000
40.312500	-0.133790	647400.000000
40.416667	-0.121570	647600.000000
40.520833	-0.106611	647800.000000
40.625000	-0.090610	648000.000000
40.729167	-0.077781	648200.000000
40.833333	-0.070234	648400.000000
40.937500	-0.071364	648600.000000
41.041667	-0.082853	648800.000000
41.145833	-0.101264	649000.000000
41.250000	-0.114265	649200.000000
41.354167	-0.115197	649400.000000
41.458333	-0.108106	649600.000000
41.562500	-0.098555	649800.000000
41.666667	-0.095690	650000.000000
41.770833	-0.102820	650200.000000
41.875000	-0.115266	650400.000000
41.979167	-0.130004	650600.000000
42.083333	-0.138610	650800.000000
42.187500	-0.138111	651000.000000
42.291667	-0.126217	651200.000000
42.395833	-0.103891	651400.000000
42.500000	-0.086209	651600.000000
42.604167	-0.082726	651800.000000
42.708333	-0.095276	652000.000000
42.812500	-0.113109	652200.000000
42.916667	-0.123823	652400.000000
43.020833	-0.123831	652600.000000
43.125000	-0.111107	652800.000000
43.229167	-0.095536	653000.000000
43.333333	-0.086207	653200.000000
43.437500	-0.087070	653400.000000
43.541667	-0.100591	653600.000000
43.645833	-0.118370	653800.000000
43.750000	-0.136314	654000.000000
43.854167	-0.145298	654200.000000
43.958333	-0.144573	654400.000000
44.062500	-0.133945	654600.000000
44.166667	-0.118029	654800.000000
44.270833	-0.104214	655000.000000
44.375000	-0.094474	655200.000000
44.479167	-0.086102	655400.000000
44.583333	-0.079545	655600.000000
44.687500	-0.075891	655800.000000
44.791667	-0.079540	656000.000000
44.895833	-0.086696	656200.000000
45.000000	-0.091391	656400.000000
45.104167	-0.095037	656600.000000
45.208333	-0.098886	656800.000000
45.312500	-0.105853	657000.000000
45.416667	-0.114314	657200.000000
45.520833	-0.122038	657400.000000
45.625000	-0.124741	657600.000000
45.729167	-0.120331	657800.000000
45.833333	-0.109169	658000.000000
45.937500	-0.094799	658200.000000
46.041667	-0.083789	658400.000000
46.145833	-0.078726	658600.000000
46.250000	-0.078980	658800.000000
46.354167	-0.080428	659000.000000
46.458333	-0.082253	659200.000000
46.562500	-0.084724	659400.000000
46.666667	-0.087108	659600.000000
46.770833	-0.089452	659800.000000
46.875000	-0.089684	660000.000000
46.979167	-0.094831	660200.000000
47.083333	-0.102978	660400.000000
47.187500	-0.106850	660600.000000
47.291667	-0.102227	660800.000000
47.395833	-0.091692	661000.000000
47.500000	-0.086380	661200.000000
47.604167	-0.091362	661400.000000
47.708333	-0.100335	661600.000000
47.812500	-0.102901	661800.000000
47.916667	-0.095195	662000.000000
48.020833	-0.084983	662200.000000
48.125000	-0.078747	662400.000000
48.229167	-0.076842	662600.000000
48.333333	-0.079574	662800.000000
48.437500	-0.081787	663000.000000
48.541667	-0.083494	663200.000000
48.645833	-0.082889	663400.000000
48.750000	-0.081691	663600.000000
48.854167	-0.084145	663800.000000
48.958333	-0.091545	664000.000000
49.062500	-0.101205	664200.000000
49.166667	-0.110973	664400.000000
49.270833	-0.118705	664600.000000
49.375000	-0.121699	664800.000000
49.479167	-0.116880	665000.000000
49.583333	-0.104584	665200.000000
49.687500	-0.085715	665400.000000
49.791667	-0.071027	665600.000000
49.895833	-0.064483	665800.000000
50.000000	-0.068361	666000.000000
50.104167	-0.078906	666200.000000
50.208333	-0.086888	666400.000000
50.312500	-0.089628	666600.000000
50.416667	-0.089137	666800.000000
50.520833	-0.089837	667000.000000
50.625000	-0.095854	667200.000000
50.729167	-0.104401	667400.000000
50.833333	-0.109860	667600.000000
50.937500	-0.110177	667800.000000
51.041667	-0.108176	668000.000000
51.145833	-0.108117	668200.000000
51.250000	-0.107202	668400.000000
51.354167	-0.100908	668600.000000
51.458333	-0.088280	668800.000000
51.562500	-0.073067	669000.000000
51.666667	-0.066620	669200.000000
51.770833	-0.072420	669400.000000
51.875000	-0.086545	669600.000000
51.979167	-0.100656	669800.000000
52.083333	-0.108435	670000.000000
52.187500	-0.105973	670200.000000
52.291667	-0.100013	670400.000000
52.395833	-0.096082	670600.000000
52.500000	-0.094133	670800.000000
52.604167	-0.095928	671000.000000
52.708333	-0.098288	671200.000000
52.812500	-0.101878	671400.000000
52.916667	-0.105721	671600.000000
53.020833	-0.109955	671800.000000
53.125000	-0.110868	672000.000000
53.229167	-0.109663	672200.000000
53.333333	-0.104989	672400.000000
53.437500	-0.099853	672600.000000
53.541667	-0.092012	672800.000000
53.645833	-0.085893	673000.000000
53.750000	-0.082894	673200.000000
53.854167	-0.083943	673400.000000
53.958333	-0.090478	673600.000000
54.062500	-0.097235	673800.000000
54.166667	-0.102312	674000.000000
54.270833	-0.106409	674200.000000
54.375000	-0.108943	674400.000000
54.479167	-0.109009	674600.000000
54.583333	-0.106091	674800.000000
54.687500	-0.105490	675000.000000
54.791667	-0.110820	675200.000000
54.895833	-0.119036	675400.000000
55.000000	-0.122163	675600.000000
55.104167	-0.116066	675800.000000
55.208333	-0.101814	676000.000000
55.312500	-0.087591	676200.000000
55.416667	-0.083557	676400.000000
55.520833	-0.090620	676600.000000
55.625000	-0.102798	676800.000000
55.729167	-0.115991	677000.000000
55.833333	-0.124576	677200.000000
55.937500	-0.127912	677400.000000
56.041667	-0.130135	677600.000000
56.145833	-0.126980	677800.000000
56.250000	-0.120133	678000.000000
56.354167	-0.111191	678200.000000
56.458333	-0.105265	678400.000000
56.562500	-0.104846	678600.000000
56.666667	-0.107535	678800.000000
56.770833	-0.106773	679000.000000
56.875000	-0.100906	679200.000000
56.979167	-0.092231	679400.000000
57.083333	-0.084907	679600.000000
57.187500	-0.080194	679800.000000
57.291667	-0.081545	680000.000000
57.395833	-0.088827	680200.000000
57.500000	-0.097436	680400.000000
57.604167	-0.104084	680600.000000
57.708333	-0.102853	680800.000000
57.812500	-0.094081	681000.000000
57.916667	-0.084493	681200.000000
58.020833	-0.078121	681400.000000
58.125000	-0.081519	681600.000000
58.229167	-0.095064	681800.000000
58.333333	-0.110566	682000.000000
58.437500	-0.118870	682200.000000
58.541667	-0.115549	682400.000000
58.645833	-0.101371	682600.000000
58.750000	-0.084052	682800.000000
58.854167	-0.071495	683000.000000
58.958333	-0.068560	683200.000000
59.062500	-0.075275	683400.000000
59.166667	-0.086890	683600.000000
59.270833	-0.096939	683800.000000
59.375000	-0.101314	684000.000000
59.479167	-0.098844	684200.000000
59.583333	-0.091527	684400.000000
59.687500	-0.088353	684600.000000
59.791667	-0.093737	684800.000000
59.895833	-0.104814	685000.000000
60.000000	-0.118411	685200.000000
60.104167	-0.126857	685400.000000
60.208333	-0.125108	685600.000000
60.312500	-0.115955	685800.000000
60.416667	-0.102925	686000.000000
60.520833	-0.090100	686200.000000
60.625000	-0.083269	686400.000000
60.729167	-0.082614	686600.000000
60.833333	-0.088722	686800.000000
60.937500	-0.098437	687000.000000
61.041667	-0.108842	687200.000000
61.145833	-0.119531	687400.000000
61.250000	-0.127179	687600.000000
61.354167	-0.129808	687800.000000
61.458333	-0.128244	688000.000000
61.562500	-0.125862	688200.000000
61.666667	-0.126152	688400.000000
61.770833	-0.127485	688600.000000
61.875000	-0.127860	688800.000000
61.979167	-0.126179	689000.000000
62.083333	-0.122514	689200.000000
62.187500	-0.116898	689400.000000
62.291667	-0.110966	689600.000000
62.395833	-0.106708	689800.000000
62.500000	-0.105484	690000.000000
62.604167	-0.101319	690200.000000
62.708333	-0.094776	690400.000000
62.812500	-0.087792	690600.000000
62.916667	-0.083859	690800.000000
63.020833	-0.082176	691000.000000
63.125000	-0.082052	691200.000000
63.229167	-0.083097	691400.000000
63.333333	-0.082337	691600.000000
63.437500	-0.078022	691800.000000
63.541667	-0.073776	692000.000000
63.645833	-0.067938	692200.000000
63.750000	-0.066774	692400.000000
63.854167	-0.068732	692600.000000
63.958333	-0.073627	692800.000000
64.062500	-0.076342	693000.000000
64.166667	-0.077450	693200.000000
64.270833	-0.072995	693400.000000
64.375000	-0.066256	693600.000000
64.479167	-0.060239	693800.000000
64.583333	-0.059244	694000.000000
64.687500	-0.064802	694200.000000
64.791667	-0.076890	694400.000000
64.895833	-0.089895	694600.000000
65.000000	-0.101547	694800.000000
65.104167	-0.106567	695000.000000
65.208333	-0.107378	695200.000000
65.312500	-0.105469	695400.000000
65.416667	-0.104301	695600.000000
65.520833	-0.104983	695800.000000
65.625000	-0.104852	696000.000000
65.729167	-0.105082	696200.000000
65.833333	-0.101871	696400.000000
65.937500	-0.093842	696600.000000
66.041667	-0.085560	696800.000000
66.145833	-0.078502	697000.000000
66.250000	-0.076428	697200.000000
66.354167	-0.082295	697400.000000
66.458333	-0.091690	697600.000000
66.562500	-0.099598	697800.000000
66.666667	-0.105359	698000.000000
66.770833	-0.106678	698200.000000
66.875000	-0.103237	698400.000000
66.979167	-0.097783	698600.000000
67.083333	-0.092509	698800.000000
67.187500	-0.092069	699000.000000
67.291667	-0.096299	699200.000000
67.395833	-0.104763	699400.000000
67.500000	-0.112401	699600.000000
67.604167	-0.114525	699800.000000
67.708333	-0.110492	700000.000000
