0.000000	-0.094832	570000.000000
0.104167	-0.095524	570200.000000
0.208333	-0.094699	570400.000000
0.312500	-0.095631	570600.000000
0.416667	-0.095490	570800.000000
0.520833	-0.095244	571000.000000
0.625000	-0.095990	571200.000000
0.729167	-0.095399	571400.000000
0.833333	-0.095565	571600.000000
0.937500	-0.095441	571800.000000
1.041667	-0.095620	572000.000000
1.145833	-0.095105	572200.000000
1.250000	-0.095365	572400.000000
1.354167	-0.096171	572600.000000
1.458333	-0.095445	572800.000000
1.562500	-0.094694	573000.000000
1.666667	-0.095762	573200.000000
1.770833	-0.095161	573400.000000
1.875000	-0.095672	573600.000000
1.979167	-0.095938	573800.000000
2.083333	-0.095020	574000.000000
2.187500	-0.094717	574200.000000
2.291667	-0.095539	574400.000000
2.395833	-0.095413	574600.000000
2.500000	-0.094829	574800.000000
2.604167	-0.095331	575000.000000
2.708333	-0.095349	575200.000000
2.812500	-0.095136	575400.000000
2.916667	-0.094637	575600.000000
3.020833	-0.095216	575800.000000
3.125000	-0.095771	576000.000000
3.229167	-0.095289	576200.000000
3.333333	-0.095266	576400.000000
3.437500	-0.095559	576600.000000
3.541667	-0.095434	576800.000000
3.645833	-0.095479	577000.000000
3.750000	-0.095344	577200.000000
3.854167	-0.095261	577400.000000
3.958333	-0.095751	577600.000000
4.062500	-0.095513	577800.000000
4.166667	-0.095317	578000.000000
4.270833	-0.095046	578200.000000
4.375000	-0.095107	578400.000000
4.479167	-0.095582	578600.000000
4.583333	-0.095361	578800.000000
4.687500	-0.094614	579000.000000
4.791667	-0.095306	579200.000000
4.895833	-0.095227	579400.000000
5.000000	-0.095817	579600.000000
5.104167	-0.095100	579800.000000
5.208333	-0.095583	580000.000000
5.312500	-0.095995	580200.000000
5.416667	-0.095062	580400.000000
5.520833	-0.095028	580600.000000
5.625000	-0.095275	580800.000000
5.729167	-0.094797	581000.000000
5.833333	-0.094879	581200.000000
5.937500	-0.095140	581400.000000
6.041667	-0.095436	581600.000000
6.145833	-0.095661	581800.000000
6.250000	-0.094637	582000.000000
6.354167	-0.095016	582200.000000
6.458333	-0.095170	582400.000000
6.562500	-0.094662	582600.000000
6.666667	-0.095397	582800.000000
6.770833	-0.094704	583000.000000
6.875000	-0.095141	583200.000000
6.979167	-0.095001	583400.000000
7.083333	-0.094585	583600.000000
7.187500	-0.094482	583800.000000
7.291667	-0.094836	584000.000000
7.395833	-0.094477	584200.000000
7.500000	-0.094937	584400.000000
7.604167	-0.095166	584600.000000
7.708333	-0.094407	584800.000000
7.812500	-0.094815	585000.000000
7.916667	-0.094945	585200.000000
8.020833	-0.095193	585400.000000
8.125000	-0.095266	585600.000000
8.229167	-0.095442	585800.000000
8.333333	-0.094475	586000.000000
8.437500	-0.094337	586200.000000
8.541667	-0.095354	586400.000000
8.645833	-0.095094	586600.000000
8.750000	-0.094093	586800.000000
8.854167	-0.094109	587000.000000
8.958333	-0.094951	587200.000000
9.062500	-0.094858	587400.000000
9.166667	-0.094403	587600.000000
9.270833	-0.095015	587800.000000
9.375000	-0.094686	588000.000000
9.479167	-0.094850	588200.000000
9.583333	-0.094823	588400.000000
9.687500	-0.094382	588600.000000
9.791667	-0.094535	588800.000000
9.895833	-0.094318	589000.000000
10.000000	-0.094315	589200.000000
10.104167	-0.094893	589400.000000
10.208333	-0.094373	589600.000000
10.312500	-0.095002	589800.000000
10.416667	-0.094375	590000.000000
10.520833	-0.094480	590200.000000
10.625000	-0.094654	590400.000000
10.729167	-0.093862	590600.000000
10.833333	-0.093944	590800.000000
10.937500	-0.094843	591000.000000
11.041667	-0.094805	591200.000000
11.145833	-0.093818	591400.000000
11.250000	-0.094336	591600.000000
11.354167	-0.093205	591800.000000
11.458333	-0.093100	592000.000000
11.562500	-0.093783	592200.000000
11.666667	-0.092917	592400.000000
11.770833	-0.093075	592600.000000
11.875000	-0.091918	592800.000000
11.979167	-0.091891	593000.000000
12.083333	-0.091539	593200.000000
12.187500	-0.091594	593400.000000
12.291667	-0.091197	593600.000000
12.395833	-0.090659	593800.000000
12.500000	-0.090007	594000.000000
12.604167	-0.089485	594200.000000
12.708333	-0.089000	594400.000000
12.812500	-0.088155	594600.000000
12.916667	-0.087987	594800.000000
13.020833	-0.086958	595000.000000
13.125000	-0.086792	595200.000000
13.229167	-0.086995	595400.000000
13.333333	-0.086782	595600.000000
13.437500	-0.088513	595800.000000
13.541667	-0.093871	596000.000000
13.645833	-0.103556	596200.000000
13.750000	-0.120901	596400.000000
13.854167	-0.147237	596600.000000
13.958333	-0.171302	596800.000000
14.062500	-0.179866	597000.000000
14.166667	-0.161465	597200.000000
14.270833	-0.123961	597400.000000
14.375000	-0.083727	597600.000000
14.479167	-0.059576	597800.000000
14.583333	-0.053346	598000.000000
14.687500	-0.059583	598200.000000
14.791667	-0.070068	598400.000000
14.895833	-0.081146	598600.000000
15.000000	-0.087264	598800.000000
15.104167	-0.090172	599000.000000
15.208333	-0.089945	599200.000000
15.312500	-0.090297	599400.000000
15.416667	-0.089943	599600.000000
15.520833	-0.089905	599800.000000
15.625000	-0.086083	600000.000000
15.729167	-0.081244	600200.000000
15.833333	-0.079786	600400.000000
15.937500	-0.084161	600600.000000
16.041667	-0.091809	600800.000000
16.145833	-0.098362	601000.000000
16.250000	-0.099958	601200.000000
16.354167	-0.095894	601400.000000
16.458333	-0.092067	601600.000000
16.562500	-0.089249	601800.000000
16.666667	-0.089046	602000.000000
16.770833	-0.090191	602200.000000
16.875000	-0.092135	602400.000000
16.979167	-0.093928	602600.000000
17.083333	-0.095914	602800.000000
17.187500	-0.098072	603000.000000
17.291667	-0.098590	603200.000000
17.395833	-0.095312	603400.000000
17.500000	-0.091847	603600.000000
17.604167	-0.088519	603800.000000
17.708333	-0.088984	604000.000000
17.812500	-0.093584	604200.000000
17.916667	-0.099008	604400.000000
18.020833	-0.100484	604600.000000
18.125000	-0.098309	604800.000000
18.229167	-0.093696	605000.000000
18.333333	-0.092370	605200.000000
18.437500	-0.094429	605400.000000
18.541667	-0.097693	605600.000000
18.645833	-0.098540	605800.000000
18.750000	-0.098333	606000.000000
18.854167	-0.097798	606200.000000
18.958333	-0.095400	606400.000000
19.062500	-0.094306	606600.000000
19.166667	-0.093328	606800.000000
19.270833	-0.092635	607000.000000
19.375000	-0.092232	607200.000000
19.479167	-0.092253	607400.000000
19.583333	-0.093809	607600.000000
19.687500	-0.094236	607800.000000
19.791667	-0.095094	608000.000000
19.895833	-0.096871	608200.000000
20.000000	-0.096878	608400.000000
20.104167	-0.097198	608600.000000
20.208333	-0.095848	608800.000000
20.312500	-0.094055	609000.000000
20.416667	-0.093241	609200.000000
20.520833	-0.093286	609400.000000
20.625000	-0.094520	609600.000000
20.729167	-0.095354	609800.000000
20.833333	-0.095931	610000.000000
20.937500	-0.095842	610200.000000
21.041667	-0.094539	610400.000000
21.145833	-0.094597	610600.000000
21.250000	-0.093797	610800.000000
21.354167	-0.093765	611000.000000
21.458333	-0.095596	611200.000000
21.562500	-0.096736	611400.000000
21.666667	-0.097362	611600.000000
21.770833	-0.097000	611800.000000
21.875000	-0.095780	612000.000000
21.979167	-0.095156	612200.000000
22.083333	-0.095065	612400.000000
22.187500	-0.095256	612600.000000
22.291667	-0.094997	612800.000000
22.395833	-0.094426	613000.000000
22.500000	-0.094383	613200.000000
22.604167	-0.095183	613400.000000
22.708333	-0.095524	613600.000000
22.812500	-0.095933	613800.000000
22.916667	-0.094694	614000.000000
23.020833	-0.092444	614200.000000
23.125000	-0.090751	614400.000000
23.229167	-0.090326	614600.000000
23.333333	-0.090453	614800.000000
23.437500	-0.093057	615000.000000
23.541667	-0.096307	615200.000000
23.645833	-0.098164	615400.000000
23.750000	-0.097180	615600.000000
23.854167	-0.095157	615800.000000
23.958333	-0.093331	616000.000000
24.062500	-0.094013	616200.000000
24.166667	-0.093404	616400.000000
24.270833	-0.092830	616600.000000
24.375000	-0.093298	616800.000000
24.479167	-0.094025	617000.000000
24.583333	-0.093411	617200.000000
24.687500	-0.093301	617400.000000
24.791667	-0.093995	617600.000000
24.895833	-0.093513	617800.000000
25.000000	-0.092288	618000.000000
25.104167	-0.093023	618200.000000
25.208333	-0.093172	618400.000000
25.312500	-0.094837	618600.000000
25.416667	-0.095942	618800.000000
25.520833	-0.096475	619000.000000
25.625000	-0.097305	619200.000000
25.729167	-0.097614	619400.000000
25.833333	-0.096411	619600.000000
25.937500	-0.093157	619800.000000
26.041667	-0.090895	620000.000000
26.145833	-0.090262	620200.000000
26.250000	-0.092685	620400.000000
26.354167	-0.095689	620600.000000
26.458333	-0.097603	620800.000000
26.562500	-0.097121	621000.000000
26.666667	-0.094446	621200.000000
26.770833	-0.092353	621400.000000
26.875000	-0.090824	621600.000000
26.979167	-0.093149	621800.000000
27.083333	-0.095477	622000.000000
27.187500	-0.097481	622200.000000
27.291667	-0.097629	622400.000000
27.395833	-0.097090	622600.000000
27.500000	-0.096505	622800.000000
27.604167	-0.095946	623000.000000
27.708333	-0.095129	623200.000000
27.812500	-0.094733	623400.000000
27.916667	-0.093563	623600.000000
28.020833	-0.094853	623800.000000
28.125000	-0.097608	624000.000000
28.229167	-0.098646	624200.000000
28.333333	-0.097425	624400.000000
28.437500	-0.094318	624600.000000
28.541667	-0.091063	624800.000000
28.645833	-0.091619	625000.000000
28.750000	-0.094791	625200.000000
28.854167	-0.097327	625400.000000
28.958333	-0.097967	625600.000000
29.062500	-0.097937	625800.000000
29.166667	-0.098894	626000.000000
29.270833	-0.099054	626200.000000
29.375000	-0.097152	626400.000000
29.479167	-0.094937	626600.000000
29.583333	-0.092268	626800.000000
29.687500	-0.092355	627000.000000
29.791667	-0.093993	627200.000000
29.895833	-0.097396	627400.000000
30.000000	-0.099510	627600.000000
30.104167	-0.097174	627800.000000
30.208333	-0.094400	628000.000000
30.312500	-0.091636	628200.000000
30.416667	-0.092431	628400.000000
30.520833	-0.095037	628600.000000
30.625000	-0.098387	628800.000000
30.729167	-0.100396	629000.000000
30.833333	-0.100540	629200.000000
30.937500	-0.099202	629400.000000
31.041667	-0.097681	629600.000000
31.145833	-0.093584	629800.000000
31.250000	-0.092712	630000.000000
31.354167	-0.093607	630200.000000
31.458333	-0.094875	630400.000000
31.562500	-0.096004	630600.000000
31.666667	-0.097053	630800.000000
31.770833	-0.097467	631000.000000
31.875000	-0.096853	631200.000000
31.979167	-0.095564	631400.000000
32.083333	-0.092928	631600.000000
32.187500	-0.091695	631800.000000
32.291667	-0.092935	632000.000000
32.395833	-0.095229	632200.000000
32.500000	-0.096640	632400.000000
32.604167	-0.098137	632600.000000
32.708333	-0.097494	632800.000000
32.812500	-0.096138	633000.000000
32.916667	-0.095986	633200.000000
33.020833	-0.095203	633400.000000
33.125000	-0.094775	633600.000000
33.229167	-0.094358	633800.000000
33.333333	-0.095817	634000.000000
33.437500	-0.096202	634200.000000
33.541667	-0.096999	634400.000000
33.645833	-0.096550	634600.000000
33.750000	-0.093617	634800.000000
33.854167	-0.092244	635000.000000
33.958333	-0.092509	635200.000000
34.062500	-0.093711	635400.000000
34.166667	-0.095713	635600.000000
34.270833	-0.097248	635800.000000
34.375000	-0.097216	636000.000000
34.479167	-0.096740	636200.000000
34.583333	-0.096144	636400.000000
34.687500	-0.095710	636600.000000
34.791667	-0.095068	636800.000000
34.895833	-0.095072	637000.000000
35.000000	-0.095743	637200.000000
35.104167	-0.095347	637400.000000
35.208333	-0.093884	637600.000000
35.312500	-0.093019	637800.000000
35.416667	-0.092295	638000.000000
35.520833	-0.092849	638200.000000
35.625000	-0.094456	638400.000000
35.729167	-0.095290	638600.000000
35.833333	-0.095756	638800.000000
35.937500	-0.095529	639000.000000
36.041667	-0.095088	639200.000000
36.145833	-0.095416	639400.000000
36.250000	-0.095673	639600.000000
36.354167	-0.095846	639800.000000
36.458333	-0.094849	640000.000000
36.562500	-0.094240	640200.000000
36.666667	-0.094172	640400.000000
36.770833	-0.094623	640600.000000
36.875000	-0.095428	640800.000000
36.979167	-0.094531	641000.000000
37.083333	-0.094416	641200.000000
37.187500	-0.093975	641400.000000
37.291667	-0.093492	641600.000000
37.395833	-0.093699	641800.000000
37.500000	-0.094065	642000.000000
37.604167	-0.095106	642200.000000
37.708333	-0.094763	642400.000000
37.812500	-0.094437	642600.000000
37.916667	-0.094045	642800.000000
38.020833	-0.094338	643000.000000
38.125000	-0.093832	643200.000000
38.229167	-0.095190	643400.000000
38.333333	-0.095939	643600.000000
38.437500	-0.096697	643800.000000
38.541667	-0.095978	644000.000000
38.645833	-0.095590	644200.000000
38.750000	-0.094369	644400.000000
38.854167	-0.093423	644600.000000
38.958333	-0.092462	644800.000000
39.062500	-0.091905	645000.000000
39.166667	-0.093193	645200.000000
39.270833	-0.095512	645400.000000
39.375000	-0.095219	645600.000000
39.479167	-0.094086	645800.000000
39.583333	-0.092853	646000.000000
39.687500	-0.094407	646200.000000
39.791667	-0.095168	646400.000000
39.895833	-0.095720	646600.000000
40.000000	-0.096712	646800.000000
40.104167	-0.096586	647000.000000
40.208333	-0.095382	647200.000000
40.312500	-0.093798	647400.000000
40.416667	-0.092899	647600.000000
40.520833	-0.093319	647800.000000
40.625000	-0.092745	648000.000000
40.729167	-0.092899	648200.000000
40.833333	-0.092864	648400.000000
40.937500	-0.094291	648600.000000
41.041667	-0.095513	648800.000000
41.145833	-0.095957	649000.000000
41.250000	-0.095423	649200.000000
41.354167	-0.093603	649400.000000
41.458333	-0.093937	649600.000000
41.562500	-0.093224	649800.000000
41.666667	-0.094092	650000.000000
41.770833	-0.094955	650200.000000
41.875000	-0.095606	650400.000000
41.979167	-0.096102	650600.000000
42.083333	-0.095637	650800.000000
42.187500	-0.094919	651000.000000
42.291667	-0.093337	651200.000000
42.395833	-0.092635	651400.000000
42.500000	-0.093155	651600.000000
42.604167	-0.094893	651800.000000
42.708333	-0.096333	652000.000000
42.812500	-0.096419	652200.000000
42.916667	-0.096011	652400.000000
43.020833	-0.093941	652600.000000
43.125000	-0.093919	652800.000000
43.229167	-0.093746	653000.000000
43.333333	-0.094571	653200.000000
43.437500	-0.095838	653400.000000
43.541667	-0.096710	653600.000000
43.645833	-0.096977	653800.000000
43.750000	-0.096481	654000.000000
43.854167	-0.096615	654200.000000
43.958333	-0.095103	654400.000000
44.062500	-0.094786	654600.000000
44.166667	-0.094286	654800.000000
44.270833	-0.094535	655000.000000
44.375000	-0.094452	655200.000000
44.479167	-0.094477	655400.000000
44.583333	-0.094521	655600.000000
44.687500	-0.095079	655800.000000
44.791667	-0.095695	656000.000000
44.895833	-0.095746	656200.000000
45.000000	-0.095736	656400.000000
45.104167	-0.095548	656600.000000
45.208333	-0.095920	656800.000000
45.312500	-0.096489	657000.000000
45.416667	-0.096541	657200.000000
45.520833	-0.096685	657400.000000
45.625000	-0.096676	657600.000000
45.729167	-0.095585	657800.000000
45.833333	-0.094877	658000.000000
45.937500	-0.094107	658200.000000
46.041667	-0.093850	658400.000000
46.145833	-0.094502	658600.000000
46.250000	-0.094809	658800.000000
46.354167	-0.094684	659000.000000
46.458333	-0.094455	659200.000000
46.562500	-0.095082	659400.000000
46.666667	-0.095543	659600.000000
46.770833	-0.095616	659800.000000
46.875000	-0.095053	660000.000000
46.979167	-0.095447	660200.000000
47.083333	-0.096048	660400.000000
47.187500	-0.095197	660600.000000
47.291667	-0.093709	660800.000000
47.395833	-0.093646	661000.000000
47.500000	-0.095656	661200.000000
47.604167	-0.096483	661400.000000
47.708333	-0.096282	661600.000000
47.812500	-0.095701	661800.000000
47.916667	-0.094304	662000.000000
48.020833	-0.093893	662200.000000
48.125000	-0.094737	662400.000000
48.229167	-0.094644	662600.000000
48.333333	-0.095168	662800.000000
48.437500	-0.095059	663000.000000
48.541667	-0.095515	663200.000000
48.645833	-0.094474	663400.000000
48.750000	-0.094559	663600.000000
48.854167	-0.095163	663800.000000
48.958333	-0.095330	664000.000000
49.062500	-0.095657	664200.000000
49.166667	-0.095959	664400.000000
49.270833	-0.096280	664600.000000
49.375000	-0.095758	664800.000000
49.479167	-0.095240	665000.000000
49.583333	-0.093493	665200.000000
49.687500	-0.093157	665400.000000
49.791667	-0.093742	665600.000000
49.895833	-0.094143	665800.000000
50.000000	-0.095843	666000.000000
50.104167	-0.095220	666200.000000
50.208333	-0.095392	666400.000000
50.312500	-0.094531	666600.000000
50.416667	-0.095075	666800.000000
50.520833	-0.095121	667000.000000
50.625000	-0.095464	667200.000000
50.729167	-0.095687	667400.000000
50.833333	-0.095612	667600.000000
50.937500	-0.094966	667800.000000
51.041667	-0.095075	668000.000000
51.145833	-0.095745	668200.000000
51.250000	-0.095254	668400.000000
51.354167	-0.094392	668600.000000
51.458333	-0.093737	668800.000000
51.562500	-0.093277	669000.000000
51.666667	-0.094177	669200.000000
51.770833	-0.095817	669400.000000
51.875000	-0.095508	669600.000000
51.979167	-0.095993	669800.000000
52.083333	-0.095307	670000.000000
52.187500	-0.094292	670200.000000
52.291667	-0.094344	670400.000000
52.395833	-0.094959	670600.000000
52.500000	-0.094991	670800.000000
52.604167	-0.095078	671000.000000
52.708333	-0.094876	671200.000000
52.812500	-0.094579	671400.000000
52.916667	-0.095123	671600.000000
53.020833	-0.095353	671800.000000
53.125000	-0.095008	672000.000000
53.229167	-0.094636	672200.000000
53.333333	-0.094361	672400.000000
53.437500	-0.093899	672600.000000
53.541667	-0.093650	672800.000000
53.645833	-0.093522	673000.000000
53.750000	-0.094354	673200.000000
53.854167	-0.094332	673400.000000
53.958333	-0.094400	673600.000000
54.062500	-0.094874	673800.000000
54.166667	-0.094686	674000.000000
54.270833	-0.095359	674200.000000
54.375000	-0.094868	674400.000000
54.479167	-0.094350	674600.000000
54.583333	-0.094988	674800.000000
54.687500	-0.095350	675000.000000
54.791667	-0.095219	675200.000000
54.895833	-0.095966	675400.000000
55.000000	-0.094694	675600.000000
55.104167	-0.094209	675800.000000
55.208333	-0.094035	676000.000000
55.312500	-0.094481	676200.000000
55.416667	-0.094530	676400.000000
55.520833	-0.094827	676600.000000
55.625000	-0.095649	676800.000000
55.729167	-0.095822	677000.000000
55.833333	-0.096103	677200.000000
55.937500	-0.095563	677400.000000
56.041667	-0.094908	677600.000000
56.145833	-0.094496	677800.000000
56.250000	-0.094103	678000.000000
56.354167	-0.093525	678200.000000
56.458333	-0.094132	678400.000000
56.562500	-0.094864	678600.000000
56.666667	-0.095219	678800.000000
56.770833	-0.094737	679000.000000
56.875000	-0.094138	679200.000000
56.979167	-0.093565	679400.000000
57.083333	-0.093792	679600.000000
57.187500	-0.094049	679800.000000
57.291667	-0.094318	680000.000000
57.395833	-0.095124	680200.000000
57.500000	-0.095466	680400.000000
57.604167	-0.095732	680600.000000
57.708333	-0.094676	680800.000000
57.812500	-0.094033	681000.000000
57.916667	-0.093057	681200.000000
58.020833	-0.093887	681400.000000
58.125000	-0.094927	681600.000000
58.229167	-0.095411	681800.000000
58.333333	-0.095773	682000.000000
58.437500	-0.094937	682200.000000
58.541667	-0.093869	682400.000000
58.645833	-0.093179	682600.000000
58.750000	-0.092352	682800.000000
58.854167	-0.092558	683000.000000
58.958333	-0.092757	683200.000000
59.062500	-0.094726	683400.000000
59.166667	-0.095597	683600.000000
59.270833	-0.094760	683800.000000
59.375000	-0.094070	684000.000000
59.479167	-0.093802	684200.000000
59.583333	-0.093960	684400.000000
59.687500	-0.093967	684600.000000
59.791667	-0.094643	684800.000000
59.895833	-0.095534	685000.000000
60.000000	-0.096615	685200.000000
60.104167	-0.095509	685400.000000
60.208333	-0.094963	685600.000000
60.312500	-0.093155	685800.000000
60.416667	-0.093940	686000.000000
60.520833	-0.093583	686200.000000
60.625000	-0.093929	686400.000000
60.729167	-0.094410	686600.000000
60.833333	-0.094880	686800.000000
60.937500	-0.095664	687000.000000
61.041667	-0.096091	687200.000000
61.145833	-0.095768	687400.000000
61.250000	-0.095126	687600.000000
61.354167	-0.094768	687800.000000
61.458333	-0.095037	688000.000000
61.562500	-0.095248	688200.000000
61.666667	-0.095255	688400.000000
61.770833	-0.095342	688600.000000
61.875000	-0.094702	688800.000000
61.979167	-0.094770	689000.000000
62.083333	-0.095094	689200.000000
62.187500	-0.094550	689400.000000
62.291667	-0.093999	689600.000000
62.395833	-0.094056	689800.000000
62.500000	-0.093763	690000.000000
62.604167	-0.094047	690200.000000
62.708333	-0.093990	690400.000000
62.812500	-0.093914	690600.000000
62.916667	-0.094285	690800.000000
63.020833	-0.093913	691000.000000
63.125000	-0.093747	691200.000000
63.229167	-0.093837	691400.000000
63.333333	-0.093211	691600.000000
63.437500	-0.093309	691800.000000
63.541667	-0.093136	692000.000000
63.645833	-0.093290	692200.000000
63.750000	-0.093634	692400.000000
63.854167	-0.093629	692600.000000
63.958333	-0.093303	692800.000000
64.062500	-0.093884	693000.000000
64.166667	-0.093952	693200.000000
64.270833	-0.093232	693400.000000
64.375000	-0.092850	693600.000000
64.479167	-0.092937	693800.000000
64.583333	-0.094056	694000.000000
64.687500	-0.093478	694200.000000
64.791667	-0.094303	694400.000000
64.895833	-0.094648	694600.000000
65.000000	-0.094603	694800.000000
65.104167	-0.093986	695000.000000
65.208333	-0.094168	695200.000000
65.312500	-0.093565	695400.000000
65.416667	-0.093920	695600.000000
65.520833	-0.093317	695800.000000
65.625000	-0.093879	696000.000000
65.729167	-0.093535	696200.000000
65.833333	-0.093197	696400.000000
65.937500	-0.093036	696600.000000
66.041667	-0.092634	696800.000000
66.145833	-0.093292	697000.000000
66.250000	-0.093661	697200.000000
66.354167	-0.093454	697400.000000
66.458333	-0.094056	697600.000000
66.562500	-0.094366	697800.000000
66.666667	-0.093900	698000.000000
66.770833	-0.093684	698200.000000
66.875000	-0.093306	698400.000000
66.979167	-0.092876	698600.000000
67.083333	-0.093259	698800.000000
67.187500	-0.093920	699000.000000
67.291667	-0.094090	699200.000000
67.395833	-0.094573	699400.000000
67.500000	-0.094882	699600.000000
67.604167	-0.093998	699800.000000
67.708333	-0.093452	700000.000000
