0.000000	-0.099972	570000.000000
0.104167	-0.099948	570200.000000
0.208333	-0.099189	570400.000000
0.312500	-0.099922	570600.000000
0.416667	-0.100561	570800.000000
0.520833	-0.100198	571000.000000
0.625000	-0.099844	571200.000000
0.729167	-0.100627	571400.000000
0.833333	-0.099789	571600.000000
0.937500	-0.099875	571800.000000
1.041667	-0.099772	572000.000000
1.145833	-0.099950	572200.000000
1.250000	-0.099619	572400.000000
1.354167	-0.099702	572600.000000
1.458333	-0.099750	572800.000000
1.562500	-0.099315	573000.000000
1.666667	-0.099805	573200.000000
1.770833	-0.099318	573400.000000
1.875000	-0.099852	573600.000000
1.979167	-0.099996	573800.000000
2.083333	-0.099155	574000.000000
2.187500	-0.099031	574200.000000
2.291667	-0.100289	574400.000000
2.395833	-0.099165	574600.000000
2.500000	-0.099225	574800.000000
2.604167	-0.100251	575000.000000
2.708333	-0.099469	575200.000000
2.812500	-0.099115	575400.000000
2.916667	-0.099444	575600.000000
3.020833	-0.099913	575800.000000
3.125000	-0.099509	576000.000000
3.229167	-0.098971	576200.000000
3.333333	-0.099436	576400.000000
3.437500	-0.099728	576600.000000
3.541667	-0.099385	576800.000000
3.645833	-0.099189	577000.000000
3.750000	-0.099173	577200.000000
3.854167	-0.099819	577400.000000
3.958333	-0.099356	577600.000000
4.062500	-0.099599	577800.000000
4.166667	-0.099328	578000.000000
4.270833	-0.099192	578200.000000
4.375000	-0.098861	578400.000000
4.479167	-0.099004	578600.000000
4.583333	-0.099265	578800.000000
4.687500	-0.098763	579000.000000
4.791667	-0.098728	579200.000000
4.895833	-0.098812	579400.000000
5.000000	-0.098634	579600.000000
5.104167	-0.099338	579800.000000
5.208333	-0.098829	580000.000000
5.312500	-0.098267	580200.000000
5.416667	-0.098610	580400.000000
5.520833	-0.098135	580600.000000
5.625000	-0.098331	580800.000000
5.729167	-0.098466	581000.000000
5.833333	-0.098252	581200.000000
5.937500	-0.097939	581400.000000
6.041667	-0.097723	581600.000000
6.145833	-0.098431	581800.000000
6.250000	-0.097499	582000.000000
6.354167	-0.098391	582200.000000
6.458333	-0.098004	582400.000000
6.562500	-0.097702	582600.000000
6.666667	-0.098085	582800.000000
6.770833	-0.097641	583000.000000
6.875000	-0.097541	583200.000000
6.979167	-0.097259	583400.000000
7.083333	-0.097507	583600.000000
7.187500	-0.097571	583800.000000
7.291667	-0.097476	584000.000000
7.395833	-0.097171	584200.000000
7.500000	-0.097348	584400.000000
7.604167	-0.097341	584600.000000
7.708333	-0.096725	584800.000000
7.812500	-0.096826	585000.000000
7.916667	-0.096544	585200.000000
8.020833	-0.096170	585400.000000
8.125000	-0.095026	585600.000000
8.229167	-0.095550	585800.000000
8.333333	-0.095251	586000.000000
8.437500	-0.095743	586200.000000
8.541667	-0.095137	586400.000000
8.645833	-0.095284	586600.000000
8.750000	-0.094429	586800.000000
8.854167	-0.094376	587000.000000
8.958333	-0.093855	587200.000000
9.062500	-0.093469	587400.000000
9.166667	-0.093121	587600.000000
9.270833	-0.093275	587800.000000
9.375000	-0.092186	588000.000000
9.479167	-0.091129	588200.000000
9.583333	-0.090225	588400.000000
9.687500	-0.089445	588600.000000
9.791667	-0.089376	588800.000000
9.895833	-0.088259	589000.000000
10.000000	-0.087308	589200.000000
10.104167	-0.086701	589400.000000
10.208333	-0.084538	589600.000000
10.312500	-0.082745	589800.000000
10.416667	-0.081345	590000.000000
10.520833	-0.079230	590200.000000
10.625000	-0.076931	590400.000000
10.729167	-0.074265	590600.000000
10.833333	-0.072085	590800.000000
10.937500	-0.068879	591000.000000
11.041667	-0.065586	591200.000000
11.145833	-0.060938	591400.000000
11.250000	-0.056824	591600.000000
11.354167	-0.051790	591800.000000
11.458333	-0.044871	592000.000000
11.562500	-0.039176	592200.000000
11.666667	-0.031270	592400.000000
11.770833	-0.022189	592600.000000
11.875000	-0.012244	592800.000000
11.979167	-0.001912	593000.000000
12.083333	0.010492	593200.000000
12.187500	0.024303	593400.000000
12.291667	0.040686	593600.000000
12.395833	0.058315	593800.000000
12.500000	0.077200	594000.000000
12.604167	0.097923	594200.000000
12.708333	0.121262	594400.000000
12.812500	0.145413	594600.000000
12.916667	0.170226	594800.000000
13.020833	0.196078	595000.000000
13.125000	0.222592	595200.000000
13.229167	0.244469	595400.000000
13.333333	0.259430	595600.000000
13.437500	0.257724	595800.000000
13.541667	0.220772	596000.000000
13.645833	0.099361	596200.000000
13.750000	-0.171941	596400.000000
13.854167	-0.672305	596600.000000
13.958333	-1.381608	596800.000000
14.062500	-2.156435	597000.000000
14.166667	-2.712721	597200.000000
14.270833	-2.804882	597400.000000
14.375000	-2.370291	597600.000000
14.479167	-1.599067	597800.000000
14.583333	-0.769128	598000.000000
14.687500	-0.052778	598200.000000
14.791667	0.342748	598400.000000
14.895833	0.510553	598600.000000
15.000000	0.523621	598800.000000
15.104167	0.473198	599000.000000
15.208333	0.415570	599200.000000
15.312500	0.369342	599400.000000
15.416667	0.333141	599600.000000
15.520833	0.310133	599800.000000
15.625000	0.318638	600000.000000
15.729167	0.375480	600200.000000
15.833333	0.459570	600400.000000
15.937500	0.507249	600600.000000
16.041667	0.465777	600800.000000
16.145833	0.339906	601000.000000
16.250000	0.191294	601200.000000
16.354167	0.091241	601400.000000
16.458333	0.066534	601600.000000
16.562500	0.089807	601800.000000
16.666667	0.123317	602000.000000
16.770833	0.147289	602200.000000
16.875000	0.148243	602400.000000
16.979167	0.124565	602600.000000
17.083333	0.077876	602800.000000
17.187500	0.014640	603000.000000
17.291667	-0.045963	603200.000000
17.395833	-0.079044	603400.000000
17.500000	-0.062915	603600.000000
17.604167	-0.003439	603800.000000
17.708333	0.060081	604000.000000
17.812500	0.078764	604200.000000
17.916667	0.033136	604400.000000
18.020833	-0.047938	604600.000000
18.125000	-0.109640	604800.000000
18.229167	-0.116688	605000.000000
18.333333	-0.084441	605200.000000
18.437500	-0.060925	605400.000000
18.541667	-0.073669	605600.000000
18.645833	-0.110992	605800.000000
18.750000	-0.148481	606000.000000
18.854167	-0.166994	606200.000000
18.958333	-0.160233	606400.000000
19.062500	-0.135503	606600.000000
19.166667	-0.104995	606800.000000
19.270833	-0.075012	607000.000000
19.375000	-0.047387	607200.000000
19.479167	-0.023145	607400.000000
19.583333	-0.013779	607600.000000
19.687500	-0.026171	607800.000000
19.791667	-0.052600	608000.000000
19.895833	-0.080857	608200.000000
20.000000	-0.108747	608400.000000
20.104167	-0.133482	608600.000000
20.208333	-0.146880	608800.000000
20.312500	-0.144059	609000.000000
20.416667	-0.124542	609200.000000
20.520833	-0.097986	609400.000000
20.625000	-0.085134	609600.000000
20.729167	-0.092646	609800.000000
20.833333	-0.111926	610000.000000
20.937500	-0.127739	610200.000000
21.041667	-0.127333	610400.000000
21.145833	-0.115623	610600.000000
21.250000	-0.100274	610800.000000
21.354167	-0.087993	611000.000000
21.458333	-0.088766	611200.000000
21.562500	-0.107740	611400.000000
21.666667	-0.136354	611600.000000
21.770833	-0.160215	611800.000000
21.875000	-0.173944	612000.000000
21.979167	-0.175827	612200.000000
22.083333	-0.173209	612400.000000
22.187500	-0.173862	612600.000000
22.291667	-0.176511	612800.000000
22.395833	-0.171318	613000.000000
22.500000	-0.159523	613200.000000
22.604167	-0.154728	613400.000000
22.708333	-0.160766	613600.000000
22.812500	-0.171638	613800.000000
22.916667	-0.171354	614000.000000
23.020833	-0.151351	614200.000000
23.125000	-0.113391	614400.000000
23.229167	-0.065697	614600.000000
23.333333	-0.028831	614800.000000
23.437500	-0.021767	615000.000000
23.541667	-0.051253	615200.000000
23.645833	-0.103828	615400.000000
23.750000	-0.149683	615600.000000
23.854167	-0.170459	615800.000000
23.958333	-0.166673	616000.000000
24.062500	-0.148113	616200.000000
24.166667	-0.123214	616400.000000
24.270833	-0.099480	616600.000000
24.375000	-0.085483	616800.000000
24.479167	-0.081946	617000.000000
24.583333	-0.080194	617200.000000
24.687500	-0.077140	617400.000000
24.791667	-0.069513	617600.000000
24.895833	-0.058829	617800.000000
25.000000	-0.047691	618000.000000
25.104167	-0.041280	618200.000000
25.208333	-0.043872	618400.000000
25.312500	-0.056622	618600.000000
25.416667	-0.077172	618800.000000
25.520833	-0.104799	619000.000000
25.625000	-0.138416	619200.000000
25.729167	-0.165666	619400.000000
25.833333	-0.174694	619600.000000
25.937500	-0.155538	619800.000000
26.041667	-0.111406	620000.000000
26.145833	-0.062427	620200.000000
26.250000	-0.035542	620400.000000
26.354167	-0.046656	620600.000000
26.458333	-0.091222	620800.000000
26.562500	-0.141315	621000.000000
26.666667	-0.160728	621200.000000
26.770833	-0.138988	621400.000000
26.875000	-0.096042	621600.000000
26.979167	-0.063193	621800.000000
27.083333	-0.060966	622000.000000
27.187500	-0.089899	622200.000000
27.291667	-0.129318	622400.000000
27.395833	-0.156973	622600.000000
27.500000	-0.168537	622800.000000
27.604167	-0.167731	623000.000000
27.708333	-0.160355	623200.000000
27.812500	-0.144370	623400.000000
27.916667	-0.123079	623600.000000
28.020833	-0.108330	623800.000000
28.125000	-0.118015	624000.000000
28.229167	-0.144272	624200.000000
28.333333	-0.165100	624400.000000
28.437500	-0.158107	624600.000000
28.541667	-0.120030	624800.000000
28.645833	-0.075632	625000.000000
28.750000	-0.052584	625200.000000
28.854167	-0.065892	625400.000000
28.958333	-0.100695	625600.000000
29.062500	-0.138385	625800.000000
29.166667	-0.171711	626000.000000
29.270833	-0.200147	626200.000000
29.375000	-0.213053	626400.000000
29.479167	-0.195256	626600.000000
29.583333	-0.147838	626800.000000
29.687500	-0.095786	627000.000000
29.791667	-0.069488	627200.000000
29.895833	-0.082482	627400.000000
30.000000	-0.120578	627600.000000
30.104167	-0.149500	627800.000000
30.208333	-0.139375	628000.000000
30.312500	-0.092968	628200.000000
30.416667	-0.041220	628400.000000
30.520833	-0.020816	628600.000000
30.625000	-0.047033	628800.000000
30.729167	-0.099697	629000.000000
30.833333	-0.151823	629200.000000
30.937500	-0.187502	629400.000000
31.041667	-0.193096	629600.000000
31.145833	-0.166197	629800.000000
31.250000	-0.120627	630000.000000
31.354167	-0.080101	630200.000000
31.458333	-0.059956	630400.000000
31.562500	-0.064208	630600.000000
31.666667	-0.081987	630800.000000
31.770833	-0.103100	631000.000000
31.875000	-0.118915	631200.000000
31.979167	-0.119962	631400.000000
32.083333	-0.098163	631600.000000
32.187500	-0.063644	631800.000000
32.291667	-0.033919	632000.000000
32.395833	-0.028215	632200.000000
32.500000	-0.047955	632400.000000
32.604167	-0.081879	632600.000000
32.708333	-0.111080	632800.000000
32.812500	-0.126600	633000.000000
32.916667	-0.126677	633200.000000
33.020833	-0.115740	633400.000000
33.125000	-0.099443	633600.000000
33.229167	-0.083795	633800.000000
33.333333	-0.076827	634000.000000
33.437500	-0.085204	634200.000000
33.541667	-0.102167	634400.000000
33.645833	-0.112524	634600.000000
33.750000	-0.101360	634800.000000
33.854167	-0.069562	635000.000000
33.958333	-0.033549	635200.000000
34.062500	-0.015259	635400.000000
34.166667	-0.024581	635600.000000
34.270833	-0.052241	635800.000000
34.375000	-0.082578	636000.000000
34.479167	-0.102694	636200.000000
34.583333	-0.111651	636400.000000
34.687500	-0.112307	636600.000000
34.791667	-0.109004	636800.000000
34.895833	-0.102894	637000.000000
35.000000	-0.102001	637200.000000
35.104167	-0.100096	637400.000000
35.208333	-0.094422	637600.000000
35.312500	-0.080548	637800.000000
35.416667	-0.059595	638000.000000
35.520833	-0.043758	638200.000000
35.625000	-0.042196	638400.000000
35.729167	-0.055142	638600.000000
35.833333	-0.074218	638800.000000
35.937500	-0.088364	639000.000000
36.041667	-0.093758	639200.000000
36.145833	-0.096981	639400.000000
36.250000	-0.102551	639600.000000
36.354167	-0.108824	639800.000000
36.458333	-0.110843	640000.000000
36.562500	-0.104905	640200.000000
36.666667	-0.093531	640400.000000
36.770833	-0.086548	640600.000000
36.875000	-0.088506	640800.000000
36.979167	-0.094600	641000.000000
37.083333	-0.098698	641200.000000
37.187500	-0.094535	641400.000000
37.291667	-0.083374	641600.000000
37.395833	-0.070022	641800.000000
37.500000	-0.063658	642000.000000
37.604167	-0.068021	642200.000000
37.708333	-0.078229	642400.000000
37.812500	-0.087846	642600.000000
37.916667	-0.088288	642800.000000
38.020833	-0.084695	643000.000000
38.125000	-0.082282	643200.000000
38.229167	-0.084108	643400.000000
38.333333	-0.091436	643600.000000
38.437500	-0.105413	643800.000000
38.541667	-0.116650	644000.000000
38.645833	-0.122092	644200.000000
38.750000	-0.121113	644400.000000
38.854167	-0.110850	644600.000000
38.958333	-0.089620	644800.000000
39.062500	-0.064265	645000.000000
39.166667	-0.048333	645200.000000
39.270833	-0.052395	645400.000000
39.375000	-0.071430	645600.000000
39.479167	-0.083211	645800.000000
39.583333	-0.080236	646000.000000
39.687500	-0.071322	646200.000000
39.791667	-0.075348	646400.000000
39.895833	-0.097371	646600.000000
40.000000	-0.126352	646800.000000
40.104167	-0.143553	647000.000000
40.208333	-0.143881	647200.000000
40.312500	-0.135854	647400.000000
40.416667	-0.121466	647600.000000
40.520833	-0.103154	647800.000000
40.625000	-0.084896	648000.000000
40.729167	-0.070292	648200.000000
40.833333	-0.062214	648400.000000
40.937500	-0.063980	648600.000000
41.041667	-0.079068	648800.000000
41.145833	-0.099809	649000.000000
41.250000	-0.115273	649200.000000
41.354167	-0.115515	649400.000000
41.458333	-0.105815	649600.000000
41.562500	-0.096447	649800.000000
41.666667	-0.093796	650000.000000
41.770833	-0.101673	650200.000000
41.875000	-0.117097	650400.000000
41.979167	-0.133270	650600.000000
42.083333	-0.144000	650800.000000
42.187500	-0.143208	651000.000000
42.291667	-0.127133	651200.000000
42.395833	-0.101230	651400.000000
42.500000	-0.080617	651600.000000
42.604167	-0.078918	651800.000000
42.708333	-0.093908	652000.000000
42.812500	-0.115049	652200.000000
42.916667	-0.127951	652400.000000
43.020833	-0.125953	652600.000000
43.125000	-0.111858	652800.000000
43.229167	-0.093880	653000.000000
43.333333	-0.082182	653200.000000
43.437500	-0.084839	653400.000000
43.541667	-0.100373	653600.000000
43.645833	-0.121791	653800.000000
43.750000	-0.142277	654000.000000
43.854167	-0.152760	654200.000000
43.958333	-0.151439	654400.000000
44.062500	-0.137835	654600.000000
44.166667	-0.119271	654800.000000
44.270833	-0.103596	655000.000000
44.375000	-0.093205	655200.000000
44.479167	-0.083827	655400.000000
44.583333	-0.074833	655600.000000
44.687500	-0.073116	655800.000000
44.791667	-0.076625	656000.000000
44.895833	-0.085038	656200.000000
45.000000	-0.092090	656400.000000
45.104167	-0.095236	656600.000000
45.208333	-0.100378	656800.000000
45.312500	-0.107945	657000.000000
45.416667	-0.117706	657200.000000
45.520833	-0.126339	657400.000000
45.625000	-0.130551	657600.000000
45.729167	-0.124403	657800.000000
45.833333	-0.110402	658000.000000
45.937500	-0.093678	658200.000000
46.041667	-0.081600	658400.000000
46.145833	-0.075764	658600.000000
46.250000	-0.076185	658800.000000
46.354167	-0.077797	659000.000000
46.458333	-0.080549	659200.000000
46.562500	-0.083794	659400.000000
46.666667	-0.087021	659600.000000
46.770833	-0.087582	659800.000000
46.875000	-0.088600	660000.000000
46.979167	-0.095431	660200.000000
47.083333	-0.104179	660400.000000
47.187500	-0.108875	660600.000000
47.291667	-0.103297	660800.000000
47.395833	-0.091779	661000.000000
47.500000	-0.085690	661200.000000
47.604167	-0.091664	661400.000000
47.708333	-0.101644	661600.000000
47.812500	-0.103931	661800.000000
47.916667	-0.095564	662000.000000
48.020833	-0.083795	662200.000000
48.125000	-0.076619	662400.000000
48.229167	-0.076078	662600.000000
48.333333	-0.077505	662800.000000
48.437500	-0.080774	663000.000000
48.541667	-0.082345	663200.000000
48.645833	-0.081238	663400.000000
48.750000	-0.079842	663600.000000
48.854167	-0.081912	663800.000000
48.958333	-0.091027	664000.000000
49.062500	-0.102786	664200.000000
49.166667	-0.114469	664400.000000
49.270833	-0.122923	664600.000000
49.375000	-0.126440	664800.000000
49.479167	-0.120079	665000.000000
49.583333	-0.105245	665200.000000
49.687500	-0.083606	665400.000000
49.791667	-0.065616	665600.000000
49.895833	-0.059682	665800.000000
50.000000	-0.064861	666000.000000
50.104167	-0.076424	666200.000000
50.208333	-0.085141	666400.000000
50.312500	-0.089225	666600.000000
50.416667	-0.088109	666800.000000
50.520833	-0.089647	667000.000000
50.625000	-0.097591	667200.000000
50.729167	-0.107190	667400.000000
50.833333	-0.112427	667600.000000
50.937500	-0.112231	667800.000000
51.041667	-0.110294	668000.000000
51.145833	-0.110720	668200.000000
51.250000	-0.110546	668400.000000
51.354167	-0.102740	668600.000000
51.458333	-0.086764	668800.000000
51.562500	-0.070676	669000.000000
51.666667	-0.062278	669200.000000
51.770833	-0.069630	669400.000000
51.875000	-0.087051	669600.000000
51.979167	-0.104490	669800.000000
52.083333	-0.111860	670000.000000
52.187500	-0.109724	670200.000000
52.291667	-0.102457	670400.000000
52.395833	-0.096519	670600.000000
52.500000	-0.095855	670800.000000
52.604167	-0.097760	671000.000000
52.708333	-0.101304	671200.000000
52.812500	-0.105109	671400.000000
52.916667	-0.110277	671600.000000
53.020833	-0.114992	671800.000000
53.125000	-0.115410	672000.000000
53.229167	-0.113865	672200.000000
53.333333	-0.107335	672400.000000
53.437500	-0.101094	672600.000000
53.541667	-0.093179	672800.000000
53.645833	-0.086205	673000.000000
53.750000	-0.082397	673200.000000
53.854167	-0.084267	673400.000000
53.958333	-0.090852	673600.000000
54.062500	-0.099336	673800.000000
54.166667	-0.104904	674000.000000
54.270833	-0.109435	674200.000000
54.375000	-0.112375	674400.000000
54.479167	-0.112169	674600.000000
54.583333	-0.109251	674800.000000
54.687500	-0.108204	675000.000000
54.791667	-0.113671	675200.000000
54.895833	-0.124018	675400.000000
55.000000	-0.128258	675600.000000
55.104167	-0.120114	675800.000000
55.208333	-0.102193	676000.000000
55.312500	-0.087013	676200.000000
55.416667	-0.082210	676400.000000
55.520833	-0.090991	676600.000000
55.625000	-0.106639	676800.000000
55.729167	-0.120573	677000.000000
55.833333	-0.130175	677200.000000
55.937500	-0.135005	677400.000000
56.041667	-0.136138	677600.000000
56.145833	-0.132892	677800.000000
56.250000	-0.123616	678000.000000
56.354167	-0.113456	678200.000000
56.458333	-0.107201	678400.000000
56.562500	-0.107111	678600.000000
56.666667	-0.109713	678800.000000
56.770833	-0.109001	679000.000000
56.875000	-0.101568	679200.000000
56.979167	-0.091652	679400.000000
57.083333	-0.083569	679600.000000
57.187500	-0.079058	679800.000000
57.291667	-0.081142	680000.000000
57.395833	-0.089976	680200.000000
57.500000	-0.101239	680400.000000
57.604167	-0.107302	680600.000000
57.708333	-0.105831	680800.000000
57.812500	-0.095637	681000.000000
57.916667	-0.083260	681200.000000
58.020833	-0.077634	681400.000000
58.125000	-0.082540	681600.000000
58.229167	-0.097852	681800.000000
58.333333	-0.115454	682000.000000
58.437500	-0.125652	682200.000000
58.541667	-0.120330	682400.000000
58.645833	-0.103595	682600.000000
58.750000	-0.083167	682800.000000
58.854167	-0.069369	683000.000000
58.958333	-0.066174	683200.000000
59.062500	-0.074057	683400.000000
59.166667	-0.087084	683600.000000
59.270833	-0.098730	683800.000000
59.375000	-0.103402	684000.000000
59.479167	-0.098817	684200.000000
59.583333	-0.091326	684400.000000
59.687500	-0.088398	684600.000000
59.791667	-0.093840	684800.000000
59.895833	-0.107442	685000.000000
60.000000	-0.123057	685200.000000
60.104167	-0.132861	685400.000000
60.208333	-0.131002	685600.000000
60.312500	-0.120320	685800.000000
60.416667	-0.103487	686000.000000
60.520833	-0.089148	686200.000000
60.625000	-0.081311	686400.000000
60.729167	-0.080490	686600.000000
60.833333	-0.087550	686800.000000
60.937500	-0.099130	687000.000000
61.041667	-0.112069	687200.000000
61.145833	-0.123928	687400.000000
61.250000	-0.132072	687600.000000
61.354167	-0.133557	687800.000000
61.458333	-0.132561	688000.000000
61.562500	-0.130327	688200.000000
61.666667	-0.129984	688400.000000
61.770833	-0.131911	688600.000000
61.875000	-0.132818	688800.000000
61.979167	-0.130545	689000.000000
62.083333	-0.125591	689200.000000
62.187500	-0.119002	689400.000000
62.291667	-0.112362	689600.000000
62.395833	-0.107986	689800.000000
62.500000	-0.103941	690000.000000
62.604167	-0.099623	690200.000000
62.708333	-0.094187	690400.000000
62.812500	-0.086686	690600.000000
62.916667	-0.080739	690800.000000
63.020833	-0.079287	691000.000000
63.125000	-0.079002	691200.000000
63.229167	-0.079539	691400.000000
63.333333	-0.078795	691600.000000
63.437500	-0.074770	691800.000000
63.541667	-0.067815	692000.000000
63.645833	-0.062192	692200.000000
63.750000	-0.061073	692400.000000
63.854167	-0.063882	692600.000000
63.958333	-0.069408	692800.000000
64.062500	-0.072830	693000.000000
64.166667	-0.072887	693200.000000
64.270833	-0.067891	693400.000000
64.375000	-0.060465	693600.000000
64.479167	-0.053505	693800.000000
64.583333	-0.051866	694000.000000
64.687500	-0.058612	694200.000000
64.791667	-0.073258	694400.000000
64.895833	-0.089072	694600.000000
65.000000	-0.101232	694800.000000
65.104167	-0.106887	695000.000000
65.208333	-0.107970	695200.000000
65.312500	-0.105802	695400.000000
65.416667	-0.104464	695600.000000
65.520833	-0.104537	695800.000000
65.625000	-0.105266	696000.000000
65.729167	-0.103267	696200.000000
65.833333	-0.100462	696400.000000
65.937500	-0.092188	696600.000000
66.041667	-0.082164	696800.000000
66.145833	-0.073503	697000.000000
66.250000	-0.071374	697200.000000
66.354167	-0.078046	697400.000000
66.458333	-0.089000	697600.000000
66.562500	-0.099871	697800.000000
66.666667	-0.105612	698000.000000
66.770833	-0.106840	698200.000000
66.875000	-0.102380	698400.000000
66.979167	-0.096648	698600.000000
67.083333	-0.090877	698800.000000
67.187500	-0.090890	699000.000000
67.291667	-0.096439	699200.000000
67.395833	-0.105985	699400.000000
67.500000	-0.115615	699600.000000
67.604167	-0.118525	699800.000000
67.708333	-0.113189	700000.000000
