0.000000	-0.099444	570000.000000
0.104167	-0.098484	570200.000000
0.208333	-0.099092	570400.000000
0.312500	-0.098855	570600.000000
0.416667	-0.098149	570800.000000
0.520833	-0.098610	571000.000000
0.625000	-0.098955	571200.000000
0.729167	-0.098205	571400.000000
0.833333	-0.098727	571600.000000
0.937500	-0.099710	571800.000000
1.041667	-0.098832	572000.000000
1.145833	-0.098486	572200.000000
1.250000	-0.098818	572400.000000
1.354167	-0.098385	572600.000000
1.458333	-0.098318	572800.000000
1.562500	-0.098928	573000.000000
1.666667	-0.097917	573200.000000
1.770833	-0.098122	573400.000000
1.875000	-0.098928	573600.000000
1.979167	-0.099514	573800.000000
2.083333	-0.099093	574000.000000
2.187500	-0.099140	574200.000000
2.291667	-0.098797	574400.000000
2.395833	-0.099443	574600.000000
2.500000	-0.099163	574800.000000
2.604167	-0.099227	575000.000000
2.708333	-0.099374	575200.000000
2.812500	-0.099794	575400.000000
2.916667	-0.099267	575600.000000
3.020833	-0.098998	575800.000000
3.125000	-0.100039	576000.000000
3.229167	-0.099371	576200.000000
3.333333	-0.099522	576400.000000
3.437500	-0.099597	576600.000000
3.541667	-0.098678	576800.000000
3.645833	-0.098210	577000.000000
3.750000	-0.098630	577200.000000
3.854167	-0.098884	577400.000000
3.958333	-0.099818	577600.000000
4.062500	-0.099883	577800.000000
4.166667	-0.099505	578000.000000
4.270833	-0.099294	578200.000000
4.375000	-0.099595	578400.000000
4.479167	-0.099277	578600.000000
4.583333	-0.099019	578800.000000
4.687500	-0.098990	579000.000000
4.791667	-0.098956	579200.000000
4.895833	-0.099514	579400.000000
5.000000	-0.099468	579600.000000
5.104167	-0.099131	579800.000000
5.208333	-0.098800	580000.000000
5.312500	-0.099088	580200.000000
5.416667	-0.098772	580400.000000
5.520833	-0.098377	580600.000000
5.625000	-0.098035	580800.000000
5.729167	-0.099199	581000.000000
5.833333	-0.099070	581200.000000
5.937500	-0.098254	581400.000000
6.041667	-0.098774	581600.000000
6.145833	-0.099172	581800.000000
6.250000	-0.099521	582000.000000
6.354167	-0.099059	582200.000000
6.458333	-0.098822	582400.000000
6.562500	-0.098715	582600.000000
6.666667	-0.098274	582800.000000
6.770833	-0.099361	583000.000000
6.875000	-0.099728	583200.000000
6.979167	-0.097701	583400.000000
7.083333	-0.098940	583600.000000
7.187500	-0.098940	583800.000000
7.291667	-0.098307	584000.000000
7.395833	-0.098887	584200.000000
7.500000	-0.099064	584400.000000
7.604167	-0.099241	584600.000000
7.708333	-0.098212	584800.000000
7.812500	-0.098683	585000.000000
7.916667	-0.097934	585200.000000
8.020833	-0.098368	585400.000000
8.125000	-0.098028	585600.000000
8.229167	-0.098530	585800.000000
8.333333	-0.098004	586000.000000
8.437500	-0.097754	586200.000000
8.541667	-0.097252	586400.000000
8.645833	-0.096357	586600.000000
8.750000	-0.097375	586800.000000
8.854167	-0.097115	587000.000000
8.958333	-0.096855	587200.000000
9.062500	-0.096361	587400.000000
9.166667	-0.095499	587600.000000
9.270833	-0.095506	587800.000000
9.375000	-0.094411	588000.000000
9.479167	-0.093588	588200.000000
9.583333	-0.094208	588400.000000
9.687500	-0.092829	588600.000000
9.791667	-0.092390	588800.000000
9.895833	-0.092454	589000.000000
10.000000	-0.091517	589200.000000
10.104167	-0.091102	589400.000000
10.208333	-0.089819	589600.000000
10.312500	-0.089136	589800.000000
10.416667	-0.088285	590000.000000
10.520833	-0.087025	590200.000000
10.625000	-0.085905	590400.000000
10.729167	-0.084177	590600.000000
10.833333	-0.081787	590800.000000
10.937500	-0.080052	591000.000000
11.041667	-0.077504	591200.000000
11.145833	-0.074945	591400.000000
11.250000	-0.073173	591600.000000
11.354167	-0.069207	591800.000000
11.458333	-0.066092	592000.000000
11.562500	-0.062252	592200.000000
11.666667	-0.057780	592400.000000
11.770833	-0.052540	592600.000000
11.875000	-0.045929	592800.000000
11.979167	-0.039385	593000.000000
12.083333	-0.032301	593200.000000
12.187500	-0.023432	593400.000000
12.291667	-0.013279	593600.000000
12.395833	-0.002808	593800.000000
12.500000	0.009283	594000.000000
12.604167	0.022759	594200.000000
12.708333	0.036134	594400.000000
12.812500	0.051319	594600.000000
12.916667	0.067039	594800.000000
13.020833	0.082708	595000.000000
13.125000	0.097763	595200.000000
13.229167	0.111218	595400.000000
13.333333	0.119391	595600.000000
13.437500	0.118967	595800.000000
13.541667	0.095210	596000.000000
13.645833	0.020298	596200.000000
13.750000	-0.146685	596400.000000
13.854167	-0.448619	596600.000000
13.958333	-0.880153	596800.000000
14.062500	-1.340463	597000.000000
14.166667	-1.680439	597200.000000
14.270833	-1.735123	597400.000000
14.375000	-1.479783	597600.000000
14.479167	-1.008775	597800.000000
14.583333	-0.506799	598000.000000
14.687500	-0.098050	598200.000000
14.791667	0.161947	598400.000000
14.895833	0.275100	598600.000000
15.000000	0.285211	598800.000000
15.104167	0.255019	599000.000000
15.208333	0.218957	599200.000000
15.312500	0.190728	599400.000000
15.416667	0.168588	599600.000000
15.520833	0.154353	599800.000000
15.625000	0.159394	600000.000000
15.729167	0.193039	600200.000000
15.833333	0.242731	600400.000000
15.937500	0.272786	600600.000000
16.041667	0.248765	600800.000000
16.145833	0.174495	601000.000000
16.250000	0.084060	601200.000000
16.354167	0.024564	601400.000000
16.458333	0.008586	601600.000000
16.562500	0.022928	601800.000000
16.666667	0.042506	602000.000000
16.770833	0.055801	602200.000000
16.875000	0.057188	602400.000000
16.979167	0.043133	602600.000000
17.083333	0.013889	602800.000000
17.187500	-0.023380	603000.000000
17.291667	-0.059415	603200.000000
17.395833	-0.079420	603400.000000
17.500000	-0.070094	603600.000000
17.604167	-0.033869	603800.000000
17.708333	0.003629	604000.000000
17.812500	0.014333	604200.000000
17.916667	-0.014570	604400.000000
18.020833	-0.063928	604600.000000
18.125000	-0.100715	604800.000000
18.229167	-0.104260	605000.000000
18.333333	-0.085906	605200.000000
18.437500	-0.073031	605400.000000
18.541667	-0.080725	605600.000000
18.645833	-0.103615	605800.000000
18.750000	-0.127199	606000.000000
18.854167	-0.138597	606200.000000
18.958333	-0.135356	606400.000000
19.062500	-0.120806	606600.000000
19.166667	-0.102412	606800.000000
19.270833	-0.084174	607000.000000
19.375000	-0.068989	607200.000000
19.479167	-0.053758	607400.000000
19.583333	-0.047477	607600.000000
19.687500	-0.055497	607800.000000
19.791667	-0.071030	608000.000000
19.895833	-0.088916	608200.000000
20.000000	-0.105983	608400.000000
20.104167	-0.121104	608600.000000
20.208333	-0.130486	608800.000000
20.312500	-0.128902	609000.000000
20.416667	-0.116826	609200.000000
20.520833	-0.102725	609400.000000
20.625000	-0.094153	609600.000000
20.729167	-0.098304	609800.000000
20.833333	-0.110747	610000.000000
20.937500	-0.119271	610200.000000
21.041667	-0.120289	610400.000000
21.145833	-0.114146	610600.000000
21.250000	-0.104564	610800.000000
21.354167	-0.096796	611000.000000
21.458333	-0.098236	611200.000000
21.562500	-0.110043	611400.000000
21.666667	-0.126946	611600.000000
21.770833	-0.141392	611800.000000
21.875000	-0.148667	612000.000000
21.979167	-0.150751	612200.000000
22.083333	-0.150782	612400.000000
22.187500	-0.151279	612600.000000
22.291667	-0.152274	612800.000000
22.395833	-0.150234	613000.000000
22.500000	-0.143626	613200.000000
22.604167	-0.141407	613400.000000
22.708333	-0.145806	613600.000000
22.812500	-0.152452	613800.000000
22.916667	-0.152132	614000.000000
23.020833	-0.140045	614200.000000
23.125000	-0.116373	614400.000000
23.229167	-0.087036	614600.000000
23.333333	-0.064088	614800.000000
23.437500	-0.059053	615000.000000
23.541667	-0.076857	615200.000000
23.645833	-0.107609	615400.000000
23.750000	-0.134824	615600.000000
23.854167	-0.146340	615800.000000
23.958333	-0.144683	616000.000000
24.062500	-0.133660	616200.000000
24.166667	-0.118064	616400.000000
24.270833	-0.102975	616600.000000
24.375000	-0.092913	616800.000000
24.479167	-0.090025	617000.000000
24.583333	-0.089149	617200.000000
24.687500	-0.086752	617400.000000
24.791667	-0.081929	617600.000000
24.895833	-0.075714	617800.000000
25.000000	-0.068364	618000.000000
25.104167	-0.064920	618200.000000
25.208333	-0.066517	618400.000000
25.312500	-0.073745	618600.000000
25.416667	-0.086428	618800.000000
25.520833	-0.103949	619000.000000
25.625000	-0.123428	619200.000000
25.729167	-0.139057	619400.000000
25.833333	-0.144971	619600.000000
25.937500	-0.132830	619800.000000
26.041667	-0.106986	620000.000000
26.145833	-0.077203	620200.000000
26.250000	-0.058967	620400.000000
26.354167	-0.065751	620600.000000
26.458333	-0.092288	620800.000000
26.562500	-0.121071	621000.000000
26.666667	-0.133701	621200.000000
26.770833	-0.121282	621400.000000
26.875000	-0.095573	621600.000000
26.979167	-0.075193	621800.000000
27.083333	-0.074011	622000.000000
27.187500	-0.091536	622200.000000
27.291667	-0.114659	622400.000000
27.395833	-0.132194	622600.000000
27.500000	-0.139954	622800.000000
27.604167	-0.140088	623000.000000
27.708333	-0.135415	623200.000000
27.812500	-0.125866	623400.000000
27.916667	-0.111923	623600.000000
28.020833	-0.103392	623800.000000
28.125000	-0.108074	624000.000000
28.229167	-0.122992	624200.000000
28.333333	-0.135773	624400.000000
28.437500	-0.132436	624600.000000
28.541667	-0.110562	624800.000000
28.645833	-0.083637	625000.000000
28.750000	-0.069826	625200.000000
28.854167	-0.077125	625400.000000
28.958333	-0.097768	625600.000000
29.062500	-0.120020	625800.000000
29.166667	-0.140649	626000.000000
29.270833	-0.158294	626200.000000
29.375000	-0.166115	626400.000000
29.479167	-0.155301	626600.000000
29.583333	-0.126971	626800.000000
29.687500	-0.094935	627000.000000
29.791667	-0.078226	627200.000000
29.895833	-0.085758	627400.000000
30.000000	-0.108493	627600.000000
30.104167	-0.125212	627800.000000
30.208333	-0.119111	628000.000000
30.312500	-0.091266	628200.000000
30.416667	-0.060836	628400.000000
30.520833	-0.047976	628600.000000
30.625000	-0.063156	628800.000000
30.729167	-0.094801	629000.000000
30.833333	-0.126072	629200.000000
30.937500	-0.146541	629400.000000
31.041667	-0.150412	629600.000000
31.145833	-0.135011	629800.000000
31.250000	-0.106605	630000.000000
31.354167	-0.081251	630200.000000
31.458333	-0.069523	630400.000000
31.562500	-0.071192	630600.000000
31.666667	-0.081463	630800.000000
31.770833	-0.095492	631000.000000
31.875000	-0.104088	631200.000000
31.979167	-0.104547	631400.000000
32.083333	-0.092564	631600.000000
32.187500	-0.071566	631800.000000
32.291667	-0.054000	632000.000000
32.395833	-0.050057	632200.000000
32.500000	-0.061566	632400.000000
32.604167	-0.080748	632600.000000
32.708333	-0.099974	632800.000000
32.812500	-0.109283	633000.000000
32.916667	-0.110228	633200.000000
33.020833	-0.104382	633400.000000
33.125000	-0.094802	633600.000000
33.229167	-0.085830	633800.000000
33.333333	-0.082250	634000.000000
33.437500	-0.086935	634200.000000
33.541667	-0.096481	634400.000000
33.645833	-0.104022	634600.000000
33.750000	-0.098327	634800.000000
33.854167	-0.078889	635000.000000
33.958333	-0.057803	635200.000000
34.062500	-0.046773	635400.000000
34.166667	-0.052581	635600.000000
34.270833	-0.069986	635800.000000
34.375000	-0.087478	636000.000000
34.479167	-0.099887	636200.000000
34.583333	-0.106392	636400.000000
34.687500	-0.106846	636600.000000
34.791667	-0.104164	636800.000000
34.895833	-0.101075	637000.000000
35.000000	-0.099866	637200.000000
35.104167	-0.100183	637400.000000
35.208333	-0.096646	637600.000000
35.312500	-0.086496	637800.000000
35.416667	-0.074265	638000.000000
35.520833	-0.065262	638200.000000
35.625000	-0.063374	638400.000000
35.729167	-0.071583	638600.000000
35.833333	-0.083473	638800.000000
35.937500	-0.090617	639000.000000
36.041667	-0.094800	639200.000000
36.145833	-0.097447	639400.000000
36.250000	-0.101172	639600.000000
36.354167	-0.104819	639800.000000
36.458333	-0.106434	640000.000000
36.562500	-0.103153	640200.000000
36.666667	-0.097210	640400.000000
36.770833	-0.091857	640600.000000
36.875000	-0.092945	640800.000000
36.979167	-0.096591	641000.000000
37.083333	-0.098553	641200.000000
37.187500	-0.096855	641400.000000
37.291667	-0.089584	641600.000000
37.395833	-0.081936	641800.000000
37.500000	-0.077432	642000.000000
37.604167	-0.079383	642200.000000
37.708333	-0.087133	642400.000000
37.812500	-0.092478	642600.000000
37.916667	-0.093614	642800.000000
38.020833	-0.092116	643000.000000
38.125000	-0.090015	643200.000000
38.229167	-0.091469	643400.000000
38.333333	-0.095463	643600.000000
38.437500	-0.103285	643800.000000
38.541667	-0.110162	644000.000000
38.645833	-0.113892	644200.000000
38.750000	-0.112897	644400.000000
38.854167	-0.106936	644600.000000
38.958333	-0.094173	644800.000000
39.062500	-0.079340	645000.000000
39.166667	-0.069713	645200.000000
39.270833	-0.072429	645400.000000
39.375000	-0.081933	645600.000000
39.479167	-0.090716	645800.000000
39.583333	-0.090071	646000.000000
39.687500	-0.084933	646200.000000
39.791667	-0.087047	646400.000000
39.895833	-0.100257	646600.000000
40.000000	-0.116911	646800.000000
40.104167	-0.127781	647000.000000
40.208333	-0.128488	647200.000000
40.312500	-0.122866	647400.000000
40.416667	-0.113132	647600.000000
40.520833	-0.102976	647800.000000
40.625000	-0.092312	648000.000000
40.729167	-0.083545	648200.000000
40.833333	-0.078242	648400.000000
40.937500	-0.078786	648600.000000
41.041667	-0.087468	648800.000000
41.145833	-0.101048	649000.000000
41.250000	-0.110364	649200.000000
41.354167	-0.111509	649400.000000
41.458333	-0.105116	649600.000000
41.562500	-0.099199	649800.000000
41.666667	-0.096827	650000.000000
41.770833	-0.102448	650200.000000
41.875000	-0.110612	650400.000000
41.979167	-0.119461	650600.000000
42.083333	-0.127735	650800.000000
42.187500	-0.126369	651000.000000
42.291667	-0.117448	651200.000000
42.395833	-0.102112	651400.000000
42.500000	-0.090350	651600.000000
42.604167	-0.088481	651800.000000
42.708333	-0.098090	652000.000000
42.812500	-0.109905	652200.000000
42.916667	-0.117531	652400.000000
43.020833	-0.117419	652600.000000
43.125000	-0.109238	652800.000000
43.229167	-0.097058	653000.000000
43.333333	-0.090621	653200.000000
43.437500	-0.091278	653400.000000
43.541667	-0.100335	653600.000000
43.645833	-0.113795	653800.000000
43.750000	-0.125912	654000.000000
43.854167	-0.132480	654200.000000
43.958333	-0.132976	654400.000000
44.062500	-0.124203	654600.000000
44.166667	-0.113650	654800.000000
44.270833	-0.103496	655000.000000
44.375000	-0.095391	655200.000000
44.479167	-0.090610	655400.000000
44.583333	-0.085363	655600.000000
44.687500	-0.083738	655800.000000
44.791667	-0.086482	656000.000000
44.895833	-0.092406	656200.000000
45.000000	-0.095657	656400.000000
45.104167	-0.098258	656600.000000
45.208333	-0.100937	656800.000000
45.312500	-0.105147	657000.000000
45.416667	-0.111939	657200.000000
45.520833	-0.117454	657400.000000
45.625000	-0.118188	657600.000000
45.729167	-0.115705	657800.000000
45.833333	-0.107299	658000.000000
45.937500	-0.097020	658200.000000
46.041667	-0.089543	658400.000000
46.145833	-0.086921	658600.000000
46.250000	-0.085291	658800.000000
46.354167	-0.085967	659000.000000
46.458333	-0.088428	659200.000000
46.562500	-0.090449	659400.000000
46.666667	-0.092241	659600.000000
46.770833	-0.093175	659800.000000
46.875000	-0.093631	660000.000000
46.979167	-0.096703	660200.000000
47.083333	-0.102512	660400.000000
47.187500	-0.104579	660600.000000
47.291667	-0.101393	660800.000000
47.395833	-0.093408	661000.000000
47.500000	-0.090175	661200.000000
47.604167	-0.093614	661400.000000
47.708333	-0.099651	661600.000000
47.812500	-0.101500	661800.000000
47.916667	-0.096298	662000.000000
48.020833	-0.088931	662200.000000
48.125000	-0.083982	662400.000000
48.229167	-0.083524	662600.000000
48.333333	-0.084998	662800.000000
48.437500	-0.087286	663000.000000
48.541667	-0.088304	663200.000000
48.645833	-0.087787	663400.000000
48.750000	-0.086242	663600.000000
48.854167	-0.087752	663800.000000
48.958333	-0.093364	664000.000000
49.062500	-0.099647	664200.000000
49.166667	-0.106895	664400.000000
49.270833	-0.113087	664600.000000
49.375000	-0.115172	664800.000000
49.479167	-0.111582	665000.000000
49.583333	-0.102892	665200.000000
49.687500	-0.089089	665400.000000
49.791667	-0.078346	665600.000000
49.895833	-0.075275	665800.000000
50.000000	-0.077029	666000.000000
50.104167	-0.083933	666200.000000
50.208333	-0.090269	666400.000000
50.312500	-0.092020	666600.000000
50.416667	-0.091652	666800.000000
50.520833	-0.092594	667000.000000
50.625000	-0.097121	667200.000000
50.729167	-0.103535	667400.000000
50.833333	-0.107435	667600.000000
50.937500	-0.107389	667800.000000
51.041667	-0.106021	668000.000000
51.145833	-0.106747	668200.000000
51.250000	-0.105405	668400.000000
51.354167	-0.100825	668600.000000
51.458333	-0.092297	668800.000000
51.562500	-0.081585	669000.000000
51.666667	-0.076819	669200.000000
51.770833	-0.080903	669400.000000
51.875000	-0.090664	669600.000000
51.979167	-0.100797	669800.000000
52.083333	-0.106260	670000.000000
52.187500	-0.105129	670200.000000
52.291667	-0.101051	670400.000000
52.395833	-0.097730	670600.000000
52.500000	-0.095882	670800.000000
52.604167	-0.097984	671000.000000
52.708333	-0.100523	671200.000000
52.812500	-0.102306	671400.000000
52.916667	-0.104516	671600.000000
53.020833	-0.107920	671800.000000
53.125000	-0.108804	672000.000000
53.229167	-0.107698	672200.000000
53.333333	-0.103396	672400.000000
53.437500	-0.099446	672600.000000
53.541667	-0.094641	672800.000000
53.645833	-0.090817	673000.000000
53.750000	-0.087683	673200.000000
53.854167	-0.088496	673400.000000
53.958333	-0.092780	673600.000000
54.062500	-0.097387	673800.000000
54.166667	-0.101991	674000.000000
54.270833	-0.105491	674200.000000
54.375000	-0.105875	674400.000000
54.479167	-0.106781	674600.000000
54.583333	-0.104786	674800.000000
54.687500	-0.103654	675000.000000
54.791667	-0.107026	675200.000000
54.895833	-0.111796	675400.000000
55.000000	-0.115096	675600.000000
55.104167	-0.110726	675800.000000
55.208333	-0.100870	676000.000000
55.312500	-0.090848	676200.000000
55.416667	-0.087939	676400.000000
55.520833	-0.093202	676600.000000
55.625000	-0.101299	676800.000000
55.729167	-0.111620	677000.000000
55.833333	-0.116731	677200.000000
55.937500	-0.120176	677400.000000
56.041667	-0.120269	677600.000000
56.145833	-0.118448	677800.000000
56.250000	-0.112886	678000.000000
56.354167	-0.106767	678200.000000
56.458333	-0.102868	678400.000000
56.562500	-0.103237	678600.000000
56.666667	-0.103783	678800.000000
56.770833	-0.104014	679000.000000
56.875000	-0.099674	679200.000000
56.979167	-0.093821	679400.000000
57.083333	-0.088024	679600.000000
57.187500	-0.085532	679800.000000
57.291667	-0.086598	680000.000000
57.395833	-0.091365	680200.000000
57.500000	-0.097528	680400.000000
57.604167	-0.102884	680600.000000
57.708333	-0.101675	680800.000000
57.812500	-0.095753	681000.000000
57.916667	-0.089302	681200.000000
58.020833	-0.085008	681400.000000
58.125000	-0.087548	681600.000000
58.229167	-0.096960	681800.000000
58.333333	-0.108049	682000.000000
58.437500	-0.113973	682200.000000
58.541667	-0.111277	682400.000000
58.645833	-0.101700	682600.000000
58.750000	-0.088819	682800.000000
58.854167	-0.080909	683000.000000
58.958333	-0.078057	683200.000000
59.062500	-0.082027	683400.000000
59.166667	-0.090355	683600.000000
59.270833	-0.097392	683800.000000
59.375000	-0.100935	684000.000000
59.479167	-0.098076	684200.000000
59.583333	-0.093756	684400.000000
59.687500	-0.091650	684600.000000
59.791667	-0.094522	684800.000000
59.895833	-0.103352	685000.000000
60.000000	-0.111858	685200.000000
60.104167	-0.117906	685400.000000
60.208333	-0.117218	685600.000000
60.312500	-0.109521	685800.000000
60.416667	-0.101029	686000.000000
60.520833	-0.092017	686200.000000
60.625000	-0.086581	686400.000000
60.729167	-0.087294	686600.000000
60.833333	-0.091637	686800.000000
60.937500	-0.097191	687000.000000
61.041667	-0.104975	687200.000000
61.145833	-0.112565	687400.000000
61.250000	-0.117873	687600.000000
61.354167	-0.119599	687800.000000
61.458333	-0.119824	688000.000000
61.562500	-0.118170	688200.000000
61.666667	-0.117108	688400.000000
61.770833	-0.117364	688600.000000
61.875000	-0.118580	688800.000000
61.979167	-0.118363	689000.000000
62.083333	-0.115990	689200.000000
62.187500	-0.110604	689400.000000
62.291667	-0.107423	689600.000000
62.395833	-0.103455	689800.000000
62.500000	-0.101509	690000.000000
62.604167	-0.099571	690200.000000
62.708333	-0.095500	690400.000000
62.812500	-0.090824	690600.000000
62.916667	-0.088069	690800.000000
63.020833	-0.085892	691000.000000
63.125000	-0.085899	691200.000000
63.229167	-0.087273	691400.000000
63.333333	-0.086678	691600.000000
63.437500	-0.083546	691800.000000
63.541667	-0.079640	692000.000000
63.645833	-0.076034	692200.000000
63.750000	-0.075265	692400.000000
63.854167	-0.077503	692600.000000
63.958333	-0.080906	692800.000000
64.062500	-0.083456	693000.000000
64.166667	-0.082937	693200.000000
64.270833	-0.080334	693400.000000
64.375000	-0.074844	693600.000000
64.479167	-0.071029	693800.000000
64.583333	-0.069877	694000.000000
64.687500	-0.073454	694200.000000
64.791667	-0.081827	694400.000000
64.895833	-0.092240	694600.000000
65.000000	-0.099709	694800.000000
65.104167	-0.103897	695000.000000
65.208333	-0.103508	695200.000000
65.312500	-0.101890	695400.000000
65.416667	-0.102317	695600.000000
65.520833	-0.101179	695800.000000
65.625000	-0.102380	696000.000000
65.729167	-0.102385	696200.000000
65.833333	-0.100120	696400.000000
65.937500	-0.094074	696600.000000
66.041667	-0.087939	696800.000000
66.145833	-0.082895	697000.000000
66.250000	-0.081350	697200.000000
66.354167	-0.085689	697400.000000
66.458333	-0.092438	697600.000000
66.562500	-0.098693	697800.000000
66.666667	-0.102034	698000.000000
66.770833	-0.103691	698200.000000
66.875000	-0.101470	698400.000000
66.979167	-0.097057	698600.000000
67.083333	-0.093803	698800.000000
67.187500	-0.092960	699000.000000
67.291667	-0.096885	699200.000000
67.395833	-0.102899	699400.000000
67.500000	-0.107757	699600.000000
67.604167	-0.109865	699800.000000
67.708333	-0.107096	700000.000000
